60
3.62004054445e-05
0.0
3.62004054445e-05
3.62004054445e-05
0.000289603243556
0.000470605270779
0.001629018245
0.00401824500434
0.00854329568491
0.0139733565016
0.0181726035332
0.0225890529974
0.0272227048943
0.0253764842166
0.0188966116421
0.00832609325224
0.00347523892268
0.00148421662323
0.00079640891978
0.000615406892557
0.000253402838112
0.00039820445989
0.00119461337967
0.00253402838112
0.00937590501014
0.0237112655662
0.0587894584419
0.106791196061
0.148638864755
0.149073269621
0.124239791486
0.083224732117
0.0498117578917
0.0240732696206
0.00977410947003
0.00336663770634
0.00170141905589
0.000543006081668
0.000289603243556
0.000217202432667
3.62004054445e-05
0.000181002027223
0.000181002027223
0.000615406892557
0.000941210541558
0.00148421662323
0.00220822473212
0.00445264986968
0.00571966406024
0.00738488271069
0.00839849406313
0.00713147987257
0.00434404865334
0.00191862148856
0.000543006081668
0.000325803649001
0.000144801621778
0.0
0.0
0.0
