60
7.24008108891e-05
0.0
3.62004054445e-05
7.24008108891e-05
0.000289603243556
0.000977410947003
0.00488705473501
0.0247248769186
0.0900304083406
0.221293078482
0.30212858384
0.21622502172
0.092347234289
0.0280191138141
0.00792788879235
0.00123081378511
0.000253402838112
3.62004054445e-05
0.0
3.62004054445e-05
0.0
0.0
0.0
0.0
0.0
0.0
0.0
0.0
0.0
0.0
0.0
0.0
0.0
0.0
0.0
0.0
0.0
0.0
0.0
0.0
0.0
0.0
0.0
0.0
7.24008108891e-05
0.000144801621778
0.000434404865334
0.000941210541558
0.000977410947003
0.00137561540689
0.00152041702867
0.00170141905589
0.00101361135245
0.000687807703446
0.000289603243556
0.000108601216334
0.000108601216334
0.0
3.62004054445e-05
0.0
