60
0.0
0.0
0.0
0.0
0.0
0.0
0.0
0.0
0.0
0.0
0.0
0.0
0.0
0.0
0.0
0.0
0.0
0.0
0.0
0.0
0.0
0.0
3.62004054445e-05
0.0
0.000325803649001
0.00173761946134
0.0111859252824
0.049594555459
0.142412395019
0.250615406893
0.257493483927
0.160947002606
0.0687807703446
0.0232768607008
0.00789168838691
0.00564726324935
0.00586446568202
0.00340283811179
0.00231682594845
0.001303214596
0.000543006081668
0.00079640891978
0.000325803649001
0.000434404865334
0.000615406892557
0.00079640891978
0.000543006081668
0.00104981175789
0.00101361135245
0.000615406892557
0.00039820445989
3.62004054445e-05
0.0
0.0
0.0
0.0
0.0
0.0
0.0
0.0
