60
3.62004054445e-05
0.0
0.0
3.62004054445e-05
0.000181002027223
0.000325803649001
0.00195482189401
0.00655227338546
0.0114393281205
0.0114755285259
0.00691427743991
0.00362004054445
0.0023530263539
0.00104981175789
0.000543006081668
0.000108601216334
0.0
0.0
0.0
0.0
0.0
0.0
0.0
0.0
0.0
0.0
0.0
0.0
3.62004054445e-05
3.62004054445e-05
0.0
0.000181002027223
0.000253402838112
0.000217202432667
7.24008108891e-05
3.62004054445e-05
0.0
3.62004054445e-05
0.000108601216334
0.0
0.0
0.0
3.62004054445e-05
7.24008108891e-05
0.000651607298002
0.00257022878656
0.00800028960324
0.0296843324645
0.0963292788879
0.207030118737
0.255900666087
0.20112945265
0.100637127136
0.0347523892268
0.0117651317695
0.00278743121923
0.000868809730669
0.000108601216334
7.24008108891e-05
3.62004054445e-05
