60
7.24008108891e-05
0.0
3.62004054445e-05
3.62004054445e-05
0.000217202432667
0.00079640891978
0.00249782797567
0.00865189690125
0.0194758181292
0.0322907616565
0.0431146828844
0.0369244135534
0.0258470894874
0.0134665508254
0.00622646973646
0.00144801621778
0.000651607298002
0.0
0.0
0.0
0.0
0.0
0.0
0.0
0.0
7.24008108891e-05
0.000470605270779
0.000977410947003
0.00354763973357
0.00709527946713
0.0108963220388
0.0124167390675
0.0105705183898
0.00695047784535
0.00325803649001
0.00144801621778
0.000579206487113
0.000108601216334
0.000144801621778
0.000108601216334
0.0
0.0
0.000181002027223
0.000181002027223
0.000977410947003
0.00416304662612
0.0127425427165
0.0343541847669
0.0821749203591
0.150521285838
0.184947871416
0.151715899218
0.0811613090067
0.0331233709818
0.00970170865914
0.0026788300029
0.000760208514335
0.000217202432667
0.0
0.0
