60
0.0
0.0
0.0
0.0
0.0
0.0
0.00039820445989
0.00789168838691
0.0432232841008
0.135353315957
0.197907616565
0.145308427454
0.0646177237185
0.0226976542137
0.00647987257457
0.00181002027223
0.000325803649001
7.24008108891e-05
7.24008108891e-05
3.62004054445e-05
7.24008108891e-05
0.0
3.62004054445e-05
0.000108601216334
0.000325803649001
0.00177381986678
0.00434404865334
0.0120909354185
0.0236026643498
0.0431146828844
0.0627353026354
0.0738126267014
0.0682015638575
0.0471691282942
0.0238922675934
0.00847089487402
0.00296843324645
0.00079640891978
7.24008108891e-05
3.62004054445e-05
3.62004054445e-05
0.0
0.0
3.62004054445e-05
3.62004054445e-05
0.0
0.0
3.62004054445e-05
0.0
0.0
3.62004054445e-05
0.0
0.0
0.0
0.0
0.0
0.0
0.0
0.0
0.0
