60
0.0
0.0
0.0
0.0
0.0
0.0
3.62004054445e-05
7.24008108891e-05
0.000181002027223
0.000543006081668
0.00119461337967
0.000724008108891
0.00112221256878
0.000905010136114
0.000615406892557
0.00039820445989
7.24008108891e-05
7.24008108891e-05
0.000144801621778
0.0
0.0
0.0
3.62004054445e-05
0.0
0.0
0.000253402838112
0.000506805676224
0.00213582392123
0.00876049811758
0.0289965247611
0.071495800753
0.109578627281
0.109795829713
0.0708079930495
0.0346437880104
0.0108239212279
0.00362004054445
0.00126701419056
0.00039820445989
7.24008108891e-05
7.24008108891e-05
0.000181002027223
7.24008108891e-05
0.000470605270779
0.00206342311034
0.00655227338546
0.0262452939473
0.0666449464234
0.119787141616
0.148059658268
0.105270779033
0.0469519258616
0.0141905589343
0.00340283811179
0.000687807703446
7.24008108891e-05
0.0
0.0
0.0
0.0
