60
0.0
0.0
0.0
0.0
0.0
0.0
0.0
0.0
0.0
0.0
0.0
0.0
0.0
0.0
0.0
0.0
0.0
0.0
0.0
0.0
0.0
0.0
0.0
0.0
7.24008108891e-05
0.000325803649001
0.00123081378511
0.0131045467709
0.0532145960035
0.159136982334
0.265204170287
0.24514914567
0.12985085433
0.0423906747756
0.0112221256878
0.00285983203012
0.00126701419056
0.000470605270779
0.000506805676224
0.000181002027223
0.000108601216334
0.000108601216334
0.0
0.0
0.000108601216334
0.000506805676224
0.00177381986678
0.00550246162757
0.0116203301477
0.0198740225891
0.0190776136693
0.0106429192007
0.0036562409499
0.000760208514335
3.62004054445e-05
3.62004054445e-05
0.0
0.0
0.0
0.0
