60
0.0
0.0
0.0
0.0
0.0
0.0
7.24008108891e-05
0.0
3.62004054445e-05
0.0
0.0
0.0
0.0
0.0
0.0
0.0
0.0
0.0
0.0
0.0
0.0
0.0
0.0
0.0
0.0
0.0
0.0
0.000941210541558
0.00470605270779
0.0154575731248
0.0388068346365
0.0654503330437
0.0725818129163
0.0559658268173
0.0312047494932
0.014335360556
0.00629887054735
0.00260642919201
0.000724008108891
0.000543006081668
0.000325803649001
0.000289603243556
7.24008108891e-05
0.000217202432667
0.000181002027223
0.000905010136114
0.00242542716478
0.00745728352158
0.026136692731
0.0752606429192
0.14820445989
0.191898349262
0.146684042861
0.0680205618303
0.0178830002896
0.00358384013901
0.000651607298002
7.24008108891e-05
0.0
0.0
