60
0.0
0.0
0.0
0.0
0.0
0.000108601216334
0.0
7.24008108891e-05
0.000108601216334
0.0
3.62004054445e-05
7.24008108891e-05
7.24008108891e-05
0.000144801621778
0.000144801621778
0.000362004054445
0.000253402838112
3.62004054445e-05
0.0
0.0
0.0
0.0
0.0
0.0
0.0
7.24008108891e-05
0.000144801621778
0.000760208514335
0.00246162757023
0.00481465392412
0.00564726324935
0.00604546770924
0.0043078482479
0.00416304662612
0.00383724297712
0.00289603243556
0.00202722270489
0.00137561540689
0.00115841297423
0.000905010136114
0.000905010136114
0.00144801621778
0.00285983203012
0.00647987257457
0.0151679698813
0.0351505936866
0.0772516652187
0.148638864755
0.201998262381
0.190052128584
0.143426006371
0.08224732117
0.0380466261222
0.0109325224443
0.00282363162467
0.000470605270779
7.24008108891e-05
0.0
0.0
0.0
