60
0.0
0.0
0.0
0.0
0.0
0.0
0.0
3.62004054445e-05
0.000615406892557
0.0030046336519
0.00876049811758
0.0150231682595
0.0178467998842
0.0154213727194
0.00705907906169
0.0023530263539
0.000941210541558
0.000181002027223
7.24008108891e-05
0.0
7.24008108891e-05
0.0
7.24008108891e-05
0.000108601216334
0.000325803649001
0.00202722270489
0.00705907906169
0.0203808282653
0.052852591949
0.0951708659137
0.114755285259
0.104872574573
0.0682739646684
0.0399290472053
0.0188242108312
0.00832609325224
0.00423544743701
0.00191862148856
0.00101361135245
0.000253402838112
0.000579206487113
0.000832609325224
0.001303214596
0.00673327541268
0.0190776136693
0.0501375615407
0.0897046046916
0.104981175789
0.0730162177816
0.0316029539531
0.00843469446858
0.00137561540689
0.000325803649001
0.000108601216334
0.0
0.0
0.0
0.0
0.0
0.0
