60
0.0
0.0
0.0
0.0
0.0
0.0
0.0
0.0
0.0
0.0
0.000181002027223
0.00079640891978
0.00362004054445
0.00600926730379
0.00611786852013
0.0030046336519
0.00119461337967
0.000181002027223
0.000108601216334
3.62004054445e-05
0.0
0.0
0.0
0.0
0.0
0.0
0.0
0.0
3.62004054445e-05
0.000144801621778
0.000289603243556
0.000579206487113
0.00115841297423
0.00144801621778
0.00148421662323
0.00104981175789
0.000760208514335
0.000325803649001
0.000217202432667
0.000181002027223
0.000253402838112
0.000579206487113
0.00123081378511
0.00166521865045
0.0059368664929
0.0135027512308
0.0331595713872
0.0682015638575
0.136041123661
0.207464523603
0.231899797278
0.165834057341
0.0771068635969
0.0228424558355
0.0046336518969
0.000687807703446
3.62004054445e-05
0.0
0.0
0.0
