60
0.0
0.0
0.0
0.0
0.0
0.000144801621778
0.0
0.000108601216334
3.62004054445e-05
7.24008108891e-05
0.0
0.0
3.62004054445e-05
0.0
0.0
0.0
0.0
0.0
0.0
0.0
0.0
0.0
0.0
0.0
0.0
0.0
0.0
0.0
0.0
0.0
0.0
0.0
0.0
0.0
0.0
0.0
0.0
0.0
0.0
0.0
0.0
0.0
7.24008108891e-05
7.24008108891e-05
0.000832609325224
0.00401824500434
0.0179916015059
0.0560744280336
0.140276571098
0.23816246742
0.257240081089
0.176513176948
0.0771792644078
0.0231320590791
0.00597306689835
0.00159281783956
0.000181002027223
0.000144801621778
7.24008108891e-05
7.24008108891e-05
