60
0.0
0.0
3.62004054445e-05
0.0
0.000108601216334
0.000253402838112
0.000362004054445
0.000687807703446
0.000687807703446
0.000181002027223
0.000108601216334
0.0
0.0
0.0
0.0
0.0
0.0
0.0
0.0
0.0
0.0
0.0
0.0
0.0
0.0
0.0
0.0
0.0
0.0
0.0
0.0
0.0
0.0
0.0
0.0
0.0
0.0
0.0
0.0
0.0
0.0
0.0
0.0
7.24008108891e-05
0.000144801621778
0.00148421662323
0.00553866203301
0.0231682594845
0.06595713872
0.16083840139
0.240262090935
0.240262090935
0.151534897191
0.0715682015639
0.0256660874602
0.00781928757602
0.00195482189401
0.000868809730669
0.000253402838112
0.000181002027223
