60
0.0
0.0
3.62004054445e-05
0.0
7.24008108891e-05
0.000470605270779
0.000905010136114
0.00289603243556
0.00847089487402
0.0197292209673
0.0327975673328
0.0354763973357
0.0316391543585
0.0169779901535
0.00626267014191
0.00152041702867
0.000434404865334
0.000217202432667
0.000181002027223
0.0
0.0
0.0
0.0
0.0
0.000144801621778
0.000253402838112
0.00209962351578
0.00557486243846
0.015312771503
0.0354763973357
0.0532507964089
0.0601288734434
0.0505357660006
0.0329061685491
0.0157471763684
0.0066608746018
0.00340283811179
0.00152041702867
0.000615406892557
0.000289603243556
0.000470605270779
0.000615406892557
0.00112221256878
0.00304083405734
0.00727628149435
0.0196568201564
0.0496307558645
0.092347234289
0.122321169997
0.113488271069
0.0823921227918
0.0419562699102
0.0164349840718
0.0052852591949
0.00141181581234
0.000253402838112
0.000289603243556
0.0
0.0
0.0
