60
0.0
3.62004054445e-05
0.0
0.0
0.0
0.0
0.0
0.000144801621778
0.000434404865334
0.000941210541558
0.00159281783956
0.00123081378511
0.000470605270779
0.000217202432667
0.000108601216334
3.62004054445e-05
0.0
0.0
0.0
0.0
0.0
0.0
0.0
0.0
0.0
0.0
0.0
0.0
0.0
3.62004054445e-05
3.62004054445e-05
0.0
3.62004054445e-05
3.62004054445e-05
7.24008108891e-05
7.24008108891e-05
3.62004054445e-05
3.62004054445e-05
0.0
0.0
0.0
0.0
0.0
3.62004054445e-05
0.000434404865334
0.00434404865334
0.0191138140747
0.05578482479
0.0970170865914
0.135932522444
0.1848392702
0.195083984941
0.161490008688
0.0918404286128
0.0351143932812
0.0103895163626
0.00264262959745
0.000289603243556
7.24008108891e-05
0.0
