60
0.0
0.0
0.0
3.62004054445e-05
0.0
3.62004054445e-05
3.62004054445e-05
7.24008108891e-05
0.000434404865334
0.00141181581234
0.0023530263539
0.00390964378801
0.00423544743701
0.00304083405734
0.00166521865045
0.000579206487113
0.000253402838112
7.24008108891e-05
0.0
0.0
3.62004054445e-05
0.0
0.0
0.0
7.24008108891e-05
0.000181002027223
0.000253402838112
0.000832609325224
0.00209962351578
0.00387344338257
0.00716768027802
0.00847089487402
0.00919490298291
0.00876049811758
0.00669707500724
0.00423544743701
0.00271503040834
0.00112221256878
0.000615406892557
0.000325803649001
0.000144801621778
0.000253402838112
0.000615406892557
0.000543006081668
0.0026788300029
0.0089415001448
0.0300825369244
0.0819939183319
0.155842745439
0.209093541848
0.198378221836
0.138900955691
0.0685997683174
0.0227338546192
0.00514045757312
0.000977410947003
0.000253402838112
3.62004054445e-05
0.0
0.0
