60
0.0
0.0
0.0
0.0
0.0
7.24008108891e-05
0.000144801621778
7.24008108891e-05
0.000289603243556
0.000543006081668
0.001303214596
0.00412684622068
0.00640747176368
0.00832609325224
0.00622646973646
0.0026788300029
0.000832609325224
0.000253402838112
0.0
3.62004054445e-05
0.0
0.0
0.0
3.62004054445e-05
0.0
0.000108601216334
0.000144801621778
7.24008108891e-05
0.000760208514335
0.00126701419056
0.00206342311034
0.00318563567912
0.00275123081379
0.00220822473212
0.00195482189401
0.00108601216334
0.000362004054445
0.000325803649001
0.000325803649001
0.000434404865334
0.000325803649001
0.000543006081668
0.00101361135245
0.00170141905589
0.0026788300029
0.00445264986968
0.00854329568491
0.0294309296264
0.0993339125398
0.213292788879
0.278743121923
0.195590790617
0.0865551694179
0.0238922675934
0.00470605270779
0.000760208514335
3.62004054445e-05
0.0
0.0
0.0
