60
0.0
0.0
0.0
0.0
0.0
0.0
3.62004054445e-05
3.62004054445e-05
0.000108601216334
0.000470605270779
0.00108601216334
0.000941210541558
0.00112221256878
0.00039820445989
0.000362004054445
0.000108601216334
3.62004054445e-05
3.62004054445e-05
0.0
3.62004054445e-05
0.0
0.0
0.0
3.62004054445e-05
7.24008108891e-05
0.000434404865334
0.00119461337967
0.00372864176079
0.0128873443383
0.0312047494932
0.072147408051
0.124891398784
0.168078482479
0.166883869099
0.111931653635
0.0611062843904
0.023856067188
0.0101723139299
0.00325803649001
0.00101361135245
0.000470605270779
0.000506805676224
0.000615406892557
0.00115841297423
0.00372864176079
0.0120909354185
0.0296481320591
0.04926875181
0.0512959745149
0.030372140168
0.014335360556
0.00532145960035
0.0023530263539
0.000760208514335
0.000217202432667
0.000108601216334
0.0
7.24008108891e-05
0.0
0.0
