60
0.0
3.62004054445e-05
0.0
0.0
7.24008108891e-05
0.000325803649001
0.00228062554301
0.00810889081958
0.0271865044889
0.0558934260064
0.0747900376484
0.0606718795251
0.0379380249059
0.0181364031277
0.0059368664929
0.00220822473212
0.000543006081668
0.000217202432667
0.000108601216334
0.0
0.0
3.62004054445e-05
0.0
0.000108601216334
0.000181002027223
0.00039820445989
0.00152041702867
0.00376484216623
0.00868809730669
0.0173037938025
0.0289603243556
0.0371054155807
0.0397842455836
0.0366710107153
0.0300101361135
0.0201998262381
0.00984651028092
0.00586446568202
0.00376484216623
0.00184622067767
0.00141181581234
0.00104981175789
0.00199102229945
0.00275123081379
0.0110411236606
0.0318201563858
0.0634955111497
0.0948088618593
0.106284390385
0.0748262380539
0.04275267883
0.0183536055604
0.00676947581813
0.00170141905589
0.000362004054445
3.62004054445e-05
3.62004054445e-05
0.0
0.0
0.0
