60
0.000144801621778
0.000181002027223
0.000253402838112
0.000724008108891
0.00343903851723
0.0102447147408
0.0275485085433
0.0545902114104
0.0749710396756
0.0687807703446
0.0423544743701
0.0173037938025
0.00590066608746
0.00181002027223
0.000579206487113
0.000217202432667
7.24008108891e-05
0.0
3.62004054445e-05
0.0
0.0
0.0
3.62004054445e-05
3.62004054445e-05
0.0
0.000181002027223
0.000651607298002
0.00141181581234
0.00684187662902
0.0185346075876
0.0317115551694
0.0330509701709
0.0215754416449
0.00995511149725
0.00412684622068
0.00170141905589
0.000615406892557
0.000470605270779
0.000217202432667
3.62004054445e-05
0.000108601216334
7.24008108891e-05
7.24008108891e-05
0.000108601216334
7.24008108891e-05
0.000181002027223
0.00115841297423
0.00532145960035
0.0171589921807
0.0512959745149
0.105487981465
0.142412395019
0.12214016797
0.0688169707501
0.0304083405734
0.010425716768
0.00275123081379
0.00119461337967
0.000325803649001
0.000181002027223
