60
0.0
3.62004054445e-05
7.24008108891e-05
0.000253402838112
0.000724008108891
0.00246162757023
0.00767448595424
0.0200912250217
0.0383000289603
0.0592238633073
0.0651607298002
0.0576310454677
0.0389516362583
0.0211410367796
0.00745728352158
0.00249782797567
0.000832609325224
0.000144801621778
0.0
0.0
0.0
0.0
0.0
0.0
0.0
0.000217202432667
0.000362004054445
0.00209962351578
0.00890529973936
0.0295757312482
0.077034462786
0.113415870258
0.11316246742
0.0710251954822
0.0285259194903
0.0095931074428
0.00311323486823
0.000905010136114
0.000108601216334
0.000108601216334
7.24008108891e-05
0.000108601216334
0.000325803649001
0.00039820445989
0.00123081378511
0.00325803649001
0.00571966406024
0.0138285548798
0.0246524761077
0.0389878366638
0.0468071242398
0.0393860411237
0.0266434984072
0.0112221256878
0.00485085432957
0.00123081378511
0.000362004054445
3.62004054445e-05
3.62004054445e-05
3.62004054445e-05
