60
0.0
0.0
0.0
0.0
0.0
0.0
0.0
0.0
0.0
0.0
3.62004054445e-05
0.000108601216334
0.000144801621778
0.000289603243556
0.000362004054445
0.000253402838112
0.000217202432667
0.000253402838112
7.24008108891e-05
0.0
0.000217202432667
0.000108601216334
0.000687807703446
0.00170141905589
0.00582826527657
0.016615986099
0.0462279177527
0.0980306979438
0.1702143064
0.204170286707
0.185961482769
0.133398494063
0.0765638575152
0.0360918042282
0.0136475528526
0.00492325514046
0.00191862148856
0.000832609325224
0.000543006081668
7.24008108891e-05
0.000253402838112
0.0
0.000108601216334
3.62004054445e-05
3.62004054445e-05
7.24008108891e-05
0.0
0.0
0.0
0.0
0.0
0.0
0.0
0.0
0.0
0.0
0.0
0.0
0.0
0.0
