60
0.0
0.000108601216334
0.000108601216334
0.000470605270779
0.00152041702867
0.00644367216913
0.0204170286707
0.0511873732986
0.080292499276
0.0675137561541
0.0354763973357
0.0118737329858
0.00412684622068
0.000941210541558
0.000181002027223
0.0
7.24008108891e-05
0.0
0.0
0.0
0.0
3.62004054445e-05
0.0
0.0
0.000217202432667
0.000651607298002
0.00264262959745
0.0102809151462
0.0323631624674
0.0776136692731
0.121669562699
0.122393570808
0.0740660295395
0.0318563567912
0.0135027512308
0.00485085432957
0.00166521865045
0.000543006081668
0.000362004054445
0.000253402838112
0.000217202432667
3.62004054445e-05
7.24008108891e-05
7.24008108891e-05
7.24008108891e-05
0.000253402838112
0.000470605270779
0.00209962351578
0.00640747176368
0.017267593397
0.036888213148
0.0548436142485
0.0500651607298
0.0350419924703
0.014009556907
0.00445264986968
0.00144801621778
0.000470605270779
7.24008108891e-05
3.62004054445e-05
