60
0.0
0.0
0.0
0.0
3.62004054445e-05
0.0
0.000289603243556
0.000651607298002
0.000832609325224
0.00177381986678
0.00224442513756
0.00170141905589
0.00126701419056
0.000362004054445
0.000144801621778
0.0
0.0
0.0
0.0
0.0
0.0
0.0
0.0
0.0
0.0
0.0
3.62004054445e-05
0.0
0.0
7.24008108891e-05
7.24008108891e-05
7.24008108891e-05
7.24008108891e-05
0.000108601216334
0.000181002027223
3.62004054445e-05
7.24008108891e-05
0.0
0.0
0.0
7.24008108891e-05
0.000253402838112
0.00079640891978
0.0049594555459
0.0144439617724
0.0364176078772
0.0645453229076
0.092347234289
0.127570228787
0.175608166811
0.206559513467
0.15432232841
0.0781204749493
0.02646249638
0.00608166811468
0.00119461337967
0.000181002027223
3.62004054445e-05
0.0
0.0
