60
0.0
0.0
0.0
0.0
7.24008108891e-05
0.0
0.000144801621778
0.000579206487113
0.000362004054445
0.000434404865334
0.00039820445989
0.000181002027223
0.0
0.0
0.0
0.0
0.0
0.0
0.0
0.0
0.0
0.0
0.0
0.0
0.0
0.0
0.0
0.0
0.0
0.0
0.0
0.0
0.0
0.0
0.0
0.0
0.0
3.62004054445e-05
0.000217202432667
0.000325803649001
0.000506805676224
0.00137561540689
0.0043078482479
0.0113307269041
0.0208514335361
0.0405806545033
0.0645815233131
0.103026353895
0.163625832609
0.226107732407
0.200296843325
0.112691862149
0.0383724297712
0.00771068635969
0.00181002027223
7.24008108891e-05
0.0
0.0
0.0
0.0
