60
0.0
0.0
0.0
0.0
0.0
3.62004054445e-05
0.000108601216334
0.000651607298002
0.00184622067767
0.00438024905879
0.00800028960324
0.0076382855488
0.00514045757312
0.001629018245
0.00039820445989
0.0
0.0
0.0
0.0
0.0
0.0
0.0
0.0
0.0
0.0
0.0
0.0
7.24008108891e-05
0.000181002027223
0.000325803649001
0.00202722270489
0.00293223284101
0.00597306689835
0.00785548798147
0.00908630176658
0.00676947581813
0.00401824500434
0.00228062554301
0.00141181581234
0.00079640891978
0.00079640891978
0.00101361135245
0.00123081378511
0.00166521865045
0.00481465392412
0.0110049232551
0.0272589052997
0.0660295395308
0.135751520417
0.212785983203
0.218722849696
0.145851433536
0.0706993918332
0.0221184477266
0.00543006081668
0.000905010136114
0.000289603243556
3.62004054445e-05
3.62004054445e-05
0.0
