60
0.0
0.0
0.0
0.0
0.0
0.0
0.0
0.0
0.0
0.0
0.0
0.0
0.0
0.0
0.0
0.0
0.0
0.0
0.0
0.0
0.0
0.0
0.0
0.0
0.0
0.0
0.0
0.000144801621778
0.00126701419056
0.00709527946713
0.0208514335361
0.0387344338257
0.039168838691
0.0240370692152
0.00818129163047
0.00231682594845
0.000289603243556
0.000181002027223
0.0
3.62004054445e-05
0.0
0.0
0.000108601216334
0.000579206487113
0.00351143932812
0.0162539820446
0.054155806545
0.125325803649
0.197147408051
0.205039096438
0.150050680568
0.0756226469736
0.0247610773241
0.00427164784246
0.00079640891978
7.24008108891e-05
0.0
0.0
0.0
0.0
