60
0.0
0.0
3.62004054445e-05
0.000181002027223
0.00101361135245
0.00503185635679
0.0163625832609
0.0349695916594
0.0472415291051
0.0532145960035
0.0582826527657
0.0756950477845
0.0801476976542
0.0542282073559
0.0225528525919
0.00586446568202
0.00152041702867
0.000144801621778
0.0
0.0
0.0
3.62004054445e-05
0.0
0.0
0.0
0.0
0.0
0.0
0.0
0.0
0.0
0.000217202432667
0.00137561540689
0.00510425716768
0.0128873443383
0.016941789748
0.012054735013
0.00557486243846
0.00195482189401
0.000506805676224
0.000325803649001
0.000289603243556
0.000181002027223
0.000941210541558
0.00249782797567
0.00760208514335
0.0278381117869
0.0736316246742
0.131371271358
0.134339704605
0.0753692441355
0.0251954821894
0.00564726324935
0.00126701419056
0.000217202432667
3.62004054445e-05
0.000108601216334
0.0
0.0
0.0
