60
3.62004054445e-05
0.0
3.62004054445e-05
3.62004054445e-05
0.0
0.000217202432667
0.000325803649001
0.000579206487113
0.000941210541558
0.000977410947003
0.00104981175789
0.00123081378511
0.00126701419056
0.00101361135245
0.000579206487113
0.000325803649001
0.000144801621778
3.62004054445e-05
0.0
0.0
0.0
0.0
0.0
0.0
0.000108601216334
0.000289603243556
0.00318563567912
0.015638575152
0.0671517520996
0.149616275702
0.182486243846
0.125651607298
0.0580292499276
0.0354039965248
0.0254488850275
0.0142267593397
0.00514045757312
0.00155661743412
0.000362004054445
0.00039820445989
0.000144801621778
0.000724008108891
0.00181002027223
0.00314943527368
0.00825369244136
0.0162177816392
0.0263176947582
0.0403272516652
0.0596582681726
0.0636403127715
0.0507529684332
0.0244352736751
0.00778308717058
0.00249782797567
0.000651607298002
0.000144801621778
0.0
0.0
0.0
0.0
