60
0.0
0.000144801621778
0.000217202432667
0.000144801621778
0.000325803649001
0.000615406892557
0.000760208514335
0.00191862148856
0.0026788300029
0.00253402838112
0.00199102229945
0.00104981175789
0.000543006081668
7.24008108891e-05
7.24008108891e-05
3.62004054445e-05
0.0
0.0
0.0
0.0
0.0
0.0
0.0
0.0
0.0
0.0
0.000108601216334
0.000543006081668
0.000579206487113
0.00184622067767
0.00213582392123
0.00282363162467
0.00177381986678
0.00101361135245
0.000579206487113
0.000108601216334
0.0
3.62004054445e-05
0.0
0.0
0.0
0.0
0.0
3.62004054445e-05
0.000181002027223
0.00115841297423
0.00615406892557
0.0255574862438
0.0723284100782
0.147516652187
0.217274833478
0.217998841587
0.159281783956
0.0792064871127
0.0320735592239
0.0112221256878
0.00354763973357
0.00126701419056
0.000362004054445
0.000181002027223
