60
0.0
0.0
0.0
0.0
0.0
0.0
0.0
0.0
0.0
0.0
0.0
0.0
0.0
0.0
0.0
0.0
0.0
0.0
0.0
0.0
0.0
0.0
0.0
0.0
0.0
0.0
0.0
0.0
0.0
0.0
0.0
0.0
0.0
0.000108601216334
0.000181002027223
0.000325803649001
0.001629018245
0.00427164784246
0.00792788879235
0.0104981175789
0.0106067187953
0.0118013321749
0.0149507674486
0.0358746017955
0.0962206776716
0.200876049812
0.246886765132
0.176006371271
0.0894874022589
0.04275267883
0.0258470894874
0.0159281783956
0.00590066608746
0.00148421662323
0.000362004054445
7.24008108891e-05
0.0
0.0
0.0
0.0
