60
0.0
0.0
3.62004054445e-05
0.0
0.000108601216334
0.000289603243556
0.00159281783956
0.00564726324935
0.0195482189401
0.0455039096438
0.0793512887344
0.0901752099624
0.0628801042572
0.0302635389516
0.0103171155517
0.00372864176079
0.000687807703446
7.24008108891e-05
0.000144801621778
3.62004054445e-05
0.0
7.24008108891e-05
3.62004054445e-05
7.24008108891e-05
0.000289603243556
0.000941210541558
0.00372864176079
0.0099189110918
0.0229148566464
0.0432594845062
0.0708079930495
0.0838401390096
0.0771068635969
0.0586808572256
0.03623660585
0.0210324355633
0.0102809151462
0.00427164784246
0.00206342311034
0.00123081378511
0.000543006081668
0.000941210541558
0.00137561540689
0.00289603243556
0.00825369244136
0.0169779901535
0.030046336519
0.043078482479
0.0415218650449
0.0272589052997
0.0178105994787
0.0082898928468
0.0023530263539
0.00123081378511
0.000217202432667
3.62004054445e-05
0.0
0.0
0.0
0.0
