60
0.0607442803359
0.0444178974805
0.0291775267883
0.0174485954243
0.0086156964958
0.0052852591949
0.00325803649001
0.00238922675934
0.00133941500145
0.00199102229945
0.0033304373009
0.00738488271069
0.0137561540689
0.0272227048943
0.0438386909933
0.0659209383145
0.0781566753548
0.0774688676513
0.0681291630466
0.0528163915436
0.0367072111208
0.0252316825948
0.0209962351578
0.0179916015059
0.0216116420504
0.0309875470605
0.0449971039676
0.0575224442514
0.0638213147987
0.0674413553432
0.0
0.0
0.0
0.0
0.0
0.0
0.0
0.0
0.0
0.0
0.0
0.0
0.0
0.0
0.0
0.0
0.0
0.0
0.0
0.0
0.0
0.0
0.0
0.0
0.0
0.0
0.0
0.0
0.0
0.0
