60
0.0
0.0
0.0
0.000144801621778
0.000579206487113
0.00514045757312
0.031023747466
0.118664929047
0.248189979728
0.299304952215
0.196133796699
0.0758760498118
0.0171951925862
0.00329423689545
0.000832609325224
0.000181002027223
3.62004054445e-05
0.0
3.62004054445e-05
0.0
0.0
0.0
0.0
0.0
0.0
3.62004054445e-05
0.000144801621778
0.000434404865334
0.000724008108891
0.000543006081668
0.000470605270779
0.000217202432667
0.000181002027223
0.0
0.0
0.0
0.0
0.0
0.0
0.0
0.0
0.0
0.0
0.000108601216334
0.000144801621778
7.24008108891e-05
0.000144801621778
7.24008108891e-05
3.62004054445e-05
0.0
0.0
0.0
3.62004054445e-05
0.0
0.0
0.0
0.0
0.0
0.0
0.0
