60
0.0
0.0
0.0
0.0
0.000362004054445
0.00112221256878
0.00409064581523
0.0126701419056
0.0294671300319
0.0423906747756
0.0461917173472
0.0373950188242
0.0246524761077
0.0149145670432
0.00872429771213
0.00387344338257
0.00228062554301
0.000977410947003
0.000253402838112
0.000362004054445
0.000289603243556
0.000470605270779
0.00126701419056
0.00199102229945
0.0046336518969
0.0116203301477
0.0249058789458
0.0481465392412
0.0747176368375
0.0944468578048
0.0997321169997
0.081595713872
0.0579568491167
0.0338835794961
0.0140457573125
0.00539386041124
0.00249782797567
0.00148421662323
0.000687807703446
0.000687807703446
0.000434404865334
0.000253402838112
0.000325803649001
0.00108601216334
0.00307703446279
0.00687807703446
0.0148059658268
0.0254126846221
0.0389154358529
0.0455401100492
0.0382638285549
0.0219736461048
0.00966550825369
0.00260642919201
0.000362004054445
0.000217202432667
0.0
0.0
0.0
0.0
