60
0.0
0.0
3.62004054445e-05
3.62004054445e-05
0.000108601216334
0.000108601216334
0.000543006081668
0.00195482189401
0.00514045757312
0.0076382855488
0.0089415001448
0.00901390095569
0.00644367216913
0.00376484216623
0.00213582392123
0.000941210541558
0.000687807703446
0.000470605270779
0.000144801621778
3.62004054445e-05
7.24008108891e-05
0.00039820445989
0.000470605270779
0.00155661743412
0.00702287865624
0.0213944396177
0.0537938024906
0.121452360266
0.202179264408
0.223790906458
0.175499565595
0.0930712423979
0.0343541847669
0.00937590501014
0.00220822473212
0.000217202432667
0.000144801621778
0.0
0.0
0.0
0.0
0.0
0.0
0.0
3.62004054445e-05
0.0
0.000144801621778
0.000144801621778
0.000543006081668
0.00104981175789
0.00079640891978
0.00079640891978
0.000470605270779
0.000325803649001
0.000181002027223
0.000144801621778
0.000108601216334
3.62004054445e-05
3.62004054445e-05
3.62004054445e-05
