60
7.24008108891e-05
0.00039820445989
0.000253402838112
0.000579206487113
0.00104981175789
0.00325803649001
0.00933970460469
0.0206704315088
0.0429698812627
0.077360266435
0.115877497828
0.145960034752
0.154937735303
0.14979727773
0.115443092963
0.0759122502172
0.0403996524761
0.0208514335361
0.0105343179844
0.00550246162757
0.0033304373009
0.00166521865045
0.00137561540689
0.000760208514335
0.000760208514335
0.000289603243556
0.000253402838112
0.000253402838112
7.24008108891e-05
7.24008108891e-05
0.0
0.0
0.0
0.0
0.0
0.0
0.0
0.0
0.0
0.0
0.0
0.0
0.0
0.0
0.0
0.0
0.0
0.0
0.0
0.0
0.0
0.0
0.0
0.0
0.0
0.0
0.0
0.0
0.0
0.0
