60
0.0
0.0
0.0
0.0
3.62004054445e-05
3.62004054445e-05
0.000108601216334
0.000543006081668
0.00206342311034
0.00503185635679
0.00745728352158
0.0073124818998
0.00608166811468
0.00492325514046
0.00296843324645
0.00159281783956
0.000579206487113
0.00039820445989
0.000325803649001
0.000253402838112
0.000217202432667
0.000325803649001
0.000651607298002
0.0030046336519
0.00745728352158
0.017919200695
0.0435490877498
0.0955690703736
0.15186070084
0.181074428034
0.168766290182
0.114972487692
0.0684549666956
0.0309875470605
0.0147335650159
0.00626267014191
0.00296843324645
0.00137561540689
0.000724008108891
0.000615406892557
0.000615406892557
0.00101361135245
0.000977410947003
0.00202722270489
0.00387344338257
0.00571966406024
0.00832609325224
0.00876049811758
0.00662467419635
0.0049594555459
0.00336663770634
0.00184622067767
0.000543006081668
0.000108601216334
3.62004054445e-05
0.0
0.0
0.0
0.0
0.0
