60
0.000181002027223
0.000108601216334
3.62004054445e-05
0.0
3.62004054445e-05
0.0
0.0
3.62004054445e-05
0.000579206487113
0.00213582392123
0.0116927309586
0.0472415291051
0.122465971619
0.221184477266
0.260461917173
0.192513756154
0.096582681726
0.0298291340863
0.00745728352158
0.00195482189401
0.000832609325224
0.000832609325224
0.000543006081668
0.000579206487113
0.000615406892557
0.000543006081668
0.000253402838112
0.000615406892557
0.00039820445989
0.000289603243556
0.0
0.0
0.0
0.0
0.0
0.0
0.0
0.0
0.0
0.0
0.0
0.0
0.0
0.0
0.0
0.0
0.0
0.0
0.0
0.0
0.0
0.0
0.0
0.0
0.0
0.0
0.0
0.0
0.0
0.0
