60
0.0
0.0
0.0
3.62004054445e-05
0.0
0.000144801621778
0.000579206487113
0.00343903851723
0.0115117289314
0.0391326382855
0.0989357080799
0.1629018245
0.204604691573
0.181907037359
0.124022589053
0.0740660295395
0.043078482479
0.0268969012453
0.0146973646105
0.00756588473791
0.00401824500434
0.00181002027223
0.000434404865334
0.000144801621778
3.62004054445e-05
3.62004054445e-05
0.0
0.0
0.0
0.0
0.0
0.0
0.0
0.0
0.0
0.0
0.0
0.0
0.0
0.0
0.0
0.0
0.0
0.0
0.0
0.0
0.0
0.0
0.0
0.0
0.0
0.0
0.0
0.0
0.0
0.0
0.0
0.0
0.0
0.0
