60
0.0546264118158
0.0775774688677
0.0950260642919
0.101252534028
0.0932522444251
0.0745366348103
0.0563278308717
0.0435490877498
0.0315667535476
0.0275485085433
0.0288879235447
0.0300825369244
0.0291413263829
0.0331595713872
0.0331595713872
0.032652765711
0.031023747466
0.0210686359687
0.014009556907
0.00691427743991
0.00293223284101
0.00119461337967
0.000651607298002
0.000941210541558
0.00249782797567
0.00383724297712
0.00702287865624
0.0103171155517
0.0196568201564
0.035584998552
0.0
0.0
0.0
0.0
0.0
0.0
0.0
0.0
0.0
0.0
0.0
0.0
0.0
0.0
0.0
0.0
0.0
0.0
0.0
0.0
0.0
0.0
0.0
0.0
0.0
0.0
0.0
0.0
0.0
0.0
