60
0.0
0.0
3.62004054445e-05
0.0
7.24008108891e-05
0.000253402838112
0.00101361135245
0.00499565595135
0.0108963220388
0.0211410367796
0.026788300029
0.0255574862438
0.0203808282653
0.0129959455546
0.00481465392412
0.00209962351578
0.000941210541558
0.000181002027223
0.000108601216334
0.000108601216334
3.62004054445e-05
0.000181002027223
0.00039820445989
0.00123081378511
0.0039820445989
0.0132131479873
0.0366348103099
0.0831885317116
0.14208659137
0.187988705474
0.174449753837
0.114139878367
0.0513683753258
0.0180640023168
0.00557486243846
0.00137561540689
0.000506805676224
0.000289603243556
0.000289603243556
0.000217202432667
0.000181002027223
0.000217202432667
0.000506805676224
0.000651607298002
0.00188242108312
0.0026788300029
0.0039820445989
0.00452505068057
0.00488705473501
0.00427164784246
0.00343903851723
0.00231682594845
0.00148421662323
0.000905010136114
0.000325803649001
0.000108601216334
0.0
0.0
3.62004054445e-05
0.0
