60
0.0
0.0
0.0
3.62004054445e-05
0.0
0.000108601216334
0.000724008108891
0.00293223284101
0.0069866782508
0.0116203301477
0.0127787431219
0.0120185346076
0.00785548798147
0.00423544743701
0.00257022878656
0.00166521865045
0.000687807703446
0.000253402838112
0.000434404865334
0.000325803649001
0.000615406892557
0.00108601216334
0.00115841297423
0.00246162757023
0.00571966406024
0.0143715609615
0.0326889661164
0.0647263249348
0.114538082827
0.16369823342
0.168440486533
0.129778453519
0.0802200984651
0.0411960613959
0.0181002027223
0.0079640891978
0.00311323486823
0.00152041702867
0.000687807703446
0.000832609325224
0.000651607298002
0.00104981175789
0.00181002027223
0.0046336518969
0.0082898928468
0.0141181581234
0.0151317694758
0.0156747755575
0.00995511149725
0.00582826527657
0.00253402838112
0.00137561540689
0.000506805676224
0.000181002027223
0.000108601216334
0.0
0.0
0.0
0.0
0.0
