60
0.0
0.0
0.0
0.0
0.0
3.62004054445e-05
7.24008108891e-05
0.00104981175789
0.00354763973357
0.0108601216334
0.0203808282653
0.0278381117869
0.0304807413843
0.0223718505647
0.0144077613669
0.00608166811468
0.00271503040834
0.000760208514335
0.000289603243556
0.000108601216334
3.62004054445e-05
0.000108601216334
0.000217202432667
0.000253402838112
7.24008108891e-05
0.000108601216334
7.24008108891e-05
0.000253402838112
0.000108601216334
7.24008108891e-05
0.0
0.000108601216334
0.000108601216334
0.000217202432667
0.000434404865334
0.000362004054445
0.000108601216334
0.000434404865334
0.000181002027223
0.000325803649001
0.00039820445989
0.000868809730669
0.00224442513756
0.00778308717058
0.0265348971908
0.0794598899508
0.146322038807
0.169381697075
0.154105125977
0.118411526209
0.0813423110339
0.0420648711266
0.0183174051549
0.00633507095279
0.00126701419056
0.000362004054445
0.000181002027223
0.0
0.0
3.62004054445e-05
