60
0.0
0.0
0.0
0.0
0.0
0.0
0.000108601216334
7.24008108891e-05
0.000362004054445
0.000941210541558
0.000651607298002
0.00123081378511
0.00126701419056
0.000868809730669
0.000506805676224
0.000832609325224
0.00039820445989
0.000217202432667
3.62004054445e-05
0.000108601216334
7.24008108891e-05
0.000217202432667
0.000724008108891
0.00228062554301
0.00727628149435
0.0207066319143
0.0523457862728
0.107153200116
0.171083116131
0.197762814944
0.185671879525
0.129271647842
0.0661381407472
0.0300825369244
0.0111859252824
0.00427164784246
0.001303214596
0.000506805676224
0.000217202432667
0.000144801621778
0.000181002027223
3.62004054445e-05
0.000108601216334
0.000217202432667
7.24008108891e-05
0.000543006081668
0.000289603243556
0.000362004054445
0.000434404865334
0.00079640891978
0.00039820445989
0.000289603243556
0.000144801621778
7.24008108891e-05
3.62004054445e-05
0.0
0.0
0.0
0.0
0.0
