60
0.00412684622068
0.00452505068057
0.00499565595135
0.00503185635679
0.00517665797857
0.00409064581523
0.00347523892268
0.00260642919201
0.00184622067767
0.000868809730669
0.001303214596
0.00213582392123
0.0036562409499
0.00836229365769
0.0230958586736
0.0421734723429
0.0800390964379
0.109868230524
0.138285548798
0.1449464234
0.123262380539
0.0983565015928
0.0703373877787
0.0453229076166
0.030046336519
0.0173037938025
0.0111859252824
0.00622646973646
0.0043078482479
0.00304083405734
0.0
0.0
0.0
0.0
0.0
0.0
0.0
0.0
0.0
0.0
0.0
0.0
0.0
0.0
0.0
0.0
0.0
0.0
0.0
0.0
0.0
0.0
0.0
0.0
0.0
0.0
0.0
0.0
0.0
0.0
