60
0.0
0.0
0.0
0.0
0.0
0.0
7.24008108891e-05
0.000253402838112
0.00115841297423
0.00325803649001
0.00535766000579
0.00713147987257
0.00771068635969
0.00582826527657
0.00311323486823
0.00152041702867
0.000579206487113
0.000217202432667
0.000217202432667
0.000181002027223
0.000289603243556
0.000724008108891
0.00141181581234
0.00347523892268
0.0110049232551
0.0255212858384
0.0558572256009
0.0993701129453
0.14700984651
0.17347234289
0.161019403417
0.12054735013
0.0717854039965
0.033630176658
0.0146249637996
0.00637127135824
0.00260642919201
0.000941210541558
0.000615406892557
0.000434404865334
0.000289603243556
0.000434404865334
0.000543006081668
0.000543006081668
0.00148421662323
0.00224442513756
0.00448885027512
0.00575586446568
0.0059368664929
0.00477845351868
0.00343903851723
0.00184622067767
0.000615406892557
0.000253402838112
3.62004054445e-05
0.0
0.0
0.0
0.0
0.0
