60
0.00372864176079
0.00626267014191
0.00908630176658
0.0127787431219
0.0211048363742
0.026136692731
0.0374312192297
0.0447437011295
0.0461917173472
0.0422820735592
0.0365262090935
0.0325079640892
0.031349551115
0.0395670431509
0.0569070373588
0.0756950477845
0.0968360845641
0.103026353895
0.0993701129453
0.0718940052129
0.0425354763973
0.0258470894874
0.0134665508254
0.00676947581813
0.00380104257168
0.00166521865045
0.000506805676224
0.000144801621778
0.000108601216334
0.0
0.0
3.62004054445e-05
0.0
0.0
0.0
0.0
0.0
0.0
0.0
0.0
0.0
3.62004054445e-05
3.62004054445e-05
0.0
3.62004054445e-05
0.000108601216334
0.0
3.62004054445e-05
0.000289603243556
0.000362004054445
0.000289603243556
0.00039820445989
0.00104981175789
0.000687807703446
0.000905010136114
0.000832609325224
0.00108601216334
0.00108601216334
0.00148421662323
0.00296843324645
