60
0.0
0.0
3.62004054445e-05
0.0
3.62004054445e-05
3.62004054445e-05
0.000687807703446
0.00173761946134
0.00445264986968
0.00901390095569
0.0125977410947
0.0150955690704
0.0118375325804
0.00839849406313
0.0049594555459
0.00253402838112
0.00155661743412
0.000687807703446
0.000434404865334
0.000181002027223
0.000362004054445
0.000325803649001
0.00079640891978
0.00228062554301
0.00600926730379
0.0150593686649
0.0388068346365
0.073124818998
0.121235157834
0.158340573414
0.153163915436
0.121379959456
0.0699029829134
0.0331233709818
0.014661164205
0.00651607298002
0.00213582392123
0.000868809730669
0.000506805676224
0.000181002027223
0.00039820445989
0.00039820445989
0.000724008108891
0.00184622067767
0.00383724297712
0.0073124818998
0.0170865913698
0.0225166521865
0.0202360266435
0.0156747755575
0.0101723139299
0.00448885027512
0.00148421662323
0.000651607298002
7.24008108891e-05
3.62004054445e-05
0.0
0.0
0.0
0.0
