60
0.0
0.0
0.0
0.0
7.24008108891e-05
0.000289603243556
0.000905010136114
0.00452505068057
0.0161453808283
0.0386982334202
0.0562192296554
0.0562192296554
0.0357298001738
0.0194396177237
0.00923110338836
0.0046336518969
0.00173761946134
0.000724008108891
0.000362004054445
0.000434404865334
0.000181002027223
0.00039820445989
0.000470605270779
0.00170141905589
0.00524905878946
0.0106067187953
0.0230958586736
0.0487981465392
0.111823052418
0.192368954532
0.197111207646
0.114574283232
0.0380104257168
0.00836229365769
0.00119461337967
0.000217202432667
3.62004054445e-05
0.0
0.0
0.0
0.0
0.0
0.0
0.0
3.62004054445e-05
0.0
7.24008108891e-05
3.62004054445e-05
0.000144801621778
3.62004054445e-05
0.0
0.0
3.62004054445e-05
3.62004054445e-05
0.0
0.0
3.62004054445e-05
0.0
0.0
0.0
