60
0.00249782797567
0.00228062554301
0.0030046336519
0.00362004054445
0.00351143932812
0.00571966406024
0.00792788879235
0.0124167390675
0.0220822473212
0.0414132638286
0.0676223573704
0.101578337677
0.127027222705
0.146068635969
0.131298870547
0.104546770924
0.0697943816971
0.0468433246452
0.0310961482769
0.023856067188
0.0160729800174
0.0111859252824
0.00687807703446
0.00314943527368
0.0023530263539
0.00137561540689
0.00119461337967
0.000905010136114
0.00126701419056
0.00141181581234
0.0
0.0
0.0
0.0
0.0
0.0
0.0
0.0
0.0
0.0
0.0
0.0
0.0
0.0
0.0
0.0
0.0
0.0
0.0
0.0
0.0
0.0
0.0
0.0
0.0
0.0
0.0
0.0
0.0
0.0
