60
0.0269331016507
0.0219012452939
0.0184260063713
0.0174123950188
0.0148059658268
0.0148421662323
0.0137199536635
0.0157833767738
0.0204894294816
0.0233492615117
0.0283087170576
0.0375760208514
0.0420286707211
0.0526715899218
0.0608890819577
0.0660295395308
0.0654865334492
0.0603822762815
0.0579568491167
0.047639733565
0.040146249638
0.0333767738199
0.0282725166522
0.0263538951636
0.0262090935418
0.0258832898928
0.0270779032725
0.0287793223284
0.0291051259774
0.0281639154359
0.0
0.0
0.0
0.0
0.0
0.0
0.0
0.0
0.0
0.0
0.0
0.0
0.0
0.0
0.0
0.0
0.0
0.0
0.0
0.0
0.0
0.0
0.0
0.0
0.0
0.0
0.0
0.0
0.0
0.0
