60
0.0
0.0
0.0
0.0
0.0
3.62004054445e-05
0.000470605270779
0.00264262959745
0.00687807703446
0.0147697654214
0.0201274254272
0.0236388647553
0.0173037938025
0.00883289892847
0.00445264986968
0.00126701419056
0.000506805676224
0.000325803649001
7.24008108891e-05
0.000144801621778
3.62004054445e-05
0.000434404865334
0.000832609325224
0.00202722270489
0.00590066608746
0.0164711844773
0.0395308427454
0.0837315377932
0.131697075007
0.174377353026
0.179879814654
0.127497827976
0.0647625253403
0.0243628728642
0.00716768027802
0.00206342311034
0.000470605270779
0.000253402838112
3.62004054445e-05
0.000144801621778
7.24008108891e-05
0.0
0.000181002027223
0.000289603243556
0.000760208514335
0.001629018245
0.00394584419345
0.00633507095279
0.00836229365769
0.00662467419635
0.0043078482479
0.00275123081379
0.00101361135245
0.00039820445989
7.24008108891e-05
7.24008108891e-05
3.62004054445e-05
0.0
0.0
0.0
