60
0.0219012452939
0.0208152331306
0.017593397046
0.0149145670432
0.0145525629887
0.015638575152
0.0169779901535
0.0222632493484
0.0296119316536
0.0334129742253
0.040472053287
0.0375760208514
0.0348247900376
0.0282001158413
0.0234940631335
0.0205256298871
0.0209962351578
0.0199826238054
0.0218650448885
0.0182088039386
0.0131769475818
0.00821749203591
0.00481465392412
0.00285983203012
0.001303214596
0.000687807703446
0.000615406892557
0.000181002027223
0.000144801621778
7.24008108891e-05
7.24008108891e-05
0.000144801621778
7.24008108891e-05
0.000108601216334
0.000543006081668
0.00101361135245
0.00195482189401
0.00340283811179
0.00622646973646
0.00941210541558
0.011077324066
0.0122357370403
0.0131769475818
0.014661164205
0.0189690124529
0.0261728931364
0.0311685490877
0.0360556038228
0.0406892557197
0.0393860411237
0.0346437880104
0.0286345207066
0.0225890529974
0.0212134375905
0.0166883869099
0.0174485954243
0.0198378221836
0.0226614538083
0.0215392412395
0.0222994497538
