60
0.0
0.000108601216334
0.0
0.000108601216334
0.000253402838112
0.00079640891978
0.00260642919201
0.00662467419635
0.0112221256878
0.0132493483927
0.0142629597451
0.0116927309586
0.0111859252824
0.00912250217202
0.00575586446568
0.00362004054445
0.00177381986678
0.000941210541558
0.000543006081668
0.000434404865334
0.000217202432667
0.000144801621778
0.000760208514335
0.00217202432667
0.00633507095279
0.0152403706922
0.0322907616565
0.0591876629018
0.0957138719954
0.124855198378
0.141869388937
0.118266724587
0.0759484506226
0.038191427744
0.015312771503
0.00535766000579
0.00166521865045
0.000724008108891
0.000470605270779
0.000181002027223
0.000108601216334
0.000108601216334
0.000543006081668
0.000977410947003
0.00296843324645
0.0052852591949
0.0121995366348
0.0221908485375
0.034281783956
0.0372864176079
0.0285621198957
0.0156023747466
0.00669707500724
0.00238922675934
0.00101361135245
0.000506805676224
0.0
3.62004054445e-05
3.62004054445e-05
0.0
