60
0.00836229365769
0.00850709527947
0.00727628149435
0.00622646973646
0.00727628149435
0.00952070663191
0.0108239212279
0.0150231682595
0.0206342311034
0.0276209093542
0.0323993628729
0.031349551115
0.0347885896322
0.0357660005792
0.0356935997683
0.0364176078772
0.0335215754416
0.0271503040834
0.0166521865045
0.0112945264987
0.00611786852013
0.00423544743701
0.00275123081379
0.00220822473212
0.00155661743412
0.000905010136114
0.00079640891978
0.000362004054445
0.000325803649001
0.000181002027223
0.000217202432667
7.24008108891e-05
0.000289603243556
0.00039820445989
0.000579206487113
0.00148421662323
0.00217202432667
0.00546626122213
0.00995511149725
0.0177019982624
0.0294309296264
0.0397118447727
0.0468795250507
0.0526353895164
0.0511511728931
0.0448161019403
0.0451057051839
0.0401100492326
0.0393136403128
0.0330871705763
0.0243266724587
0.0161453808283
0.0121995366348
0.0073124818998
0.00553866203301
0.00615406892557
0.00687807703446
0.0066608746018
0.0089415001448
0.00952070663191
