60
0.0
0.0
0.0
0.000181002027223
0.000144801621778
0.0026788300029
0.0101723139299
0.0335577758471
0.0837677381987
0.145779032725
0.18404286128
0.167463075586
0.116492904721
0.0654503330437
0.0269693020562
0.0086156964958
0.00242542716478
0.000615406892557
0.000217202432667
0.000217202432667
0.000253402838112
0.000144801621778
0.000289603243556
0.00079640891978
0.00181002027223
0.00325803649001
0.00695047784535
0.013683753258
0.0210324355633
0.0263538951636
0.0219012452939
0.0150593686649
0.0046336518969
0.00173761946134
0.00039820445989
0.000289603243556
0.0
0.0
0.0
0.0
0.0
0.0
0.0
0.000144801621778
0.000724008108891
0.00104981175789
0.00242542716478
0.00369244135534
0.00521285838401
0.00684187662902
0.00608166811468
0.00383724297712
0.00177381986678
0.000651607298002
0.000144801621778
3.62004054445e-05
0.0
0.0
0.0
0.0
