60
0.0
3.62004054445e-05
3.62004054445e-05
0.0
0.0
0.0
7.24008108891e-05
0.000253402838112
0.000434404865334
0.00108601216334
0.00213582392123
0.00249782797567
0.00307703446279
0.00184622067767
0.00195482189401
0.00112221256878
0.000724008108891
0.000434404865334
7.24008108891e-05
7.24008108891e-05
3.62004054445e-05
0.000108601216334
0.000325803649001
0.000760208514335
0.00325803649001
0.01303214596
0.042101071532
0.11689110918
0.212894584419
0.26096872285
0.201817260353
0.0922024326672
0.0261004923255
0.00419924703157
0.000543006081668
7.24008108891e-05
3.62004054445e-05
0.0
0.0
0.0
0.0
0.0
0.0
3.62004054445e-05
0.0
0.0
0.000108601216334
0.000217202432667
0.000253402838112
0.000724008108891
0.00112221256878
0.00101361135245
0.00137561540689
0.00173761946134
0.00144801621778
0.000543006081668
0.000144801621778
3.62004054445e-05
0.0
3.62004054445e-05
