60
0.0
0.0
0.0
7.24008108891e-05
0.000760208514335
0.00220822473212
0.00492325514046
0.00970170865914
0.0195482189401
0.0276933101651
0.0279829134086
0.0237112655662
0.0129597451491
0.00575586446568
0.00173761946134
0.000905010136114
0.000289603243556
7.24008108891e-05
3.62004054445e-05
0.0
0.0
0.000181002027223
0.000615406892557
0.00184622067767
0.00923110338836
0.0361642050391
0.0922024326672
0.160802200985
0.189871126557
0.159824790038
0.0961482768607
0.0442368954532
0.0183536055604
0.00633507095279
0.00206342311034
0.000760208514335
0.00039820445989
3.62004054445e-05
7.24008108891e-05
0.000108601216334
3.62004054445e-05
7.24008108891e-05
0.000144801621778
0.000108601216334
0.000543006081668
0.00108601216334
0.00336663770634
0.00633507095279
0.00803649000869
0.00810889081958
0.00637127135824
0.00343903851723
0.00242542716478
0.001303214596
0.00079640891978
0.000217202432667
0.0
0.0
0.0
0.0
