60
7.24008108891e-05
0.000108601216334
0.0
0.0
0.0
3.62004054445e-05
3.62004054445e-05
7.24008108891e-05
7.24008108891e-05
0.000108601216334
0.000325803649001
0.00184622067767
0.0095931074428
0.0239284679988
0.0568346365479
0.097234289024
0.137054735013
0.168766290182
0.15678395598
0.138068346365
0.0978134955111
0.056436432088
0.0289603243556
0.014986967854
0.00600926730379
0.00231682594845
0.00137561540689
0.000687807703446
0.000217202432667
0.000253402838112
0.0
0.0
0.0
0.0
0.0
0.0
0.0
0.0
0.0
0.0
0.0
0.0
0.0
0.0
0.0
0.0
0.0
0.0
0.0
0.0
0.0
0.0
0.0
0.0
0.0
0.0
0.0
0.0
0.0
0.0
