60
0.0
0.0
0.0
0.0
7.24008108891e-05
0.0
0.000181002027223
0.000941210541558
0.00213582392123
0.00401824500434
0.00640747176368
0.00553866203301
0.00390964378801
0.00242542716478
0.00199102229945
0.00079640891978
0.000434404865334
0.000181002027223
0.000108601216334
0.000108601216334
3.62004054445e-05
0.00039820445989
0.000181002027223
0.00123081378511
0.00409064581523
0.0106429192007
0.0270417028671
0.0603822762815
0.100021720243
0.139081957718
0.144693020562
0.129090645815
0.0872429771213
0.0448161019403
0.0176295974515
0.00695047784535
0.00242542716478
0.000905010136114
0.000579206487113
0.000181002027223
7.24008108891e-05
0.000434404865334
0.000868809730669
0.00213582392123
0.00669707500724
0.0146973646105
0.0254126846221
0.0308427454387
0.0314581523313
0.0306617434115
0.0245438748914
0.0139009556907
0.00749348392702
0.00246162757023
0.001303214596
3.62004054445e-05
0.000108601216334
0.0
0.0
0.0
