60
0.0
0.0
0.0
0.0
0.0
0.0
3.62004054445e-05
0.000144801621778
0.000543006081668
0.000832609325224
0.00231682594845
0.00340283811179
0.00376484216623
0.00423544743701
0.0033304373009
0.0026788300029
0.00220822473212
0.00112221256878
0.000724008108891
0.000941210541558
0.000687807703446
0.000579206487113
0.00112221256878
0.00141181581234
0.00615406892557
0.0109687228497
0.0226614538083
0.0476035331596
0.0765638575152
0.119859542427
0.147154648132
0.15638575152
0.129561251086
0.0886185925282
0.044381697075
0.0226252534028
0.00977410947003
0.00351143932812
0.00177381986678
0.000724008108891
0.000941210541558
0.000724008108891
0.001629018245
0.00246162757023
0.00387344338257
0.00752968433246
0.0123081378511
0.0132131479873
0.0140457573125
0.0122719374457
0.00724008108891
0.00304083405734
0.00144801621778
0.000615406892557
0.000217202432667
3.62004054445e-05
0.0
0.0
0.0
0.0
