60
0.0
0.0
0.0
0.0
0.000108601216334
0.00104981175789
0.00705907906169
0.0292499275992
0.100238922676
0.211012163336
0.262778743122
0.196169997104
0.0949898638865
0.0333767738199
0.0104981175789
0.00376484216623
0.00177381986678
0.000868809730669
0.000651607298002
0.00039820445989
0.000362004054445
0.000651607298002
0.000905010136114
0.00195482189401
0.00209962351578
0.00314943527368
0.0043078482479
0.00532145960035
0.00376484216623
0.00217202432667
0.00104981175789
0.000724008108891
0.000181002027223
0.000144801621778
7.24008108891e-05
0.0
0.0
0.0
0.0
3.62004054445e-05
0.0
0.0
0.000217202432667
0.000506805676224
0.00166521865045
0.00376484216623
0.00477845351868
0.0039820445989
0.00260642919201
0.000941210541558
0.00039820445989
0.000144801621778
3.62004054445e-05
3.62004054445e-05
3.62004054445e-05
0.0
0.0
0.0
0.0
0.0
