60
0.0
7.24008108891e-05
3.62004054445e-05
7.24008108891e-05
0.000108601216334
0.000506805676224
0.0026788300029
0.00600926730379
0.0190052128584
0.038843035042
0.047639733565
0.0426802780191
0.0263900955691
0.0131407471764
0.00503185635679
0.00188242108312
0.000651607298002
0.000325803649001
0.000144801621778
3.62004054445e-05
3.62004054445e-05
0.000289603243556
0.000506805676224
0.000832609325224
0.0033304373009
0.0144439617724
0.0443092962641
0.100347523892
0.134050101361
0.124891398784
0.091369823342
0.0665001448016
0.0428250796409
0.0224080509702
0.00905010136114
0.00347523892268
0.00159281783956
0.000470605270779
0.000506805676224
0.000470605270779
0.000362004054445
0.000832609325224
0.00137561540689
0.00293223284101
0.00640747176368
0.0123081378511
0.0188242108312
0.0229148566464
0.0231320590791
0.0180640023168
0.0119823342021
0.00734868230524
0.00369244135534
0.00181002027223
0.000760208514335
0.000181002027223
7.24008108891e-05
3.62004054445e-05
0.0
0.0
