60
0.000217202432667
0.000181002027223
0.000144801621778
0.000434404865334
0.000362004054445
0.000724008108891
0.00144801621778
0.00224442513756
0.00296843324645
0.00727628149435
0.0126701419056
0.0202360266435
0.0324355632783
0.0526715899218
0.085831161309
0.125072400811
0.166304662612
0.171517520996
0.144512018535
0.0910802200985
0.0474587315378
0.0185346075876
0.0079640891978
0.00318563567912
0.00195482189401
0.00123081378511
0.000651607298002
0.000253402838112
0.000362004054445
7.24008108891e-05
0.0
0.0
0.0
0.0
0.0
0.0
0.0
0.0
0.0
0.0
0.0
0.0
0.0
0.0
0.0
0.0
0.0
0.0
0.0
0.0
0.0
0.0
0.0
0.0
0.0
0.0
0.0
0.0
0.0
0.0
