60
0.0158557775847
0.0154937735303
0.0185346075876
0.0259556907037
0.0330509701709
0.0437662901825
0.0545540110049
0.0612510860122
0.0633869099334
0.0510787720822
0.0436576889661
0.0317115551694
0.0240008688097
0.0157471763684
0.0106067187953
0.00745728352158
0.00477845351868
0.00343903851723
0.00173761946134
0.00137561540689
0.000687807703446
0.000217202432667
0.000144801621778
0.000181002027223
7.24008108891e-05
3.62004054445e-05
3.62004054445e-05
3.62004054445e-05
0.0
3.62004054445e-05
0.000108601216334
3.62004054445e-05
0.000181002027223
0.000181002027223
0.000434404865334
0.000434404865334
0.000579206487113
0.00101361135245
0.00228062554301
0.00669707500724
0.0106791196061
0.0191862148856
0.032326962062
0.0460469157255
0.0559296264118
0.0566898349262
0.0518389805966
0.0422458731538
0.0268969012453
0.0162177816392
0.0103171155517
0.00705907906169
0.00586446568202
0.00655227338546
0.00745728352158
0.0105343179844
0.0114755285259
0.0126701419056
0.0137923544744
0.0153851723139
