60
0.0715682015639
0.0564002316826
0.0422458731538
0.0298291340863
0.0237474659716
0.0197292209673
0.0165797856936
0.0141543585288
0.0126701419056
0.0115841297423
0.00970170865914
0.00734868230524
0.00615406892557
0.00684187662902
0.00684187662902
0.00749348392702
0.00868809730669
0.00905010136114
0.00948450622647
0.00981030987547
0.0110411236606
0.0136475528526
0.0170503909644
0.0293223284101
0.0467709238343
0.0732334202143
0.104727772951
0.116854908775
0.115877497828
0.0915508253692
0.0
0.0
0.0
0.0
0.0
0.0
0.0
0.0
0.0
0.0
0.0
0.0
0.0
0.0
0.0
0.0
0.0
0.0
0.0
0.0
0.0
0.0
0.0
0.0
0.0
0.0
0.0
0.0
0.0
0.0
