60
0.0547350130321
0.0361642050391
0.0248696785404
0.0156023747466
0.0103171155517
0.00637127135824
0.00419924703157
0.00296843324645
0.00249782797567
0.00195482189401
0.00148421662323
0.00144801621778
0.00126701419056
0.000941210541558
0.000651607298002
0.000434404865334
0.000651607298002
0.000543006081668
0.000543006081668
0.000615406892557
0.00115841297423
0.000905010136114
0.00079640891978
0.000579206487113
0.000470605270779
0.000362004054445
0.000108601216334
0.000217202432667
0.000181002027223
0.000144801621778
0.000108601216334
0.000289603243556
7.24008108891e-05
0.000325803649001
0.000543006081668
0.00115841297423
0.00231682594845
0.00535766000579
0.00724008108891
0.0103171155517
0.0142267593397
0.0136475528526
0.0198378221836
0.0295395308427
0.0395308427454
0.0459383145091
0.0546626122213
0.0493411526209
0.038517231393
0.027765710976
0.0212496379959
0.0182088039386
0.0205256298871
0.0258470894874
0.0370692151752
0.0524181870837
0.0680205618303
0.0762742542716
0.0772878656241
0.0691789748045
