60
0.0
0.0
0.0
0.0
0.0
3.62004054445e-05
0.00039820445989
0.000579206487113
0.00155661743412
0.00380104257168
0.00557486243846
0.00524905878946
0.00282363162467
0.00271503040834
0.00101361135245
0.000615406892557
0.000217202432667
0.000181002027223
7.24008108891e-05
0.000108601216334
0.000108601216334
0.000253402838112
0.00039820445989
0.000832609325224
0.00343903851723
0.0144801621778
0.0476035331596
0.114139878367
0.201093252244
0.225745728352
0.169562699102
0.0934694468578
0.0426078772082
0.0158557775847
0.00470605270779
0.00115841297423
0.00039820445989
0.000181002027223
0.000108601216334
0.0
3.62004054445e-05
3.62004054445e-05
3.62004054445e-05
0.000217202432667
0.00079640891978
0.00112221256878
0.00209962351578
0.0039820445989
0.00709527946713
0.00879669852302
0.00684187662902
0.00441644946423
0.00217202432667
0.000905010136114
0.000289603243556
7.24008108891e-05
0.0
0.0
0.0
0.0
