60
0.0
0.0
0.0
0.000108601216334
0.000181002027223
0.000325803649001
0.00123081378511
0.00264262959745
0.00456125108601
0.00600926730379
0.00553866203301
0.00514045757312
0.00322183608456
0.001629018245
0.000325803649001
0.000181002027223
0.0
0.0
0.0
0.0
0.0
0.0
0.000144801621778
0.00191862148856
0.00767448595424
0.0320735592239
0.0927454387489
0.176983782218
0.227809151462
0.199790037648
0.130031856357
0.0625905010136
0.0262814943527
0.00807269041413
0.00181002027223
0.000434404865334
7.24008108891e-05
3.62004054445e-05
0.0
0.0
0.0
0.0
0.0
0.0
0.0
0.0
0.0
7.24008108891e-05
3.62004054445e-05
3.62004054445e-05
3.62004054445e-05
7.24008108891e-05
0.000108601216334
0.0
3.62004054445e-05
3.62004054445e-05
0.0
0.0
0.0
0.0
