60
0.0
0.0
0.0
0.0
0.0
3.62004054445e-05
0.000181002027223
0.000434404865334
0.000905010136114
0.00217202432667
0.00416304662612
0.00590066608746
0.00582826527657
0.0039820445989
0.0039820445989
0.00231682594845
0.00173761946134
0.001629018245
0.00079640891978
0.000325803649001
0.000470605270779
0.000543006081668
0.00133941500145
0.00289603243556
0.00937590501014
0.0253402838112
0.055459021141
0.100709527947
0.142991601506
0.174015348972
0.16854908775
0.126991022299
0.0735592238633
0.0379742253113
0.0146973646105
0.00506805676224
0.00231682594845
0.000977410947003
0.000543006081668
0.000470605270779
0.000362004054445
0.000724008108891
0.00104981175789
0.00141181581234
0.00228062554301
0.00293223284101
0.00206342311034
0.00213582392123
0.00213582392123
0.00275123081379
0.00173761946134
0.00115841297423
0.000289603243556
0.000253402838112
3.62004054445e-05
0.0
0.0
0.0
0.0
0.0
