60
0.0
3.62004054445e-05
3.62004054445e-05
0.000108601216334
0.000181002027223
0.00079640891978
0.00260642919201
0.00553866203301
0.0118375325804
0.0182088039386
0.0240008688097
0.0245800752968
0.0171227917753
0.00890529973936
0.00438024905879
0.00264262959745
0.000543006081668
0.000362004054445
0.000217202432667
0.000181002027223
0.000181002027223
0.000289603243556
0.000651607298002
0.00166521865045
0.00470605270779
0.0124529394729
0.0289241239502
0.0668259484506
0.111497248769
0.142593397046
0.142231392992
0.107660005792
0.0639299160151
0.0298653344917
0.012706342311
0.00470605270779
0.00173761946134
0.000651607298002
0.000506805676224
0.000181002027223
0.000217202432667
0.000325803649001
0.000434404865334
0.00101361135245
0.00242542716478
0.00543006081668
0.0111135244715
0.0196568201564
0.027765710976
0.0266796988126
0.0219374456994
0.014986967854
0.0073124818998
0.0026788300029
0.001303214596
0.000362004054445
0.000108601216334
0.0
0.0
0.0
