60
0.00546626122213
0.00575586446568
0.00738488271069
0.00948450622647
0.0125977410947
0.0159281783956
0.0216478424558
0.0259194902983
0.0327251665219
0.0366710107153
0.0438024905879
0.0470243266725
0.0571242397915
0.0650883289893
0.0684911671011
0.0756950477845
0.073450622647
0.0663553431798
0.0607080799305
0.0524543874891
0.0418476686939
0.0394584419345
0.0322545612511
0.0276933101651
0.0231320590791
0.0172313929916
0.0124891398784
0.00879669852302
0.00771068635969
0.0056110628439
0.0
0.0
0.0
0.0
0.0
0.0
0.0
0.0
0.0
0.0
0.0
0.0
0.0
0.0
0.0
0.0
0.0
0.0
0.0
0.0
0.0
0.0
0.0
0.0
0.0
0.0
0.0
0.0
0.0
0.0
