60
3.62004054445e-05
3.62004054445e-05
7.24008108891e-05
3.62004054445e-05
3.62004054445e-05
0.000217202432667
0.00137561540689
0.0033304373009
0.00883289892847
0.0157833767738
0.0219012452939
0.0241094700261
0.018570807993
0.00944830582103
0.00521285838401
0.00170141905589
0.000543006081668
0.000289603243556
0.000289603243556
7.24008108891e-05
7.24008108891e-05
0.000181002027223
0.000325803649001
0.000832609325224
0.00304083405734
0.00919490298291
0.0263176947582
0.0583550535766
0.110447437011
0.145851433536
0.144693020562
0.103026353895
0.0533955980307
0.0232768607008
0.00843469446858
0.00275123081379
0.000977410947003
0.000253402838112
0.000253402838112
0.000144801621778
0.000181002027223
0.000253402838112
0.000760208514335
0.00123081378511
0.00304083405734
0.00836229365769
0.0174485954243
0.0320373588184
0.0410512597741
0.0404358528816
0.0264986967854
0.0160729800174
0.00695047784535
0.00126701419056
0.000543006081668
0.000108601216334
0.0
0.0
3.62004054445e-05
0.0
