60
3.62004054445e-05
0.0
3.62004054445e-05
0.000108601216334
0.000289603243556
0.000470605270779
0.00184622067767
0.00423544743701
0.00781928757602
0.0119823342021
0.0176295974515
0.0154937735303
0.0116927309586
0.00843469446858
0.00354763973357
0.00209962351578
0.000615406892557
0.000217202432667
0.000181002027223
0.000217202432667
0.000108601216334
0.000144801621778
0.000362004054445
0.00108601216334
0.00347523892268
0.0104619171735
0.0266434984072
0.058065450333
0.11077324066
0.152982913409
0.159535186794
0.130430060817
0.0753330437301
0.0329423689545
0.0131769475818
0.00477845351868
0.00170141905589
0.000724008108891
0.000470605270779
0.000325803649001
0.000217202432667
0.000253402838112
0.000506805676224
0.000687807703446
0.00213582392123
0.00488705473501
0.0095931074428
0.0182812047495
0.0229872574573
0.0247972777295
0.0216478424558
0.0128149435274
0.00633507095279
0.00253402838112
0.00112221256878
0.000543006081668
0.000144801621778
3.62004054445e-05
0.0
0.0
