60
0.00749348392702
0.00695047784535
0.00792788879235
0.00912250217202
0.0116565305531
0.0137199536635
0.0178830002896
0.0221546481321
0.0279829134086
0.0352229944975
0.044055893426
0.0524181870837
0.0625905010136
0.0702287865624
0.0740298291341
0.0786272806255
0.0744642339994
0.0730162177816
0.0618664929047
0.0498841587026
0.0425716768028
0.0337749782798
0.0276209093542
0.0216478424558
0.0181364031277
0.0151317694758
0.0127787431219
0.010099913119
0.00915870257747
0.00778308717058
0.0
0.0
0.0
0.0
0.0
0.0
0.0
0.0
0.0
0.0
0.0
0.0
0.0
0.0
0.0
0.0
0.0
0.0
0.0
0.0
0.0
0.0
0.0
0.0
0.0
0.0
0.0
0.0
0.0
0.0
