60
0.00897770055025
0.00876049811758
0.0112583260933
0.0119461337967
0.0165073848827
0.0184984071822
0.0220098465103
0.0284897190849
0.0346799884159
0.0426440776137
0.0525267883
0.0632059079062
0.0690703735882
0.0810889081958
0.0792064871127
0.0760932522444
0.06921517521
0.0621560961483
0.0539024037069
0.0427164784246
0.0319287576021
0.0238198667825
0.0187880104257
0.0150955690704
0.0125977410947
0.00995511149725
0.00955690703736
0.00876049811758
0.00814509122502
0.00839849406313
0.0
0.0
0.0
0.0
0.0
0.0
0.0
0.0
0.0
0.0
0.0
0.0
0.0
0.0
0.0
0.0
0.0
0.0
0.0
0.0
0.0
0.0
0.0
0.0
0.0
0.0
0.0
0.0
0.0
0.0
