60
0.00705907906169
0.0073124818998
0.00850709527947
0.00915870257747
0.0113669273096
0.013683753258
0.018570807993
0.0218650448885
0.0274761077324
0.0337749782798
0.0409064581523
0.0532869968144
0.0619750941211
0.0717492035911
0.0783738777874
0.0828265276571
0.0817405154938
0.0746452360266
0.0674413553432
0.0563640312772
0.0414856646394
0.0326165653055
0.0249782797567
0.0177743990733
0.0131407471764
0.0106429192007
0.00800028960324
0.0079640891978
0.0082898928468
0.00702287865624
0.0
0.0
0.0
0.0
0.0
0.0
0.0
0.0
0.0
0.0
0.0
0.0
0.0
0.0
0.0
0.0
0.0
0.0
0.0
0.0
0.0
0.0
0.0
0.0
0.0
0.0
0.0
0.0
0.0
0.0
