60
0.0
0.0
0.0
0.0
3.62004054445e-05
0.000181002027223
0.000362004054445
0.000651607298002
0.00191862148856
0.00318563567912
0.00445264986968
0.00438024905879
0.00383724297712
0.001303214596
0.000977410947003
0.00039820445989
0.000144801621778
0.0
3.62004054445e-05
0.0
3.62004054445e-05
3.62004054445e-05
3.62004054445e-05
0.00079640891978
0.00394584419345
0.0173037938025
0.0563640312772
0.126737619461
0.196821604402
0.204423689545
0.154068925572
0.0791702867072
0.0315305531422
0.0109687228497
0.0043078482479
0.00115841297423
0.000651607298002
7.24008108891e-05
0.000181002027223
0.000108601216334
0.000144801621778
0.000217202432667
0.000289603243556
0.000724008108891
0.00282363162467
0.00647987257457
0.0130683463655
0.0179916015059
0.0194034173183
0.0145887633942
0.00821749203591
0.00347523892268
0.00123081378511
0.000470605270779
0.000181002027223
7.24008108891e-05
3.62004054445e-05
0.0
0.0
0.0
