60
0.000181002027223
0.000615406892557
0.001303214596
0.00325803649001
0.00604546770924
0.0117651317695
0.0193672169128
0.0308427454387
0.0473863307269
0.0632783087171
0.0788444830582
0.094302056183
0.108347813496
0.122719374457
0.119859542427
0.10346075876
0.0781566753548
0.0490515493774
0.0219012452939
0.00778308717058
0.0023530263539
0.000325803649001
7.24008108891e-05
0.0
0.0
0.0
0.0
0.0
0.0
0.0
0.0
0.0
0.0
0.0
0.0
0.0
3.62004054445e-05
0.000108601216334
0.000362004054445
0.00137561540689
0.00329423689545
0.00477845351868
0.00611786852013
0.00477845351868
0.00343903851723
0.00209962351578
0.000977410947003
0.000651607298002
0.000289603243556
0.000108601216334
3.62004054445e-05
0.0
0.0
0.0
3.62004054445e-05
0.0
3.62004054445e-05
0.0
7.24008108891e-05
0.000181002027223
