60
0.0
3.62004054445e-05
0.0
0.0
0.000181002027223
0.000543006081668
0.00133941500145
0.00354763973357
0.00720388068346
0.012380538662
0.0165073848827
0.0167969881263
0.0166521865045
0.0124167390675
0.00760208514335
0.00354763973357
0.00231682594845
0.000868809730669
0.000760208514335
0.000579206487113
0.000687807703446
0.000434404865334
0.00159281783956
0.00419924703157
0.00756588473791
0.0139733565016
0.0246886765132
0.0438024905879
0.0630973066898
0.080618302925
0.0824283231972
0.0716406023747
0.0487619461338
0.0281277150304
0.0150231682595
0.00695047784535
0.0030046336519
0.00155661743412
0.00104981175789
0.000543006081668
0.000470605270779
0.00119461337967
0.00184622067767
0.00506805676224
0.0137199536635
0.0316391543585
0.0605270779033
0.0844555459021
0.0854691572546
0.0602374746597
0.0322183608456
0.0131045467709
0.0049594555459
0.00119461337967
0.000687807703446
0.000144801621778
0.0
3.62004054445e-05
0.0
0.0
