60
0.0
0.0
0.0
3.62004054445e-05
0.000108601216334
0.000579206487113
0.00199102229945
0.00488705473501
0.0120909354185
0.0157833767738
0.0216116420504
0.0209238343469
0.018570807993
0.0166883869099
0.0141543585288
0.0103895163626
0.00702287865624
0.00318563567912
0.00202722270489
0.00104981175789
0.000941210541558
0.001303214596
0.00144801621778
0.00264262959745
0.00514045757312
0.0109325224443
0.0257384882711
0.0588618592528
0.109832030119
0.150738488271
0.149688676513
0.112438459311
0.0592962641182
0.0229872574573
0.00883289892847
0.00304083405734
0.00112221256878
0.000615406892557
0.000108601216334
0.000217202432667
0.000217202432667
0.00101361135245
0.00177381986678
0.00401824500434
0.00778308717058
0.0148059658268
0.0218288444831
0.0219736461048
0.0184622067767
0.0139371560961
0.00941210541558
0.00441644946423
0.00220822473212
0.00079640891978
0.000181002027223
0.000144801621778
0.0
0.0
0.0
0.0
