60
0.0186432088039
0.0189690124529
0.0168331885317
0.0124891398784
0.0115841297423
0.00825369244136
0.0073124818998
0.00687807703446
0.00695047784535
0.00629887054735
0.00832609325224
0.0100275123081
0.0115117289314
0.017919200695
0.0234578627281
0.0376122212569
0.045684911671
0.0556038227628
0.0499927599189
0.0460469157255
0.0300101361135
0.0176657978569
0.00988271068636
0.00459745149146
0.00191862148856
0.00104981175789
0.000253402838112
0.00039820445989
0.000289603243556
0.000108601216334
0.000144801621778
0.000108601216334
0.000253402838112
0.000217202432667
0.000687807703446
0.00206342311034
0.00343903851723
0.0107153200116
0.0194758181292
0.0291413263829
0.0400376484217
0.0465537214017
0.0497031566754
0.0456125108601
0.0335215754416
0.0243990732696
0.0158557775847
0.0128511439328
0.00879669852302
0.00876049811758
0.00839849406313
0.0095931074428
0.0118737329858
0.0150231682595
0.0165797856936
0.018570807993
0.0179916015059
0.0222994497538
0.0212496379959
0.0195120185346
