60
3.62004054445e-05
0.000144801621778
0.000253402838112
0.000144801621778
0.000434404865334
0.00159281783956
0.00307703446279
0.00886909933391
0.0219012452939
0.0435128873443
0.0630249058789
0.0655589342601
0.0445988995077
0.0258832898928
0.00941210541558
0.00322183608456
0.00166521865045
0.000579206487113
0.000108601216334
0.000181002027223
0.000144801621778
0.000144801621778
0.000108601216334
0.00039820445989
0.00039820445989
0.00166521865045
0.00619026933102
0.0248696785404
0.0650159281784
0.125181002027
0.166340863018
0.134412105416
0.0717492035911
0.0280553142195
0.00756588473791
0.00144801621778
0.000362004054445
7.24008108891e-05
7.24008108891e-05
0.000108601216334
0.000217202432667
0.00039820445989
0.000651607298002
0.00152041702867
0.00311323486823
0.00604546770924
0.00886909933391
0.0114393281205
0.0135751520417
0.010099913119
0.00720388068346
0.00372864176079
0.00213582392123
0.00115841297423
0.000543006081668
0.000253402838112
0.000289603243556
0.000108601216334
3.62004054445e-05
0.000108601216334
