60
0.0
0.0
0.0
0.0
0.0
3.62004054445e-05
0.0
0.000144801621778
0.000470605270779
0.00191862148856
0.00314943527368
0.00705907906169
0.0106791196061
0.0147697654214
0.0167245873154
0.0157471763684
0.0160367796119
0.0125253402838
0.0110049232551
0.00933970460469
0.00908630176658
0.0105705183898
0.0132131479873
0.0174123950188
0.0254126846221
0.0352229944975
0.0478207355922
0.0610700839849
0.0756226469736
0.0801476976542
0.0837677381987
0.0748624384593
0.0660295395308
0.0533231972198
0.0363814074718
0.0272951057052
0.0203808282653
0.0146249637996
0.0108239212279
0.00879669852302
0.00883289892847
0.00897770055025
0.0121633362294
0.0124891398784
0.0156747755575
0.0144439617724
0.0132855487981
0.0106429192007
0.00640747176368
0.00318563567912
0.00173761946134
0.000325803649001
0.000253402838112
3.62004054445e-05
7.24008108891e-05
0.0
0.0
0.0
0.0
0.0
