60
3.62004054445e-05
0.0
7.24008108891e-05
3.62004054445e-05
0.000362004054445
0.00104981175789
0.00282363162467
0.00651607298002
0.0113669273096
0.0159281783956
0.0161453808283
0.0135751520417
0.0102809151462
0.00571966406024
0.0030046336519
0.00213582392123
0.00101361135245
0.000977410947003
0.000543006081668
0.000506805676224
0.000543006081668
0.000651607298002
0.001303214596
0.0023530263539
0.00503185635679
0.012054735013
0.0238922675934
0.0424630755864
0.0651607298002
0.0787720822473
0.0743194323776
0.0548436142485
0.0340283811179
0.0180278019114
0.00937590501014
0.00517665797857
0.00249782797567
0.001303214596
0.000977410947003
0.000760208514335
0.00141181581234
0.00173761946134
0.00307703446279
0.00792788879235
0.0191862148856
0.0401824500434
0.0724008108891
0.0973790906458
0.0966188821315
0.0736678250796
0.0383362293658
0.0150231682595
0.00535766000579
0.00152041702867
0.000325803649001
0.000108601216334
3.62004054445e-05
3.62004054445e-05
3.62004054445e-05
0.0
