60
0.0
0.0
0.0
0.0
0.0
3.62004054445e-05
0.0
0.000108601216334
0.000289603243556
0.000905010136114
0.00133941500145
0.00282363162467
0.00416304662612
0.00615406892557
0.00705907906169
0.00908630176658
0.0116927309586
0.0124167390675
0.0164349840718
0.0154937735303
0.0163987836664
0.0183536055604
0.0191500144802
0.0207790327252
0.0252678830003
0.0321097596293
0.0434766869389
0.056436432088
0.0746090356212
0.0856139588763
0.089415001448
0.0870619750941
0.0731610194034
0.0520199826238
0.0353677961193
0.0243266724587
0.0148421662323
0.0102447147408
0.0095931074428
0.00886909933391
0.00988271068636
0.0119099333913
0.013683753258
0.0148783666377
0.0156023747466
0.0148059658268
0.0120185346076
0.010099913119
0.00647987257457
0.00362004054445
0.00133941500145
0.00039820445989
0.000108601216334
3.62004054445e-05
0.0
0.0
3.62004054445e-05
0.0
0.0
0.0
