60
0.0
0.0
0.0
0.0
7.24008108891e-05
7.24008108891e-05
0.00039820445989
0.00119461337967
0.00383724297712
0.00876049811758
0.018570807993
0.0288517231393
0.0356573993629
0.0308427454387
0.0179554011005
0.0111859252824
0.00488705473501
0.00152041702867
0.00123081378511
0.000941210541558
0.000977410947003
0.00123081378511
0.00188242108312
0.00401824500434
0.0107153200116
0.0242542716478
0.0502823631625
0.0878221836085
0.123660584999
0.138937156096
0.129887054735
0.0969446857805
0.0559658268173
0.0275123081379
0.0140457573125
0.00466985230235
0.00213582392123
0.000543006081668
0.000362004054445
0.000253402838112
0.000253402838112
0.00039820445989
0.000724008108891
0.00137561540689
0.00206342311034
0.0039820445989
0.00742108311613
0.0106429192007
0.0108963220388
0.0095931074428
0.00633507095279
0.00275123081379
0.000977410947003
0.000217202432667
0.000217202432667
3.62004054445e-05
3.62004054445e-05
0.0
0.0
0.0
