60
0.0
0.0
0.0
0.0
0.0
3.62004054445e-05
0.000289603243556
0.000724008108891
0.00217202432667
0.00466985230235
0.00803649000869
0.00955690703736
0.0100637127136
0.0102809151462
0.00774688676513
0.00647987257457
0.00492325514046
0.00485085432957
0.00347523892268
0.00380104257168
0.00369244135534
0.00564726324935
0.00854329568491
0.0152403706922
0.0283811178685
0.0481103388358
0.0846727483348
0.12094555459
0.14820445989
0.142557196641
0.116167101072
0.0755502461628
0.0443092962641
0.0209600347524
0.00865189690125
0.00409064581523
0.00137561540689
0.000832609325224
0.00039820445989
0.000470605270779
0.000108601216334
0.000362004054445
0.000325803649001
0.000977410947003
0.00148421662323
0.00314943527368
0.0052852591949
0.00713147987257
0.00905010136114
0.0076382855488
0.0046336518969
0.00257022878656
0.000905010136114
0.000362004054445
7.24008108891e-05
3.62004054445e-05
0.0
0.0
0.0
0.0
