60
0.0
0.0
0.0
3.62004054445e-05
0.0
7.24008108891e-05
0.0
0.000181002027223
0.000760208514335
0.00166521865045
0.00322183608456
0.00362004054445
0.00296843324645
0.00155661743412
0.000868809730669
0.000579206487113
0.000325803649001
0.000181002027223
0.000108601216334
0.000108601216334
0.0
0.000181002027223
0.000434404865334
0.00119461337967
0.00369244135534
0.0102809151462
0.0291413263829
0.0722922096727
0.141326382855
0.197038806835
0.203699681436
0.157906168549
0.0894512018535
0.0384810309875
0.0149145670432
0.00582826527657
0.00173761946134
0.000506805676224
0.000543006081668
0.000289603243556
0.00039820445989
0.000470605270779
0.000470605270779
0.000941210541558
0.00104981175789
0.00155661743412
0.00199102229945
0.00184622067767
0.00228062554301
0.00206342311034
0.00104981175789
0.000470605270779
7.24008108891e-05
0.000144801621778
0.0
0.0
0.0
0.0
0.0
0.0
