60
0.0
0.0
0.0
0.0
0.0
3.62004054445e-05
3.62004054445e-05
0.000325803649001
0.000977410947003
0.00271503040834
0.00564726324935
0.0114755285259
0.0186794092094
0.0224080509702
0.0247972777295
0.0236750651607
0.0195844193455
0.0173037938025
0.0136113524471
0.0108963220388
0.0110049232551
0.0109325224443
0.0104619171735
0.012706342311
0.0162177816392
0.0191500144802
0.0252316825948
0.0331957717926
0.0359470026064
0.0402910512598
0.0456487112656
0.0469519258616
0.0494135534318
0.0479293368086
0.0452143064002
0.0448161019403
0.040146249638
0.0397118447727
0.038517231393
0.0327975673328
0.0345351867941
0.0289241239502
0.027114103678
0.0252316825948
0.0210324355633
0.0160729800174
0.0121633362294
0.00734868230524
0.00441644946423
0.00238922675934
0.00155661743412
0.000615406892557
0.000144801621778
0.0
0.0
0.0
0.0
0.0
0.0
0.0
