60
0.0
0.0
3.62004054445e-05
3.62004054445e-05
3.62004054445e-05
0.000289603243556
0.000941210541558
0.00228062554301
0.00629887054735
0.0117651317695
0.0170503909644
0.0197292209673
0.0171589921807
0.0132855487981
0.00847089487402
0.00412684622068
0.00296843324645
0.00152041702867
0.000687807703446
0.000905010136114
0.000687807703446
0.000977410947003
0.00173761946134
0.00354763973357
0.00850709527947
0.0193672169128
0.034607587605
0.066934549667
0.107153200116
0.12985085433
0.129018245004
0.101216333623
0.0610700839849
0.033630176658
0.0136113524471
0.00629887054735
0.00340283811179
0.00166521865045
0.000868809730669
0.000724008108891
0.00104981175789
0.000724008108891
0.00159281783956
0.00224442513756
0.00466985230235
0.00955690703736
0.0161815812337
0.0264262959745
0.0327613669273
0.0318563567912
0.0213220388068
0.012054735013
0.00423544743701
0.00191862148856
0.000615406892557
0.000253402838112
3.62004054445e-05
3.62004054445e-05
0.0
0.0
