60
0.0
0.0
0.0
0.0
0.0
0.0
3.62004054445e-05
0.000181002027223
0.000615406892557
0.00224442513756
0.00387344338257
0.00890529973936
0.0118737329858
0.014661164205
0.0186432088039
0.0163987836664
0.0142629597451
0.0136113524471
0.0146249637996
0.0139009556907
0.0151679698813
0.0163987836664
0.0207790327252
0.0250506805676
0.0334853750362
0.0385534317984
0.0478931364031
0.0514769765421
0.0573052418187
0.0557124239791
0.0536852012743
0.0502823631625
0.0435128873443
0.0337387778743
0.0258470894874
0.0248696785404
0.0189328120475
0.01629018245
0.0162177816392
0.0170141905589
0.0170141905589
0.0202360266435
0.0239284679988
0.0281277150304
0.028091514625
0.0257384882711
0.023530263539
0.0173399942079
0.0106067187953
0.00571966406024
0.00213582392123
0.00079640891978
0.000506805676224
0.000108601216334
7.24008108891e-05
0.0
0.0
0.0
0.0
0.0
