60
0.0
3.62004054445e-05
7.24008108891e-05
3.62004054445e-05
0.000289603243556
0.000579206487113
0.00202722270489
0.00543006081668
0.0123081378511
0.0219736461048
0.0301187373299
0.0310961482769
0.026136692731
0.0192586156965
0.00999131190269
0.00524905878946
0.00228062554301
0.000905010136114
0.000724008108891
0.000543006081668
0.000506805676224
0.000941210541558
0.00173761946134
0.00231682594845
0.00517665797857
0.0140457573125
0.0272227048943
0.0508253692441
0.0789168838691
0.106320590791
0.107298001738
0.0870619750941
0.0547350130321
0.0285983203012
0.0147335650159
0.00669707500724
0.00329423689545
0.00217202432667
0.00133941500145
0.000905010136114
0.00104981175789
0.001303214596
0.00209962351578
0.0043078482479
0.00749348392702
0.013683753258
0.0253040834057
0.0369244135534
0.0433680857226
0.0419200695048
0.0292861280046
0.0169779901535
0.00818129163047
0.00260642919201
0.00104981175789
0.000325803649001
0.000181002027223
0.0
3.62004054445e-05
0.0
