60
0.0
0.0
0.0
0.0
0.0
0.0
0.0
0.0
0.0
0.0
0.0
0.0
0.0
0.0
0.0
0.0
0.0
0.0
0.0
0.0
0.0
0.0
0.0
0.0
0.0
0.0
0.0
0.0
0.0
0.0
0.0
0.0
0.0
0.0
7.24008108891e-05
7.24008108891e-05
0.000289603243556
0.000941210541558
0.00191862148856
0.00532145960035
0.0153489719085
0.0340283811179
0.0688169707501
0.108565015928
0.149435273675
0.168512887344
0.159281783956
0.119606139589
0.0793874891399
0.0460831161309
0.0245800752968
0.0116203301477
0.00485085432957
0.000941210541558
0.000289603243556
3.62004054445e-05
0.0
0.0
0.0
0.0
