60
0.0
0.0
0.0
0.0
3.62004054445e-05
0.0
0.0
3.62004054445e-05
0.0
0.0
0.0
0.0
0.0
0.0
0.0
0.0
0.0
0.0
0.0
0.0
0.0
0.0
0.0
0.0
0.0
0.0
0.0
0.0
0.0
3.62004054445e-05
0.0
0.000181002027223
0.000543006081668
0.00231682594845
0.00477845351868
0.0115841297423
0.0268969012453
0.0436938893716
0.0617578916884
0.0668621488561
0.0651245293947
0.0613596872285
0.0602736750652
0.0552780191138
0.0568708369534
0.066608746018
0.0763466550825
0.0814147118448
0.0807631045468
0.0726904141326
0.0522733854619
0.0313133507095
0.0137199536635
0.00506805676224
0.001629018245
0.000506805676224
3.62004054445e-05
0.0
0.0
0.0
