60
0.0
0.0
0.0
0.0
0.0
0.0
0.0
0.0
0.0
0.0
0.0
0.0
0.0
0.0
0.0
0.0
0.0
0.0
0.0
0.0
0.0
0.0
0.0
0.0
0.0
0.0
0.0
0.0
0.0
0.0
0.0
7.24008108891e-05
0.000470605270779
0.00257022878656
0.011728931364
0.0322545612511
0.0691789748045
0.104763973357
0.131552273385
0.135932522444
0.127099623516
0.104510570518
0.0840211410368
0.0596220677672
0.0444178974805
0.0316029539531
0.0243628728642
0.0167245873154
0.0095931074428
0.00611786852013
0.00213582392123
0.000832609325224
0.000325803649001
7.24008108891e-05
3.62004054445e-05
0.0
0.0
0.0
0.0
0.0
