60
0.0
0.0
0.0
0.0
0.0
3.62004054445e-05
0.000181002027223
0.000579206487113
0.001629018245
0.0030046336519
0.00282363162467
0.00260642919201
0.00213582392123
0.00133941500145
0.00101361135245
0.000977410947003
0.000977410947003
0.00188242108312
0.00336663770634
0.00604546770924
0.0118737329858
0.0228062554301
0.0393860411237
0.0623008977701
0.0886185925282
0.100311323487
0.113524471474
0.105270779033
0.089740805097
0.0740660295395
0.0583188531712
0.0451057051839
0.0310961482769
0.0204532290762
0.0129597451491
0.00807269041413
0.00416304662612
0.00304083405734
0.00217202432667
0.00170141905589
0.00173761946134
0.00231682594845
0.00311323486823
0.00405444540979
0.00510425716768
0.00727628149435
0.0111135244715
0.0103895163626
0.0102809151462
0.0089415001448
0.00647987257457
0.00325803649001
0.00159281783956
0.000579206487113
0.000181002027223
0.0
0.0
0.0
0.0
0.0
