60
0.0
0.0
0.0
0.0
0.0
0.0
0.0
0.0
0.0
0.0
0.0
0.0
0.0
0.0
0.0
0.0
0.0
0.0
0.0
0.0
0.0
0.0
0.0
0.0
0.0
0.0
0.0
0.0
0.0
0.0
0.0
0.0
0.0
3.62004054445e-05
3.62004054445e-05
0.000434404865334
0.00347523892268
0.0139371560961
0.0382276281494
0.0769620619751
0.122646973646
0.153453518679
0.160259194903
0.144910222994
0.109578627281
0.0793874891399
0.0488705473501
0.0256298870547
0.013683753258
0.00600926730379
0.001629018245
0.000434404865334
0.000289603243556
7.24008108891e-05
3.62004054445e-05
0.0
0.0
0.0
0.0
0.0
