60
0.0
0.0
0.0
0.0
0.0
0.0
0.0
0.0
0.0
0.0
0.0
0.0
0.0
0.0
0.0
0.0
0.0
0.0
0.0
0.0
0.0
0.0
0.0
0.0
0.0
0.0
0.0
0.0
0.0
0.0
0.0
0.0
0.0
0.0
0.000108601216334
0.000543006081668
0.00264262959745
0.00582826527657
0.0129235447437
0.0224804517811
0.0317839559803
0.0400738488271
0.0487257457284
0.0660295395308
0.0799304952215
0.105668983493
0.129742253113
0.139842166232
0.131081668115
0.0950260642919
0.0547712134376
0.0228062554301
0.00767448595424
0.00177381986678
0.00039820445989
0.000144801621778
0.0
0.0
0.0
0.0
