60
0.0
0.0
0.0
0.0
0.0
0.0
0.0
0.0
0.0
0.0
0.0
0.0
0.0
0.0
0.0
0.0
0.0
0.0
0.0
0.0
0.0
0.0
0.0
0.0
0.0
0.0
0.0
0.0
0.0
0.0
7.24008108891e-05
0.000687807703446
0.00282363162467
0.00695047784535
0.0151679698813
0.0270779032725
0.0390602374747
0.0573776426296
0.0694685780481
0.0782652765711
0.0849261511729
0.0831161309007
0.0883651896901
0.0889805965827
0.0809803069794
0.078663481031
0.0636765131769
0.0514769765421
0.0350781928758
0.0236750651607
0.0135389516363
0.00611786852013
0.00293223284101
0.00108601216334
0.000253402838112
0.000108601216334
0.0
7.24008108891e-05
0.0
0.0
