60
0.0
0.0
0.0
0.0
0.0
0.0
7.24008108891e-05
0.000325803649001
0.000760208514335
0.00217202432667
0.00322183608456
0.00289603243556
0.00311323486823
0.00191862148856
0.00119461337967
0.000615406892557
0.000289603243556
0.000108601216334
0.000108601216334
7.24008108891e-05
0.000108601216334
0.000108601216334
7.24008108891e-05
0.000144801621778
7.24008108891e-05
0.000253402838112
0.000181002027223
7.24008108891e-05
0.000144801621778
3.62004054445e-05
0.0
7.24008108891e-05
0.0
0.0
0.0
0.0
0.0
3.62004054445e-05
3.62004054445e-05
0.0
0.000144801621778
0.00039820445989
0.000941210541558
0.00285983203012
0.00792788879235
0.0217926440776
0.0557124239791
0.12460179554
0.200767448595
0.235049232551
0.188459310744
0.0980668983493
0.035259194903
0.00767448595424
0.00181002027223
0.000253402838112
7.24008108891e-05
0.0
0.0
0.0
