60
0.0
0.0
0.0
0.0
0.0
0.0
0.0
0.0
0.0
0.0
0.0
0.0
0.0
0.0
0.0
0.0
0.0
0.0
0.0
0.0
0.0
0.0
0.0
0.0
0.0
0.0
0.0
0.0
0.0
7.24008108891e-05
0.000289603243556
0.00112221256878
0.00336663770634
0.00807269041413
0.0144801621778
0.0246162757023
0.0369606139589
0.0444540978859
0.0468795250507
0.0478207355922
0.0470243266725
0.0455039096438
0.0466261222126
0.048617144512
0.0536490008688
0.0695047784535
0.0867723718506
0.0948450622647
0.0969446857805
0.0814871126557
0.0545540110049
0.0293585288155
0.0117651317695
0.0036562409499
0.00115841297423
0.000217202432667
7.24008108891e-05
3.62004054445e-05
7.24008108891e-05
0.0
