60
0.0
0.0
0.0
0.0
0.0
0.000108601216334
0.00191862148856
0.00886909933391
0.0319287576021
0.0918042282074
0.163082826528
0.205256298871
0.187771503041
0.134303504199
0.0779756733275
0.04601071532
0.0236750651607
0.0129597451491
0.00655227338546
0.00271503040834
0.001629018245
0.00112221256878
0.00039820445989
0.000144801621778
7.24008108891e-05
0.0
7.24008108891e-05
0.0
0.0
0.0
3.62004054445e-05
0.0
0.0
0.0
0.0
0.0
0.0
0.0
0.0
3.62004054445e-05
0.0
0.0
3.62004054445e-05
0.000108601216334
7.24008108891e-05
0.000181002027223
0.000181002027223
0.000217202432667
0.000362004054445
0.000253402838112
7.24008108891e-05
7.24008108891e-05
0.0
0.0
0.0
0.0
0.0
0.0
0.0
0.0
