60
0.0
0.0
0.0
0.0
0.0
0.0
0.0
0.0
0.0
0.0
0.0
0.0
0.0
0.0
0.0
0.0
0.0
0.0
0.0
0.0
0.0
0.0
0.0
0.0
0.0
0.0
0.0
0.0
0.0
0.0
0.0
0.0
0.0
0.000108601216334
7.24008108891e-05
0.000760208514335
0.00521285838401
0.0187156096148
0.050897770055
0.100057920649
0.155661743412
0.18118302925
0.167499275992
0.126267014191
0.0897770055025
0.051549377353
0.0289603243556
0.0137561540689
0.00608166811468
0.00213582392123
0.000615406892557
0.000434404865334
0.000144801621778
3.62004054445e-05
0.0
3.62004054445e-05
3.62004054445e-05
0.0
0.0
0.0
