60
0.0
0.0
0.0
0.0
0.0
0.0
0.0
0.0
0.0
0.0
0.0
0.0
0.0
0.0
0.0
0.0
0.0
0.0
0.0
0.0
0.0
0.0
0.0
0.0
0.0
0.0
0.0
0.0
0.0
0.0
0.0
0.0
0.0
0.000108601216334
0.000470605270779
0.00314943527368
0.0134665508254
0.0388792354474
0.0763104546771
0.111280046337
0.135606718795
0.13643932812
0.118918331885
0.0997321169997
0.0834057341442
0.0680567622357
0.0523819866783
0.0351143932812
0.0162539820446
0.00774688676513
0.00206342311034
0.000543006081668
3.62004054445e-05
0.0
3.62004054445e-05
0.0
0.0
0.0
0.0
0.0
