60
0.0
0.0
0.0
0.0
0.0
0.0
0.0
0.0
0.0
0.0
0.0
0.0
0.0
0.0
0.0
0.0
0.0
0.0
0.0
0.0
0.0
0.0
0.0
0.0
0.0
0.0
0.0
0.0
0.0
0.0
0.0
0.0
0.0
3.62004054445e-05
3.62004054445e-05
0.000470605270779
0.00137561540689
0.00535766000579
0.00966550825369
0.0167245873154
0.0205980306979
0.0213944396177
0.0208876339415
0.0261728931364
0.0335215754416
0.0542644077614
0.0904286128005
0.136004923255
0.169598899508
0.171191717347
0.124167390675
0.0658123370982
0.0247248769186
0.00586446568202
0.00141181581234
0.000289603243556
0.0
0.0
0.0
0.0
