60
0.0
3.62004054445e-05
7.24008108891e-05
0.0
0.0
3.62004054445e-05
7.24008108891e-05
7.24008108891e-05
3.62004054445e-05
7.24008108891e-05
3.62004054445e-05
0.0
0.0
0.0
0.0
0.0
0.0
0.0
0.0
0.0
0.0
0.0
0.0
0.0
0.0
0.0
0.0
0.0
0.0
0.0
0.0
0.000253402838112
0.000760208514335
0.00351143932812
0.00839849406313
0.0186070083985
0.0360194034173
0.0592238633073
0.0736316246742
0.0735230234579
0.0650883289893
0.0524181870837
0.0392774399073
0.029394729221
0.0234216623226
0.0223356501593
0.027114103678
0.0417390674776
0.0605632783087
0.0839125398204
0.0918766290182
0.0805821025195
0.0566536345207
0.0305893426006
0.0133941500145
0.00485085432957
0.00184622067767
0.000506805676224
7.24008108891e-05
0.0
