60
0.0
0.0
0.0
0.0
0.0
0.0
0.0
0.0
0.0
0.0
0.0
0.0
0.0
0.0
0.0
0.0
0.0
0.0
0.0
0.0
0.0
0.0
0.0
0.0
0.0
0.0
0.0
0.0
0.0
0.0
0.0
0.0
0.0
0.0
0.0
0.0
0.0
3.62004054445e-05
0.0
0.0
3.62004054445e-05
7.24008108891e-05
0.000181002027223
0.000506805676224
0.00224442513756
0.00930350419925
0.0291413263829
0.0733058210252
0.146684042861
0.211736171445
0.219917463076
0.165544454098
0.0890529973936
0.036888213148
0.0112221256878
0.00293223284101
0.000760208514335
0.000253402838112
0.000144801621778
3.62004054445e-05
