60
0.0
0.0
0.0
0.0
0.0
0.0
0.0
0.0
0.0
0.0
0.0
0.0
0.0
0.0
0.0
0.0
0.0
0.0
0.0
0.0
0.0
0.0
0.0
0.0
0.0
0.0
0.0
0.0
0.0
0.0
3.62004054445e-05
0.000144801621778
0.000434404865334
0.000868809730669
0.0026788300029
0.0066608746018
0.0148421662323
0.0268245004344
0.0389516362583
0.0502099623516
0.0556038227628
0.0573052418187
0.056110628439
0.0556762235737
0.0577034462786
0.0590790616855
0.072799015349
0.0834057341442
0.0951708659137
0.0967998841587
0.0784824790038
0.0500651607298
0.0270055024616
0.00970170865914
0.00257022878656
0.00079640891978
3.62004054445e-05
3.62004054445e-05
0.0
0.0
