60
3.62004054445e-05
0.0
0.0
0.0
0.0
0.0
0.0
0.0
0.0
0.0
0.0
0.0
0.0
0.0
0.0
0.0
0.0
0.0
0.0
0.0
0.0
0.0
0.0
0.0
0.0
0.0
0.0
0.0
0.0
0.0
0.0
0.0
0.0
0.0
0.0
0.0
0.000181002027223
0.000325803649001
0.00108601216334
0.0023530263539
0.0036562409499
0.0066608746018
0.00886909933391
0.0112583260933
0.0213944396177
0.0439834926151
0.0905010136114
0.15472053287
0.216804228207
0.205401100492
0.135244714741
0.0645453229076
0.0240008688097
0.00611786852013
0.00246162757023
0.000289603243556
3.62004054445e-05
3.62004054445e-05
0.0
3.62004054445e-05
