60
0.0
0.0
0.0
0.0
0.0
0.0
0.0
0.0
0.0
0.0
0.0
0.0
0.0
0.0
0.0
0.0
0.0
0.0
0.0
0.0
0.0
0.0
0.0
0.0
0.0
0.0
0.0
0.0
0.0
0.0
0.0
3.62004054445e-05
3.62004054445e-05
0.000108601216334
0.000579206487113
0.00144801621778
0.0039820445989
0.00944830582103
0.0189328120475
0.0363090066609
0.0615768896612
0.0923110338836
0.123008977701
0.148385461917
0.152439907327
0.137054735013
0.102555748624
0.0619026933102
0.030697943817
0.0121271358239
0.00423544743701
0.00155661743412
0.00108601216334
0.000108601216334
0.0
3.62004054445e-05
3.62004054445e-05
0.0
0.0
0.0
