60
0.0
0.0
0.0
0.0
0.0
0.0
0.0
0.0
0.0
0.0
0.0
0.0
0.0
0.0
0.0
0.0
0.0
0.0
0.0
0.0
0.0
0.0
0.0
0.0
0.0
0.0
0.0
0.0
0.0
0.0
0.0
0.0
0.0
0.0
3.62004054445e-05
7.24008108891e-05
0.000108601216334
0.000434404865334
0.000615406892557
0.000579206487113
0.00159281783956
0.00213582392123
0.00246162757023
0.00383724297712
0.00792788879235
0.017919200695
0.0431146828844
0.0958948740226
0.174341152621
0.226614538083
0.215754416449
0.1303214596
0.057739646684
0.0154213727194
0.00249782797567
0.000470605270779
0.000108601216334
0.0
0.0
0.0
