60
0.0
0.0
0.0
0.0
0.0
0.0
0.0
0.0
0.0
0.0
0.0
0.0
0.0
0.0
0.0
0.0
0.0
0.0
0.0
0.0
0.0
0.0
0.0
0.0
0.0
0.0
0.0
0.0
0.0
0.0
0.0
0.0
0.0
0.0
0.000506805676224
0.00115841297423
0.0043078482479
0.0135751520417
0.0354401969302
0.0745366348103
0.12094555459
0.148095858674
0.155770344628
0.134593107443
0.105270779033
0.0781928757602
0.0530335939763
0.0364176078772
0.0211410367796
0.00962930784825
0.00445264986968
0.00206342311034
0.000687807703446
7.24008108891e-05
7.24008108891e-05
3.62004054445e-05
0.0
0.0
0.0
0.0
