60
0.0
0.0
0.0
0.0
0.0
0.0
0.0
0.0
0.0
0.0
0.0
0.0
0.0
0.0
0.0
0.0
0.0
0.0
0.0
0.0
0.0
0.0
0.0
0.0
0.0
0.0
0.0
0.0
0.0
0.0
0.0
0.0
0.0
3.62004054445e-05
0.000108601216334
0.000434404865334
0.000905010136114
0.00209962351578
0.00325803649001
0.00626267014191
0.00970170865914
0.0114755285259
0.0154213727194
0.0184260063713
0.0226976542137
0.0387344338257
0.0687445699392
0.114139878367
0.178359397625
0.203916883869
0.164277439907
0.0922748334781
0.0347885896322
0.0105343179844
0.00282363162467
0.000506805676224
7.24008108891e-05
0.0
0.0
0.0
