60
0.0
0.0
0.0
0.0
0.0
0.0
0.0
0.0
0.0
0.0
0.0
0.0
0.0
0.0
0.0
0.0
0.0
0.0
0.0
0.0
0.0
0.0
0.0
0.0
0.0
0.0
0.0
0.0
0.0
0.0
0.0
0.0
0.0
0.0
0.000253402838112
0.000868809730669
0.00220822473212
0.0056110628439
0.00988271068636
0.0153851723139
0.0236026643498
0.0327251665219
0.0452143064002
0.0632421083116
0.0847813495511
0.109071821604
0.127208224732
0.141398783666
0.129887054735
0.110592238633
0.0627715030408
0.0262090935418
0.00749348392702
0.00126701419056
0.000253402838112
7.24008108891e-05
0.0
0.0
0.0
0.0
