60
0.0
0.0
0.0
0.0
0.0
0.0
0.0
0.0
0.0
0.0
0.0
0.0
0.0
0.0
0.0
0.0
0.0
0.0
0.0
0.0
0.0
0.0
0.0
0.0
0.0
0.0
0.0
0.0
0.0
0.0
0.000108601216334
0.000832609325224
0.0023530263539
0.00709527946713
0.0178105994787
0.0341731827396
0.0598754706053
0.0869533738778
0.105415580655
0.122393570808
0.121379959456
0.104112366058
0.0922386330727
0.0716044019693
0.0550608166811
0.0425716768028
0.0302997393571
0.0215754416449
0.0129959455546
0.00691427743991
0.00325803649001
0.00079640891978
0.000181002027223
0.0
0.0
0.0
0.0
0.0
0.0
0.0
