60
7.24008108891e-05
0.000108601216334
3.62004054445e-05
3.62004054445e-05
0.000181002027223
0.000217202432667
0.000253402838112
0.000506805676224
0.000832609325224
0.000362004054445
0.000289603243556
3.62004054445e-05
0.0
0.0
0.0
0.0
0.0
0.0
0.0
0.0
0.0
0.0
0.0
0.0
0.0
0.0
0.0
0.0
0.0
0.0
0.0
0.0
0.000181002027223
0.000144801621778
0.00104981175789
0.00177381986678
0.00296843324645
0.00459745149146
0.00586446568202
0.00832609325224
0.0104981175789
0.00981030987547
0.0118013321749
0.0158195771793
0.0236026643498
0.0353315957139
0.0559658268173
0.0873153779322
0.126810020272
0.148711265566
0.155082536924
0.124746597162
0.0882565884738
0.0470243266725
0.0204170286707
0.00691427743991
0.00260642919201
0.000905010136114
0.000362004054445
0.000181002027223
