60
0.0
0.0
0.0
0.0
0.0
0.0
0.0
0.0
0.0
0.0
0.0
0.0
0.0
0.0
0.0
0.0
0.0
0.0
0.0
0.0
0.0
0.0
0.0
0.0
0.0
0.0
0.0
0.0
0.0
0.0
3.62004054445e-05
3.62004054445e-05
0.000289603243556
0.00112221256878
0.00394584419345
0.0108239212279
0.0199464233999
0.0323631624674
0.0422458731538
0.0499565595135
0.0614682884448
0.0733420214306
0.0844555459021
0.101252534028
0.117615117289
0.117506516073
0.10870981755
0.0838401390096
0.0502823631625
0.0272951057052
0.00919490298291
0.00343903851723
0.000615406892557
0.000181002027223
3.62004054445e-05
0.0
0.0
0.0
0.0
0.0
