60
0.0
0.0
0.0
3.62004054445e-05
0.0
0.0
0.0
0.0
0.0
0.0
0.0
0.0
0.0
0.0
0.0
0.0
0.0
0.0
0.0
0.0
0.0
0.0
0.0
0.0
0.0
0.0
0.0
0.0
0.0
0.0
0.0
3.62004054445e-05
3.62004054445e-05
0.000181002027223
0.000760208514335
0.0026788300029
0.00818129163047
0.0155661743412
0.0273675065161
0.0396394439618
0.0503185635679
0.0510063712714
0.0523819866783
0.0486533449175
0.051223573704
0.0605270779033
0.0659209383145
0.0836229365769
0.0974514914567
0.104003764842
0.0993339125398
0.0672965537214
0.0432956849117
0.0190052128584
0.00912250217202
0.00188242108312
0.000325803649001
0.000144801621778
0.0
0.0
