60
0.0
0.0
0.0
0.0
0.0
0.0
0.0
7.24008108891e-05
3.62004054445e-05
0.000144801621778
0.000144801621778
3.62004054445e-05
0.0
0.0
0.0
0.0
0.0
0.0
0.0
0.0
0.0
0.0
0.0
0.0
0.0
0.0
0.0
0.0
0.0
0.0
0.000144801621778
0.000977410947003
0.00246162757023
0.00644367216913
0.0187880104257
0.0386258326093
0.069866782508
0.0955690703736
0.100094121054
0.0897046046916
0.0758036490009
0.0587532580365
0.0487257457284
0.0400014480162
0.0356211989574
0.0372864176079
0.0410874601796
0.0465175209962
0.0527077903273
0.0508615696496
0.0430422820736
0.0258470894874
0.0144439617724
0.00474225311323
0.00108601216334
0.000253402838112
0.000108601216334
0.0
0.0
0.0
