60
0.0571604401969
0.0537214016797
0.0384810309875
0.0255574862438
0.0145163625833
0.0073124818998
0.0033304373009
0.00137561540689
0.00101361135245
0.000579206487113
0.000832609325224
0.000543006081668
0.00126701419056
0.001303214596
0.00253402838112
0.00637127135824
0.0123081378511
0.0229872574573
0.0354039965248
0.0516579785694
0.0569070373588
0.0498117578917
0.035584998552
0.0246524761077
0.0137199536635
0.00644367216913
0.00293223284101
0.00148421662323
0.000615406892557
0.000506805676224
0.000289603243556
0.000434404865334
0.00079640891978
0.00202722270489
0.00318563567912
0.00695047784535
0.0140457573125
0.0258832898928
0.039168838691
0.0518027801911
0.0562192296554
0.0508615696496
0.0354763973357
0.0224804517811
0.0132855487981
0.00600926730379
0.00278743121923
0.00173761946134
0.00104981175789
0.000687807703446
0.000724008108891
0.000687807703446
0.000832609325224
0.001629018245
0.00275123081379
0.00640747176368
0.0118737329858
0.0236026643498
0.0369606139589
0.0484361424848
