60
0.0
0.0
0.0
0.0
0.0
0.0
0.0
0.0
0.0
0.0
0.0
0.0
0.0
0.0
3.62004054445e-05
3.62004054445e-05
0.000144801621778
0.000434404865334
0.00119461337967
0.00152041702867
0.00466985230235
0.00883289892847
0.0170503909644
0.0350057920649
0.0569432377643
0.0902476107732
0.123950188242
0.149978279757
0.157073559224
0.146213437591
0.112221256878
0.0619026933102
0.0247248769186
0.00615406892557
0.00144801621778
0.000181002027223
3.62004054445e-05
0.0
0.0
0.0
0.0
0.0
0.0
0.0
0.0
0.0
0.0
0.0
0.0
0.0
0.0
0.0
0.0
0.0
0.0
0.0
0.0
0.0
0.0
0.0
