60
0.106356791196
0.0974152910513
0.0746814364321
0.0511511728931
0.0335939762525
0.0180278019114
0.011728931364
0.00517665797857
0.00340283811179
0.00181002027223
0.00101361135245
0.000687807703446
0.000868809730669
0.00170141905589
0.00322183608456
0.0052852591949
0.00952070663191
0.0154937735303
0.0210686359687
0.0225890529974
0.0171951925862
0.0104619171735
0.00503185635679
0.00246162757023
0.00079640891978
0.00039820445989
0.000325803649001
7.24008108891e-05
3.62004054445e-05
0.0
3.62004054445e-05
0.0
0.0
0.0
0.0
0.0
0.0
0.0
0.0
0.0
0.0
0.0
0.0
0.0
0.0
3.62004054445e-05
7.24008108891e-05
0.000217202432667
0.000615406892557
0.00155661743412
0.00380104257168
0.0099189110918
0.0174485954243
0.0288879235447
0.0372864176079
0.0446713003186
0.05904286128
0.0752606429192
0.0927454387489
0.106827396467
