60
0.0
0.0
0.0
0.0
0.0
0.0
0.0
0.0
0.0
0.0
0.0
3.62004054445e-05
3.62004054445e-05
0.0
0.000144801621778
0.000506805676224
0.00123081378511
0.00242542716478
0.00564726324935
0.0089415001448
0.0137923544744
0.0241456704315
0.0517303793802
0.102483347813
0.153091514625
0.187083695337
0.179807413843
0.13357949609
0.0779032725167
0.0382276281494
0.0137923544744
0.00412684622068
0.00104981175789
0.000217202432667
0.0
0.0
0.0
0.0
0.0
0.0
0.0
0.0
0.0
0.0
0.0
0.0
0.0
0.0
0.0
0.0
0.0
0.0
0.0
0.0
0.0
0.0
0.0
0.0
0.0
0.0
