60
0.0100275123081
0.0109325224443
0.0142991601506
0.0149145670432
0.0171589921807
0.0220098465103
0.0234216623226
0.0242180712424
0.0216840428613
0.013683753258
0.00905010136114
0.00622646973646
0.00423544743701
0.00343903851723
0.0030046336519
0.00249782797567
0.00383724297712
0.00597306689835
0.00999131190269
0.0178467998842
0.0308427454387
0.0499927599189
0.0786996814364
0.102628149435
0.11689110918
0.115443092963
0.0927092383435
0.0627715030408
0.0386982334202
0.0209238343469
0.0102809151462
0.00405444540979
0.00170141905589
0.00079640891978
0.000289603243556
7.24008108891e-05
3.62004054445e-05
0.0
0.0
3.62004054445e-05
3.62004054445e-05
3.62004054445e-05
0.000108601216334
0.0
0.0
7.24008108891e-05
0.0
3.62004054445e-05
7.24008108891e-05
7.24008108891e-05
0.000325803649001
0.000615406892557
0.00133941500145
0.00184622067767
0.00249782797567
0.00369244135534
0.00387344338257
0.00550246162757
0.00604546770924
0.00850709527947
