60
0.0
7.24008108891e-05
3.62004054445e-05
3.62004054445e-05
3.62004054445e-05
0.000108601216334
7.24008108891e-05
7.24008108891e-05
0.000543006081668
0.000760208514335
0.000868809730669
0.001303214596
0.00137561540689
0.000868809730669
0.00112221256878
0.000941210541558
0.000651607298002
0.00141181581234
0.00159281783956
0.00358384013901
0.00680567622357
0.0101361135245
0.0184984071822
0.0302997393571
0.0523819866783
0.0916232261801
0.138756154069
0.169888502751
0.165653055314
0.135932522444
0.0818853171156
0.046662322618
0.0208152331306
0.00948450622647
0.00347523892268
0.00123081378511
0.000470605270779
0.000253402838112
3.62004054445e-05
0.0
3.62004054445e-05
0.0
0.0
0.0
0.0
0.0
0.0
0.0
0.0
0.0
0.0
0.0
3.62004054445e-05
3.62004054445e-05
0.0
0.0
0.0
3.62004054445e-05
3.62004054445e-05
7.24008108891e-05
