60
0.00955690703736
0.0128149435274
0.0183898059658
0.0259556907037
0.0451781059948
0.0630973066898
0.0831885317116
0.0775774688677
0.0567260353316
0.0331233709818
0.014335360556
0.00586446568202
0.00264262959745
0.00144801621778
0.00112221256878
0.00166521865045
0.00249782797567
0.00553866203301
0.00843469446858
0.0113307269041
0.0157833767738
0.0167607877208
0.0201636258326
0.0226976542137
0.025159281784
0.0273675065161
0.0270055024616
0.0252678830003
0.0202360266435
0.012706342311
0.00807269041413
0.0033304373009
0.00141181581234
0.000724008108891
0.00039820445989
0.000362004054445
0.000217202432667
0.000181002027223
0.000253402838112
0.000470605270779
0.00039820445989
0.000434404865334
0.00104981175789
0.00228062554301
0.00423544743701
0.00713147987257
0.0119823342021
0.0157109759629
0.0196568201564
0.0194034173183
0.023530263539
0.027765710976
0.0314943527368
0.0292861280046
0.0254126846221
0.0206704315088
0.0155661743412
0.013357949609
0.0117651317695
0.00981030987547
