60
0.0
0.0
0.0
0.0
0.0
0.0
0.0
0.0
0.0
0.0
0.0
0.000217202432667
0.000325803649001
0.00181002027223
0.00557486243846
0.0145887633942
0.0339197799015
0.0612510860122
0.100528525919
0.127497827976
0.14661164205
0.143715609615
0.120040544454
0.0938676513177
0.0665001448016
0.0422096727483
0.0226252534028
0.0119461337967
0.00485085432957
0.00141181581234
0.000434404865334
7.24008108891e-05
0.0
0.0
0.0
0.0
0.0
0.0
0.0
0.0
0.0
0.0
0.0
0.0
0.0
0.0
0.0
0.0
0.0
0.0
0.0
0.0
0.0
0.0
0.0
0.0
0.0
0.0
0.0
0.0
