60
0.118447726615
0.110230234579
0.0840935418477
0.0618302924993
0.0369968143643
0.0251230813785
0.0148783666377
0.00749348392702
0.00539386041124
0.00296843324645
0.00260642919201
0.001629018245
0.00166521865045
0.00166521865045
0.00148421662323
0.00195482189401
0.00318563567912
0.00514045757312
0.00814509122502
0.0116565305531
0.0173761946134
0.0215754416449
0.024507674486
0.0286345207066
0.027765710976
0.0191500144802
0.0133217492036
0.0069866782508
0.00347523892268
0.00137561540689
0.000543006081668
0.000506805676224
3.62004054445e-05
0.0
0.0
0.0
0.0
0.0
0.0
0.0
0.0
0.0
0.0
0.0
0.0
0.0
0.0
0.0
7.24008108891e-05
0.000217202432667
0.000325803649001
0.000724008108891
0.00184622067767
0.00474225311323
0.0100637127136
0.0203446278598
0.0371778163915
0.0609614827686
0.0841659426586
0.10751520417
