60
0.118411526209
0.0950622646974
0.0703373877787
0.0422096727483
0.0231682594845
0.0121271358239
0.00727628149435
0.00590066608746
0.0036562409499
0.00293223284101
0.00166521865045
0.00101361135245
0.000470605270779
7.24008108891e-05
3.62004054445e-05
0.0
0.0
0.0
0.0
0.0
0.0
0.0
0.0
0.0
0.0
0.0
0.0
0.0
0.0
0.0
0.0
0.0
0.0
0.0
0.0
0.0
0.0
0.0
0.0
0.0
0.0
0.0
0.0
0.0
0.0
0.000108601216334
0.000181002027223
0.000144801621778
0.000108601216334
0.00079640891978
0.00188242108312
0.0033304373009
0.00865189690125
0.0187156096148
0.0363814074718
0.0584998551984
0.0928902403707
0.126556617434
0.134267303794
0.133145091225
