60
0.0
0.0
0.0
0.0
3.62004054445e-05
0.000217202432667
0.00079640891978
0.00159281783956
0.00246162757023
0.0052852591949
0.00745728352158
0.0117651317695
0.0140457573125
0.0165435852882
0.0195482189401
0.026136692731
0.0383000289603
0.0604908774978
0.0869171734723
0.11848392702
0.145815233131
0.1429554011
0.123551983782
0.089089197799
0.0505357660006
0.0222632493484
0.00970170865914
0.00340283811179
0.001303214596
0.000651607298002
0.000289603243556
0.000289603243556
7.24008108891e-05
0.0
0.0
0.0
0.0
0.0
0.0
0.0
0.0
0.0
0.0
0.0
0.0
0.0
0.0
0.0
0.0
0.0
0.0
0.0
0.0
0.0
0.0
0.0
0.0
0.0
0.0
0.0
