60
0.0449971039676
0.0310961482769
0.0199102229945
0.0149507674486
0.00952070663191
0.0069866782508
0.00521285838401
0.00376484216623
0.00228062554301
0.00155661743412
0.00101361135245
0.000289603243556
0.000687807703446
0.000253402838112
0.000434404865334
0.000615406892557
0.000651607298002
0.00104981175789
0.00242542716478
0.00369244135534
0.00633507095279
0.00854329568491
0.00941210541558
0.0108963220388
0.00810889081958
0.00615406892557
0.0039820445989
0.00188242108312
0.00173761946134
0.00123081378511
0.00181002027223
0.00170141905589
0.00224442513756
0.00390964378801
0.00521285838401
0.00745728352158
0.00948450622647
0.0103533159571
0.0102085143354
0.00933970460469
0.00832609325224
0.00724008108891
0.00756588473791
0.0052852591949
0.00582826527657
0.00619026933102
0.00749348392702
0.00886909933391
0.0131769475818
0.0182812047495
0.0259556907037
0.0343541847669
0.0471691282942
0.0617940920938
0.0706631914277
0.0818129163047
0.0881841876629
0.0885461917173
0.0797856935998
0.0620836953374
