60
0.001303214596
0.00108601216334
0.000941210541558
0.000615406892557
0.000832609325224
0.000832609325224
0.000905010136114
0.00112221256878
0.001303214596
0.00115841297423
0.00115841297423
0.00101361135245
0.00115841297423
0.00173761946134
0.00141181581234
0.00253402838112
0.00412684622068
0.00629887054735
0.0141543585288
0.0251954821894
0.0431508832899
0.073124818998
0.104329568491
0.129018245004
0.148964668404
0.139516362583
0.115153489719
0.0753330437301
0.0409426585578
0.0207790327252
0.00865189690125
0.00358384013901
0.00112221256878
0.000362004054445
0.000108601216334
3.62004054445e-05
0.0
0.0
0.0
0.0
0.0
0.0
0.0
0.0
0.0
3.62004054445e-05
3.62004054445e-05
0.000253402838112
0.000325803649001
0.00112221256878
0.00191862148856
0.00296843324645
0.00329423689545
0.00383724297712
0.00336663770634
0.00289603243556
0.00231682594845
0.00170141905589
0.001303214596
0.00155661743412
