60
0.0147335650159
0.0108963220388
0.0114755285259
0.010099913119
0.00981030987547
0.00789168838691
0.00756588473791
0.00524905878946
0.00409064581523
0.00249782797567
0.001629018245
0.00112221256878
0.000905010136114
0.000760208514335
0.00104981175789
0.00155661743412
0.00264262959745
0.00383724297712
0.00847089487402
0.0130683463655
0.0191500144802
0.0307341442224
0.0405806545033
0.041449464234
0.034933391254
0.0285983203012
0.0174485954243
0.011403127715
0.00789168838691
0.00687807703446
0.00590066608746
0.00669707500724
0.00615406892557
0.00767448595424
0.0100637127136
0.0109325224443
0.0135389516363
0.0158557775847
0.0210324355633
0.0184622067767
0.015312771503
0.00923110338836
0.00615406892557
0.00322183608456
0.00242542716478
0.0033304373009
0.00832609325224
0.0155299739357
0.024181870837
0.0313133507095
0.0445264986968
0.0494859542427
0.053830002896
0.057088039386
0.0543730089777
0.045359108022
0.0358384013901
0.027765710976
0.0210686359687
0.0169055893426
