60
0.0111135244715
0.00778308717058
0.00506805676224
0.00293223284101
0.00170141905589
0.00141181581234
0.000977410947003
0.000615406892557
0.000434404865334
0.000362004054445
0.000434404865334
0.000651607298002
0.000506805676224
0.00101361135245
0.00173761946134
0.00307703446279
0.00716768027802
0.0124167390675
0.0247610773241
0.0425716768028
0.0666449464234
0.0908992180712
0.112293657689
0.110664639444
0.10545178106
0.08876339415
0.0704097885896
0.0445626991022
0.0260642919201
0.0126339415001
0.00550246162757
0.00231682594845
0.000651607298002
0.000289603243556
7.24008108891e-05
0.0
0.000108601216334
0.0
0.0
0.0
0.0
0.0
0.0
3.62004054445e-05
3.62004054445e-05
0.000253402838112
0.000760208514335
0.000941210541558
0.00220822473212
0.00362004054445
0.00789168838691
0.00836229365769
0.011728931364
0.0121633362294
0.0138285548798
0.0149145670432
0.0152041702867
0.0157109759629
0.015312771503
0.0129597451491
