60
0.000868809730669
0.000724008108891
0.000760208514335
0.000325803649001
0.000217202432667
0.000217202432667
0.000108601216334
0.000108601216334
0.0
0.0
0.0
0.0
0.0
0.0
0.0
0.0
0.0
0.0
0.0
7.24008108891e-05
0.000217202432667
0.000362004054445
0.000941210541558
0.001629018245
0.00206342311034
0.00318563567912
0.00369244135534
0.00543006081668
0.00749348392702
0.0100637127136
0.01303214596
0.0196930205618
0.0291413263829
0.0429698812627
0.0633507095279
0.0776136692731
0.0930350419925
0.100564726325
0.0918042282074
0.0755864465682
0.0586808572256
0.0411960613959
0.026136692731
0.0173037938025
0.0108239212279
0.00868809730669
0.0069866782508
0.00727628149435
0.0089415001448
0.0120909354185
0.0178830002896
0.0246162757023
0.0277295105705
0.0291051259774
0.0220822473212
0.015638575152
0.00966550825369
0.00550246162757
0.00278743121923
0.00159281783956
