60
0.00955690703736
0.00506805676224
0.00257022878656
0.00079640891978
0.000325803649001
3.62004054445e-05
0.0
3.62004054445e-05
0.0
3.62004054445e-05
0.0
0.0
0.0
0.0
0.0
0.0
0.0
0.0
0.0
0.0
0.0
0.0
0.0
0.0
0.0
0.0
0.0
0.0
0.0
0.0
0.0
0.0
0.0
0.0
0.0
0.0
0.0
0.0
0.0
0.0
0.0
0.0
0.0
0.0
0.0
0.0
3.62004054445e-05
3.62004054445e-05
0.000325803649001
0.00231682594845
0.0125977410947
0.0422820735592
0.10338835795
0.175209962352
0.212785983203
0.188205907906
0.122683174052
0.0680929626412
0.0344627859832
0.0191500144802
