60
0.00257022878656
0.00195482189401
0.00184622067767
0.00133941500145
0.000760208514335
0.000434404865334
0.000325803649001
0.000325803649001
0.000253402838112
0.000253402838112
0.000543006081668
0.000724008108891
0.00152041702867
0.00195482189401
0.00387344338257
0.00680567622357
0.0130683463655
0.0274761077324
0.0507167680278
0.0866999710397
0.124674196351
0.15352591949
0.143932812047
0.119135534318
0.0795322907617
0.0545178105995
0.0363452070663
0.024507674486
0.0121633362294
0.00539386041124
0.00202722270489
0.000651607298002
0.00039820445989
3.62004054445e-05
0.0
0.0
0.0
0.0
0.0
0.0
0.0
0.0
0.0
0.0
0.0
3.62004054445e-05
3.62004054445e-05
0.000108601216334
0.000325803649001
0.000905010136114
0.0023530263539
0.00387344338257
0.00582826527657
0.0049594555459
0.00477845351868
0.00340283811179
0.00376484216623
0.00362004054445
0.00318563567912
0.00253402838112
