60
0.0
0.0
0.0
0.0
0.0
0.0
0.0
0.0
0.0
0.0
0.0
0.0
0.0
0.0
0.0
0.0
0.0
0.0
0.0
0.0
0.0
0.0
0.0
0.0
0.0
0.0
0.0
0.0
0.0
3.62004054445e-05
7.24008108891e-05
7.24008108891e-05
7.24008108891e-05
0.0
3.62004054445e-05
3.62004054445e-05
0.0
3.62004054445e-05
3.62004054445e-05
0.000108601216334
0.000289603243556
0.000470605270779
0.00166521865045
0.00514045757312
0.0115841297423
0.0283811178685
0.0620112945265
0.11156964958
0.167245873154
0.203663481031
0.183898059658
0.131660874602
0.0624094989864
0.0220822473212
0.00535766000579
0.00166521865045
0.000144801621778
0.000217202432667
3.62004054445e-05
0.0
