60
0.0
0.0
0.0
0.0
0.0
0.0
0.0
3.62004054445e-05
0.000181002027223
0.000615406892557
0.000579206487113
0.00170141905589
0.00336663770634
0.00807269041413
0.0219736461048
0.0412322618013
0.0712423979149
0.0996235157834
0.122248769186
0.132167680278
0.126158412974
0.108347813496
0.0895960034752
0.069866782508
0.051875181002
0.0304807413843
0.0139371560961
0.00434404865334
0.00188242108312
0.000362004054445
0.000108601216334
0.0
0.0
0.0
0.0
0.0
0.0
0.0
0.0
0.0
0.0
0.0
0.0
0.0
0.0
0.0
0.0
0.0
0.0
0.0
0.0
0.0
0.0
0.0
0.0
0.0
0.0
0.0
0.0
0.0
