60
0.0181364031277
0.0139371560961
0.0116203301477
0.00955690703736
0.0066608746018
0.00568346365479
0.00387344338257
0.00466985230235
0.00362004054445
0.00369244135534
0.00369244135534
0.00448885027512
0.00405444540979
0.00416304662612
0.00524905878946
0.00604546770924
0.00637127135824
0.00901390095569
0.0118737329858
0.0183174051549
0.0234578627281
0.0319649580075
0.0367072111208
0.042101071532
0.0482551404576
0.0509339704605
0.0452505068057
0.0377570228787
0.0270779032725
0.0173761946134
0.00937590501014
0.00575586446568
0.00238922675934
0.00108601216334
0.000253402838112
0.000325803649001
7.24008108891e-05
0.0
0.0
3.62004054445e-05
0.0
0.0
0.000108601216334
0.000253402838112
0.000362004054445
0.00079640891978
0.00199102229945
0.00409064581523
0.0102085143354
0.0177743990733
0.0321459600348
0.0487257457284
0.0591514624964
0.0627353026354
0.0571242397915
0.0507529684332
0.0386258326093
0.0317477555749
0.0275485085433
0.0209600347524
