60
0.0729076165653
0.0470967274833
0.0279829134086
0.0157471763684
0.0113307269041
0.00821749203591
0.00771068635969
0.00633507095279
0.00586446568202
0.00557486243846
0.00452505068057
0.00456125108601
0.00394584419345
0.00380104257168
0.00354763973357
0.00340283811179
0.0026788300029
0.00257022878656
0.00177381986678
0.00173761946134
0.000941210541558
0.000905010136114
0.00079640891978
0.000579206487113
0.000651607298002
0.000832609325224
0.000543006081668
0.000108601216334
0.000108601216334
3.62004054445e-05
3.62004054445e-05
0.0
0.0
0.0
0.0
0.0
0.0
0.0
0.0
3.62004054445e-05
0.0
0.0
0.0
0.0
3.62004054445e-05
3.62004054445e-05
0.000325803649001
0.000724008108891
0.00079640891978
0.00296843324645
0.00742108311613
0.013683753258
0.0282725166522
0.0471329278888
0.0746452360266
0.100021720243
0.117035910802
0.132638285549
0.126086012163
0.101288734434
