60
0.143570807993
0.194178974805
0.200007240081
0.12659281784
0.057088039386
0.018245004344
0.00622646973646
0.00217202432667
0.00112221256878
0.000434404865334
7.24008108891e-05
0.000181002027223
0.000217202432667
0.000144801621778
0.0
3.62004054445e-05
3.62004054445e-05
0.0
3.62004054445e-05
0.0
0.0
3.62004054445e-05
0.0
0.0
0.0
0.0
0.0
0.0
0.0
0.0
0.0
0.0
0.0
0.0
0.0
0.0
0.0
0.0
0.0
0.0
0.0
0.0
0.0
0.0
3.62004054445e-05
0.000108601216334
0.000181002027223
0.000470605270779
0.000868809730669
0.00101361135245
0.00144801621778
0.00177381986678
0.00257022878656
0.00452505068057
0.0082898928468
0.0165435852882
0.0274761077324
0.0406530553142
0.0579930495222
0.0856501592818
