60
0.000144801621778
0.0
3.62004054445e-05
0.0
7.24008108891e-05
0.0
0.0
0.0
0.0
3.62004054445e-05
0.000217202432667
0.000506805676224
0.00101361135245
0.00217202432667
0.00477845351868
0.0103171155517
0.0207428323197
0.0389878366638
0.0608528815523
0.0856501592818
0.0971618882131
0.0917680278019
0.0677671589922
0.0423906747756
0.0211048363742
0.00995511149725
0.00474225311323
0.00188242108312
0.00104981175789
0.00039820445989
0.000144801621778
0.000108601216334
7.24008108891e-05
3.62004054445e-05
0.0
0.0
3.62004054445e-05
0.0
0.0
0.000108601216334
0.000217202432667
0.000362004054445
0.00079640891978
0.000724008108891
0.00318563567912
0.00658847379091
0.01303214596
0.0229148566464
0.0353677961193
0.0511149724877
0.0665363452071
0.0708803938604
0.0641471184477
0.0504995655951
0.0260280915146
0.0147697654214
0.00553866203301
0.00213582392123
0.000760208514335
0.000144801621778
