60
0.0555314219519
0.0241094700261
0.0066608746018
0.00260642919201
0.000470605270779
0.000144801621778
0.000108601216334
7.24008108891e-05
0.0
7.24008108891e-05
0.0
0.0
0.0
0.0
0.0
0.0
0.0
0.0
0.0
0.0
0.0
0.0
0.0
0.0
0.0
0.0
0.0
0.0
0.0
0.0
0.0
0.0
0.0
0.0
0.0
0.0
0.0
0.0
0.0
0.0
0.0
0.0
0.0
0.0
0.0
0.0
0.0
0.0
3.62004054445e-05
0.000108601216334
0.000434404865334
0.00278743121923
0.010099913119
0.02972053287
0.0729438169708
0.12992325514
0.1901607298
0.201346655083
0.165906458152
0.106754995656
