60
0.000181002027223
3.62004054445e-05
7.24008108891e-05
3.62004054445e-05
7.24008108891e-05
0.0
3.62004054445e-05
0.000108601216334
0.000217202432667
3.62004054445e-05
0.000108601216334
7.24008108891e-05
0.000108601216334
0.000144801621778
0.000144801621778
0.000506805676224
0.00126701419056
0.00307703446279
0.00637127135824
0.0134665508254
0.0250144801622
0.0448885027512
0.0714233999421
0.1050535766
0.129597451491
0.152295105705
0.149580075297
0.119497538372
0.0836591369823
0.0508615696496
0.0230958586736
0.00915870257747
0.00253402838112
0.000651607298002
0.000108601216334
0.0
0.0
0.0
3.62004054445e-05
0.0
0.0
0.0
0.0
0.0
0.0
0.0
0.0
3.62004054445e-05
7.24008108891e-05
3.62004054445e-05
0.000217202432667
0.000362004054445
0.000760208514335
0.00115841297423
0.00115841297423
0.000832609325224
0.000687807703446
0.000543006081668
0.000434404865334
0.000181002027223
