60
0.0264262959745
0.0178467998842
0.0133217492036
0.0102447147408
0.00756588473791
0.00452505068057
0.00264262959745
0.001303214596
0.000579206487113
0.000434404865334
0.000217202432667
0.0
3.62004054445e-05
0.0
0.0
0.0
0.0
0.0
0.0
0.0
0.0
0.0
0.0
0.0
0.0
0.0
0.0
0.0
0.0
0.0
0.0
0.0
0.0
0.0
0.0
0.0
0.0
0.0
0.0
0.0
0.0
0.0
0.0
0.0
0.0
7.24008108891e-05
0.000325803649001
0.000325803649001
0.00177381986678
0.00477845351868
0.014986967854
0.0386620330148
0.0745004344049
0.123008977701
0.155046336519
0.15797856936
0.13643932812
0.100383724298
0.0652693310165
0.0413046626122
