60
0.0
0.0
0.0
0.0
0.0
0.0
0.0
0.0
0.0
0.0
0.000181002027223
0.000724008108891
0.00289603243556
0.00800028960324
0.014009556907
0.0211772371851
0.0309875470605
0.0647625253403
0.142267593397
0.225383724298
0.223465102809
0.134810309875
0.0609614827686
0.0299739357081
0.0207428323197
0.0106429192007
0.00582826527657
0.00217202432667
0.000687807703446
0.000289603243556
3.62004054445e-05
0.0
0.0
0.0
0.0
0.0
0.0
0.0
0.0
0.0
0.0
0.0
0.0
0.0
0.0
0.0
0.0
0.0
0.0
0.0
0.0
0.0
0.0
0.0
0.0
0.0
0.0
0.0
0.0
0.0
