60
0.0517665797857
0.0190414132638
0.00724008108891
0.0023530263539
0.000325803649001
0.000108601216334
3.62004054445e-05
0.0
0.0
0.0
0.0
0.0
0.0
0.0
0.0
0.0
0.0
0.0
0.0
0.0
0.0
0.0
0.0
0.0
0.0
0.0
0.0
0.0
0.0
0.0
0.0
0.0
0.0
0.0
0.0
0.0
0.0
0.0
0.0
0.0
0.0
0.0
0.0
0.0
0.0
0.0
3.62004054445e-05
7.24008108891e-05
0.00039820445989
0.00112221256878
0.00485085432957
0.0144077613669
0.0364900086881
0.0691065739936
0.0974514914567
0.128439038517
0.160114393281
0.166304662612
0.144837822184
0.0954966695627
