60
0.0174485954243
0.00933970460469
0.00651607298002
0.00336663770634
0.00238922675934
0.00141181581234
0.000832609325224
0.000506805676224
7.24008108891e-05
7.24008108891e-05
0.000253402838112
0.000253402838112
0.000579206487113
0.00104981175789
0.00199102229945
0.00427164784246
0.00626267014191
0.0121271358239
0.0174123950188
0.0299015348972
0.0399290472053
0.0445988995077
0.0467709238343
0.0338473790906
0.0191500144802
0.0104619171735
0.00485085432957
0.00257022878656
0.000579206487113
0.000325803649001
0.0
0.0
0.0
0.0
0.0
0.0
0.0
0.0
0.0
0.0
0.0
0.0
0.0
0.0
0.000108601216334
0.000434404865334
0.00159281783956
0.00419924703157
0.0111135244715
0.0200912250217
0.0346437880104
0.0481827396467
0.0596220677672
0.0735954242688
0.0889805965827
0.0951708659137
0.0918404286128
0.0718578048074
0.0495583550536
0.0298653344917
