60
0.0238922675934
0.0156023747466
0.00897770055025
0.00564726324935
0.00249782797567
0.00191862148856
0.000687807703446
0.000615406892557
0.000289603243556
0.000217202432667
0.000253402838112
0.000253402838112
0.000434404865334
0.000470605270779
0.000615406892557
0.000724008108891
0.00159281783956
0.00354763973357
0.00687807703446
0.0140819577179
0.0224804517811
0.0393136403128
0.0549884158703
0.0724008108891
0.0844555459021
0.0872067767159
0.0712423979149
0.0468071242398
0.023856067188
0.0111135244715
0.00380104257168
0.00123081378511
0.000289603243556
0.000144801621778
3.62004054445e-05
3.62004054445e-05
0.0
0.0
0.0
0.0
0.0
0.0
0.0
7.24008108891e-05
0.0
7.24008108891e-05
0.000362004054445
0.000832609325224
0.0033304373009
0.00615406892557
0.0115117289314
0.0205618302925
0.029068925572
0.0373588184188
0.0435490877498
0.0493411526209
0.054807413843
0.0537576020851
0.0445264986968
0.0360918042282
