6.000000000000000000e+01
0.000000000000000000e+00
1.810020272225000036e-05
5.430060816700000117e-05
1.810020272225000036e-05
2.534028381120000052e-04
7.602085143359999615e-04
2.950333043729999952e-03
8.525195482189999036e-03
2.642629597450000048e-02
6.038227628150000248e-02
9.088111786860000874e-02
9.308934260060000576e-02
6.847306689825000126e-02
3.308717057630500280e-02
1.013611352447000083e-02
2.769331016504999934e-03
6.335070952794999519e-04
1.448016217780000029e-04
9.050101361125000520e-05
9.050101361149999512e-05
1.086012163334999954e-04
3.258036490010000202e-04
4.344048653345000156e-04
1.466116420504999908e-03
4.199247031567249384e-03
9.611207645550000692e-03
1.773819866782224905e-02
2.430857225602250232e-02
2.356646394441999984e-02
1.945771792644999942e-02
1.945771792644999942e-02
2.356646394441999984e-02
2.430857225602250232e-02
1.773819866782224905e-02
9.611207645550000692e-03
4.199247031567249384e-03
1.466116420504999908e-03
4.344048653345000156e-04
3.258036490010000202e-04
1.086012163334999954e-04
9.050101361149999512e-05
9.050101361125000520e-05
1.448016217780000029e-04
6.335070952794999519e-04
2.769331016504999934e-03
1.013611352447000083e-02
3.308717057630500280e-02
6.847306689825000126e-02
9.308934260060000576e-02
9.088111786860000874e-02
6.038227628150000248e-02
2.642629597450000048e-02
8.525195482189999036e-03
2.950333043729999952e-03
7.602085143359999615e-04
2.534028381120000052e-04
1.810020272225000036e-05
5.430060816700000117e-05
1.810020272225000036e-05
0.000000000000000000e+00
