6.000000000000000000e+01
0.000000000000000000e+00
0.000000000000000000e+00
5.430060816700000117e-05
5.430060816700000117e-05
6.335070952799999860e-04
2.479727772950000159e-03
8.507095279450000574e-03
2.083333333334999940e-02
3.601940341729999856e-02
4.278887923547224775e-02
3.728641760790000342e-02
2.468867651319999953e-02
1.105922386329999917e-02
3.420938314510000178e-03
9.412105415600000198e-04
3.801042571675000009e-04
1.629018245005000101e-04
7.240081088900000145e-05
7.240081088900000145e-05
1.810020272225000036e-05
5.430060816700000117e-05
9.050101361149999512e-05
9.050101361149999512e-05
5.430060816700000388e-04
2.027222704894999974e-03
8.633796698544549467e-03
3.091514624966150079e-02
7.078989284683499805e-02
1.011620330147499913e-01
9.622067767180000897e-02
9.622067767180000897e-02
1.011620330147499913e-01
7.078989284683499805e-02
3.091514624966150079e-02
8.633796698544549467e-03
2.027222704894999974e-03
5.430060816700000388e-04
9.050101361149999512e-05
9.050101361149999512e-05
5.430060816700000117e-05
1.810020272225000036e-05
7.240081088900000145e-05
7.240081088900000145e-05
1.629018245005000101e-04
3.801042571675000009e-04
9.412105415600000198e-04
3.420938314510000178e-03
1.105922386329999917e-02
2.468867651319999953e-02
3.728641760790000342e-02
4.278887923547224775e-02
3.601940341729999856e-02
2.083333333334999940e-02
8.507095279450000574e-03
2.479727772950000159e-03
6.335070952799999860e-04
5.430060816700000117e-05
5.430060816700000117e-05
0.000000000000000000e+00
0.000000000000000000e+00
