6.000000000000000000e+01
0.000000000000000000e+00
0.000000000000000000e+00
0.000000000000000000e+00
0.000000000000000000e+00
0.000000000000000000e+00
0.000000000000000000e+00
0.000000000000000000e+00
0.000000000000000000e+00
0.000000000000000000e+00
0.000000000000000000e+00
0.000000000000000000e+00
0.000000000000000000e+00
0.000000000000000000e+00
0.000000000000000000e+00
0.000000000000000000e+00
0.000000000000000000e+00
0.000000000000000000e+00
0.000000000000000000e+00
0.000000000000000000e+00
0.000000000000000000e+00
1.086012163334999954e-04
7.059079061700000149e-04
3.547639733564999977e-03
1.556617434114999921e-02
3.895163625831150195e-02
7.515204170266699679e-02
9.962351578327999224e-02
1.028996524762350040e-01
8.809368664935000870e-02
7.535114393285000101e-02
7.535114393285000101e-02
8.809368664935000870e-02
1.028996524762350040e-01
9.962351578327999224e-02
7.515204170266699679e-02
3.895163625831150195e-02
1.556617434114999921e-02
3.547639733564999977e-03
7.059079061700000149e-04
1.086012163334999954e-04
0.000000000000000000e+00
0.000000000000000000e+00
0.000000000000000000e+00
0.000000000000000000e+00
0.000000000000000000e+00
0.000000000000000000e+00
0.000000000000000000e+00
0.000000000000000000e+00
0.000000000000000000e+00
0.000000000000000000e+00
0.000000000000000000e+00
0.000000000000000000e+00
0.000000000000000000e+00
0.000000000000000000e+00
0.000000000000000000e+00
0.000000000000000000e+00
0.000000000000000000e+00
0.000000000000000000e+00
0.000000000000000000e+00
0.000000000000000000e+00
