6.000000000000000000e+01
0.000000000000000000e+00
0.000000000000000000e+00
1.810020272225000036e-05
7.240081088900000145e-05
2.353026353894999980e-04
1.104112366059999996e-03
2.298725745730000047e-03
4.054445409789999948e-03
5.285259194900000269e-03
4.217347234290000357e-03
2.135823921230000071e-03
9.593107442800000466e-04
2.896032435564999856e-04
0.000000000000000000e+00
1.810020272225000036e-05
0.000000000000000000e+00
1.810020272225000036e-05
0.000000000000000000e+00
0.000000000000000000e+00
0.000000000000000000e+00
0.000000000000000000e+00
1.810020272225000036e-05
1.810020272225000036e-05
9.050101361149999512e-05
2.715030408340000055e-04
1.429916015057499995e-03
9.593107442789999134e-03
4.624601795539999560e-02
1.459238343469999866e-01
2.757022878654999953e-01
2.757022878654999953e-01
1.459238343469999866e-01
4.624601795539999560e-02
9.593107442789999134e-03
1.429916015057499995e-03
2.715030408340000055e-04
9.050101361149999512e-05
1.810020272225000036e-05
1.810020272225000036e-05
0.000000000000000000e+00
0.000000000000000000e+00
0.000000000000000000e+00
0.000000000000000000e+00
1.810020272225000036e-05
0.000000000000000000e+00
1.810020272225000036e-05
0.000000000000000000e+00
2.896032435564999856e-04
9.593107442800000466e-04
2.135823921230000071e-03
4.217347234290000357e-03
5.285259194900000269e-03
4.054445409789999948e-03
2.298725745730000047e-03
1.104112366059999996e-03
2.353026353894999980e-04
7.240081088900000145e-05
1.810020272225000036e-05
0.000000000000000000e+00
0.000000000000000000e+00
