6.000000000000000000e+01
0.000000000000000000e+00
0.000000000000000000e+00
0.000000000000000000e+00
0.000000000000000000e+00
0.000000000000000000e+00
2.353026353894999980e-04
8.869099333900000177e-04
1.954821894005000053e-03
3.475238922675000057e-03
4.941355343179549588e-03
4.090645815232249287e-03
3.239936287283999659e-03
3.620040544453499796e-03
3.583840139008500052e-03
3.040834057341500109e-03
2.153924123950999841e-03
8.145091225045500601e-04
6.154068925565000462e-04
1.267014190557499856e-04
1.086012163340000023e-04
5.430060816680000652e-05
9.050101361155000394e-05
3.258036490010000202e-04
1.086012163334999954e-03
3.728641760789999995e-03
1.205473501302499993e-02
2.995583550534999806e-02
7.243701129450000331e-02
1.418331885319999985e-01
2.055459021139999787e-01
2.055459021139999787e-01
1.418331885319999985e-01
7.243701129450000331e-02
2.995583550534999806e-02
1.205473501302499993e-02
3.728641760789999995e-03
1.086012163334999954e-03
3.258036490010000202e-04
9.050101361155000394e-05
5.430060816680000652e-05
1.086012163340000023e-04
1.267014190557499856e-04
6.154068925565000462e-04
8.145091225045500601e-04
2.153924123950999841e-03
3.040834057341500109e-03
3.583840139008500052e-03
3.620040544453499796e-03
3.239936287283999659e-03
4.090645815232249287e-03
4.941355343179549588e-03
3.475238922675000057e-03
1.954821894005000053e-03
8.869099333900000177e-04
2.353026353894999980e-04
0.000000000000000000e+00
0.000000000000000000e+00
0.000000000000000000e+00
0.000000000000000000e+00
0.000000000000000000e+00
