6.000000000000000000e+01
0.000000000000000000e+00
0.000000000000000000e+00
0.000000000000000000e+00
5.430060816700000117e-05
3.439038517230000205e-04
1.393715609614999988e-03
5.864465682000000006e-03
1.913191427741699896e-02
4.130466261223349894e-02
7.336012163327851332e-02
9.079061685478000132e-02
7.379452649861499569e-02
4.092455835507000095e-02
1.726759339705000174e-02
6.117868520122999622e-03
1.864320880392999862e-03
6.697075007260000143e-04
3.258036490010500020e-04
1.991022299449999905e-04
1.810020272225000104e-04
1.448016217780000029e-04
4.706052707789999960e-04
8.688097306699999909e-04
1.357515204170000028e-03
3.819142774397250081e-03
8.271792644072250428e-03
1.686938893713399792e-02
2.579278887924000077e-02
3.332247321169999610e-02
3.549449753840000499e-02
3.549449753840000499e-02
3.332247321169999610e-02
2.579278887924000077e-02
1.686938893713399792e-02
8.271792644072250428e-03
3.819142774397250081e-03
1.357515204170000028e-03
8.688097306699999909e-04
4.706052707789999960e-04
1.448016217780000029e-04
1.810020272225000104e-04
1.991022299449999905e-04
3.258036490010500020e-04
6.697075007260000143e-04
1.864320880392999862e-03
6.117868520122999622e-03
1.726759339705000174e-02
4.092455835507000095e-02
7.379452649861499569e-02
9.079061685478000132e-02
7.336012163327851332e-02
4.130466261223349894e-02
1.913191427741699896e-02
5.864465682000000006e-03
1.393715609614999988e-03
3.439038517230000205e-04
5.430060816700000117e-05
0.000000000000000000e+00
0.000000000000000000e+00
0.000000000000000000e+00
