6.000000000000000000e+01
0.000000000000000000e+00
1.810020272225000036e-05
1.810020272225000036e-05
1.267014190557499856e-04
2.353026353895500068e-04
4.887054735015000304e-04
2.135823921227499901e-03
6.733275412701500082e-03
1.710469157252500136e-02
3.824572835216500516e-02
5.640023168284000188e-02
5.994787141633999700e-02
4.345858673617999934e-02
2.222704894296999995e-02
9.050101361150000162e-03
2.968433246452000223e-03
1.086012163335499988e-03
3.258036490010000202e-04
2.353026353892499810e-04
1.086012163334999954e-04
1.448016217782499928e-04
3.077034462787500029e-04
3.258036490010000202e-04
1.448016217784000139e-03
3.312337098174500047e-03
8.507095279450000574e-03
2.228134955113000165e-02
4.226397335649999948e-02
7.013828554880000010e-02
9.035621198954998934e-02
9.035621198954998934e-02
7.013828554880000010e-02
4.226397335649999948e-02
2.228134955113000165e-02
8.507095279450000574e-03
3.312337098174500047e-03
1.448016217784000139e-03
3.258036490010000202e-04
3.077034462787500029e-04
1.448016217782499928e-04
1.086012163334999954e-04
2.353026353892499810e-04
3.258036490010000202e-04
1.086012163335499988e-03
2.968433246452000223e-03
9.050101361150000162e-03
2.222704894296999995e-02
4.345858673617999934e-02
5.994787141633999700e-02
5.640023168284000188e-02
3.824572835216500516e-02
1.710469157252500136e-02
6.733275412701500082e-03
2.135823921227499901e-03
4.887054735015000304e-04
2.353026353895500068e-04
1.267014190557499856e-04
1.810020272225000036e-05
1.810020272225000036e-05
0.000000000000000000e+00
