6.000000000000000000e+01
0.000000000000000000e+00
1.810020272225000036e-05
5.430060816700000117e-05
1.086012163335500042e-04
2.534028381115500071e-04
1.484216623226499929e-03
6.588473790927999382e-03
2.262525340285100051e-02
6.005647263244499878e-02
1.065739936289454987e-01
1.234614827686120048e-01
9.797639733555649211e-02
5.232768607011149820e-02
2.050752968433899870e-02
6.117868520149999725e-03
1.303214596004999932e-03
2.715030408340000055e-04
9.050101361125000520e-05
0.000000000000000000e+00
1.810020272225000036e-05
0.000000000000000000e+00
0.000000000000000000e+00
0.000000000000000000e+00
0.000000000000000000e+00
0.000000000000000000e+00
3.620040544455000277e-05
1.810020272225000036e-05
3.620040544450000072e-05
5.430060816680000652e-05
1.810020272225000036e-05
1.810020272225000036e-05
5.430060816680000652e-05
3.620040544450000072e-05
1.810020272225000036e-05
3.620040544455000277e-05
0.000000000000000000e+00
0.000000000000000000e+00
0.000000000000000000e+00
0.000000000000000000e+00
0.000000000000000000e+00
1.810020272225000036e-05
0.000000000000000000e+00
9.050101361125000520e-05
2.715030408340000055e-04
1.303214596004999932e-03
6.117868520149999725e-03
2.050752968433899870e-02
5.232768607011149820e-02
9.797639733555649211e-02
1.234614827686120048e-01
1.065739936289454987e-01
6.005647263244499878e-02
2.262525340285100051e-02
6.588473790927999382e-03
1.484216623226499929e-03
2.534028381115500071e-04
1.086012163335500042e-04
5.430060816700000117e-05
1.810020272225000036e-05
0.000000000000000000e+00
