6.000000000000000000e+01
0.000000000000000000e+00
0.000000000000000000e+00
3.620040544455000277e-05
0.000000000000000000e+00
5.430060816700000117e-05
1.086012163334999954e-04
3.982044598897500182e-04
1.194613379672249988e-03
2.715030408342000191e-03
7.402982913389500111e-03
1.572907616567000011e-02
2.611859252822899824e-02
2.519548218938999842e-02
1.502316825949500008e-02
6.226469736472500273e-03
1.918621488562000012e-03
5.973066898372499621e-04
3.258036490007500032e-04
2.534028381120000052e-04
2.534028381117499882e-04
5.068056762249999701e-04
1.629018245005000101e-03
5.086156964949999776e-03
1.194613379672225008e-02
3.058934260064454999e-02
5.618302925016700061e-02
8.403924123933499690e-02
8.590356211989499946e-02
6.888937156115000626e-02
5.167607877210000228e-02
5.167607877210000228e-02
6.888937156115000626e-02
8.590356211989499946e-02
8.403924123933499690e-02
5.618302925016700061e-02
3.058934260064454999e-02
1.194613379672225008e-02
5.086156964949999776e-03
1.629018245005000101e-03
5.068056762249999701e-04
2.534028381117499882e-04
2.534028381120000052e-04
3.258036490007500032e-04
5.973066898372499621e-04
1.918621488562000012e-03
6.226469736472500273e-03
1.502316825949500008e-02
2.519548218938999842e-02
2.611859252822899824e-02
1.572907616567000011e-02
7.402982913389500111e-03
2.715030408342000191e-03
1.194613379672249988e-03
3.982044598897500182e-04
1.086012163334999954e-04
5.430060816700000117e-05
0.000000000000000000e+00
3.620040544455000277e-05
0.000000000000000000e+00
0.000000000000000000e+00
