6.000000000000000000e+01
0.000000000000000000e+00
0.000000000000000000e+00
0.000000000000000000e+00
1.810020272225000036e-05
3.620040544455000277e-05
2.172024326669999908e-04
1.448016217780000083e-03
7.167680277999999815e-03
3.024543874890000053e-02
8.371343759055600853e-02
1.332174920358339953e-01
1.294164494642784935e-01
7.138719953666999851e-02
2.508688097306199793e-02
6.425571966422499899e-03
1.375615406894000001e-03
3.258036490010500020e-04
2.353026353892499810e-04
7.240081088900000145e-05
7.240081088900000145e-05
3.620040544455000277e-05
3.620040544455000277e-05
3.620040544455000006e-04
5.973066898350000258e-04
8.688097306699999909e-04
1.502316825950000085e-03
2.135823921230000071e-03
1.828120474950000037e-03
1.357515204169000176e-03
8.145091225040000443e-04
8.145091225040000443e-04
1.357515204169000176e-03
1.828120474950000037e-03
2.135823921230000071e-03
1.502316825950000085e-03
8.688097306699999909e-04
5.973066898350000258e-04
3.620040544455000006e-04
3.620040544455000277e-05
3.620040544455000277e-05
7.240081088900000145e-05
7.240081088900000145e-05
2.353026353892499810e-04
3.258036490010500020e-04
1.375615406894000001e-03
6.425571966422499899e-03
2.508688097306199793e-02
7.138719953666999851e-02
1.294164494642784935e-01
1.332174920358339953e-01
8.371343759055600853e-02
3.024543874890000053e-02
7.167680277999999815e-03
1.448016217780000083e-03
2.172024326669999908e-04
3.620040544455000277e-05
1.810020272225000036e-05
0.000000000000000000e+00
0.000000000000000000e+00
0.000000000000000000e+00
