6.000000000000000000e+01
0.000000000000000000e+00
0.000000000000000000e+00
7.240081088900000145e-05
2.534028381115500071e-04
1.393715609614000137e-03
5.701563857525000431e-03
1.643498407180499915e-02
3.551259774110999967e-02
5.554952215464999815e-02
5.849985519840000120e-02
4.470750072399999608e-02
2.705980306979999944e-02
1.225383724297499956e-02
6.063567911960000313e-03
2.117723718505000029e-03
5.430060816680000110e-04
1.086012163340000023e-04
1.810020272225000036e-05
0.000000000000000000e+00
0.000000000000000000e+00
1.810020272225000036e-05
1.810020272225000036e-05
1.267014190557499856e-04
2.715030408342500225e-04
2.172024326672499644e-03
6.896177237174999988e-03
2.043512887345999909e-02
4.505140457574999951e-02
7.116999710395000012e-02
8.755068056765000217e-02
8.755068056765000217e-02
7.116999710395000012e-02
4.505140457574999951e-02
2.043512887345999909e-02
6.896177237174999988e-03
2.172024326672499644e-03
2.715030408342500225e-04
1.267014190557499856e-04
1.810020272225000036e-05
1.810020272225000036e-05
0.000000000000000000e+00
0.000000000000000000e+00
1.810020272225000036e-05
1.086012163340000023e-04
5.430060816680000110e-04
2.117723718505000029e-03
6.063567911960000313e-03
1.225383724297499956e-02
2.705980306979999944e-02
4.470750072399999608e-02
5.849985519840000120e-02
5.554952215464999815e-02
3.551259774110999967e-02
1.643498407180499915e-02
5.701563857525000431e-03
1.393715609614000137e-03
2.534028381115500071e-04
7.240081088900000145e-05
0.000000000000000000e+00
0.000000000000000000e+00
