6.000000000000000000e+01
0.000000000000000000e+00
0.000000000000000000e+00
0.000000000000000000e+00
0.000000000000000000e+00
0.000000000000000000e+00
5.430060816700000117e-05
3.801042571675000009e-04
1.773819866784999942e-03
6.407471763699999594e-03
1.245293947290000008e-02
1.373805386620000069e-02
9.140602374749999537e-03
3.855343179844999794e-03
1.411815812334999906e-03
5.430060816700000388e-04
2.172024326669999908e-04
7.240081088900000145e-05
7.240081088900000145e-05
1.267014190560000026e-04
1.991022299449999905e-04
2.896032435564999856e-04
3.439038517230000205e-04
8.326093252222499519e-04
1.701419055894550078e-03
5.538662033022499417e-03
1.589197799015000176e-02
4.371198957426000037e-02
9.241963510014999938e-02
1.376701419055000042e-01
1.511547929335000096e-01
1.511547929335000096e-01
1.376701419055000042e-01
9.241963510014999938e-02
4.371198957426000037e-02
1.589197799015000176e-02
5.538662033022499417e-03
1.701419055894550078e-03
8.326093252222499519e-04
3.439038517230000205e-04
2.896032435564999856e-04
1.991022299449999905e-04
1.267014190560000026e-04
7.240081088900000145e-05
7.240081088900000145e-05
2.172024326669999908e-04
5.430060816700000388e-04
1.411815812334999906e-03
3.855343179844999794e-03
9.140602374749999537e-03
1.373805386620000069e-02
1.245293947290000008e-02
6.407471763699999594e-03
1.773819866784999942e-03
3.801042571675000009e-04
5.430060816700000117e-05
0.000000000000000000e+00
0.000000000000000000e+00
0.000000000000000000e+00
0.000000000000000000e+00
0.000000000000000000e+00
