6.000000000000000000e+01
0.000000000000000000e+00
0.000000000000000000e+00
0.000000000000000000e+00
5.430060816700000117e-05
1.629018245005000101e-04
1.466116420504999908e-03
8.108890819599999522e-03
3.248986388649999918e-02
8.107080799316700170e-02
1.186106284392222515e-01
1.154068925569999987e-01
7.374022589044455789e-02
3.343107442805000329e-02
1.257964089199454898e-02
4.579351288732249649e-03
1.846220677669999956e-03
7.964089197799999621e-04
2.353026353894999980e-04
1.267014190560000026e-04
7.240081088900000145e-05
9.050101361149999512e-05
7.240081088900000145e-05
1.629018245005000101e-04
1.448016217780000029e-04
3.439038517230000205e-04
6.154068925569999718e-04
1.285114393282000026e-03
2.226324934839999693e-03
4.525050680564999400e-03
5.755864465680000062e-03
5.755864465680000062e-03
4.525050680564999400e-03
2.226324934839999693e-03
1.285114393282000026e-03
6.154068925569999718e-04
3.439038517230000205e-04
1.448016217780000029e-04
1.629018245005000101e-04
7.240081088900000145e-05
9.050101361149999512e-05
7.240081088900000145e-05
1.267014190560000026e-04
2.353026353894999980e-04
7.964089197799999621e-04
1.846220677669999956e-03
4.579351288732249649e-03
1.257964089199454898e-02
3.343107442805000329e-02
7.374022589044455789e-02
1.154068925569999987e-01
1.186106284392222515e-01
8.107080799316700170e-02
3.248986388649999918e-02
8.108890819599999522e-03
1.466116420504999908e-03
1.629018245005000101e-04
5.430060816700000117e-05
0.000000000000000000e+00
0.000000000000000000e+00
0.000000000000000000e+00
