6.000000000000000000e+01
0.000000000000000000e+00
0.000000000000000000e+00
1.810020272225000036e-05
3.620040544450000072e-05
1.086012163340000023e-04
4.525050680569999957e-04
2.045322907617499845e-03
6.660874601817500136e-03
1.905951346656500206e-02
3.511439328121999937e-02
5.831885317100000271e-02
7.135099913109999026e-02
6.606573993629999419e-02
4.798363741674999822e-02
2.642629597450000048e-02
1.120402548509999950e-02
4.325948450625000455e-03
1.538517231393999977e-03
9.412105415575000664e-04
5.973066898350000258e-04
2.534028381117499882e-04
5.249058789472499332e-04
6.697075007222499758e-04
1.176513176949000065e-03
2.425427164782000076e-03
3.891543585289000337e-03
9.810309875454999856e-03
2.161164205040000050e-02
4.360338835794999590e-02
6.378511439330000754e-02
6.378511439330000754e-02
4.360338835794999590e-02
2.161164205040000050e-02
9.810309875454999856e-03
3.891543585289000337e-03
2.425427164782000076e-03
1.176513176949000065e-03
6.697075007222499758e-04
5.249058789472499332e-04
2.534028381117499882e-04
5.973066898350000258e-04
9.412105415575000664e-04
1.538517231393999977e-03
4.325948450625000455e-03
1.120402548509999950e-02
2.642629597450000048e-02
4.798363741674999822e-02
6.606573993629999419e-02
7.135099913109999026e-02
5.831885317100000271e-02
3.511439328121999937e-02
1.905951346656500206e-02
6.660874601817500136e-03
2.045322907617499845e-03
4.525050680569999957e-04
1.086012163340000023e-04
3.620040544450000072e-05
1.810020272225000036e-05
0.000000000000000000e+00
0.000000000000000000e+00
