6.000000000000000000e+01
3.620040544450000072e-05
5.430060816680000652e-05
0.000000000000000000e+00
1.810020272227500003e-04
3.620040544455000006e-04
1.466116420501999921e-03
4.416449464235000510e-03
1.058861859252500058e-02
2.695120185344999919e-02
4.892484795830000233e-02
7.136909933389999627e-02
6.610194034169999955e-02
4.666232261800000447e-02
2.273385461914999989e-02
8.561395887619999492e-03
3.131335070954999970e-03
9.955111497240000471e-04
5.249058789459999565e-04
2.715030408340000055e-04
3.077034462787500029e-04
2.534028381117499882e-04
3.982044598897500182e-04
7.421083116149999751e-04
2.063423110340000151e-03
5.773964668388999882e-03
1.187373298582900145e-02
2.311395887632499910e-02
3.513249348392000204e-02
5.115117289315000010e-02
5.585722560094999456e-02
5.585722560094999456e-02
5.115117289315000010e-02
3.513249348392000204e-02
2.311395887632499910e-02
1.187373298582900145e-02
5.773964668388999882e-03
2.063423110340000151e-03
7.421083116149999751e-04
3.982044598897500182e-04
2.534028381117499882e-04
3.077034462787500029e-04
2.715030408340000055e-04
5.249058789459999565e-04
9.955111497240000471e-04
3.131335070954999970e-03
8.561395887619999492e-03
2.273385461914999989e-02
4.666232261800000447e-02
6.610194034169999955e-02
7.136909933389999627e-02
4.892484795830000233e-02
2.695120185344999919e-02
1.058861859252500058e-02
4.416449464235000510e-03
1.466116420501999921e-03
3.620040544455000006e-04
1.810020272227500003e-04
0.000000000000000000e+00
5.430060816680000652e-05
3.620040544450000072e-05
