6.000000000000000000e+01
0.000000000000000000e+00
0.000000000000000000e+00
0.000000000000000000e+00
0.000000000000000000e+00
0.000000000000000000e+00
0.000000000000000000e+00
1.267014190560000026e-04
3.439038517230000205e-04
1.791920069505000077e-03
2.787431219229999976e-03
3.638140747175000033e-03
3.131335070954999970e-03
1.773819866784999942e-03
7.602085143350000018e-04
3.801042571675000009e-04
2.172024326669999908e-04
9.050101361149999512e-05
5.430060816700000117e-05
1.629018245005000101e-04
2.172024326669999908e-04
3.077034462784999859e-04
7.602085143372499382e-04
2.045322907617250045e-03
5.611062843900000222e-03
1.169273095860100080e-02
2.249855198378999943e-02
4.012814943529999928e-02
7.498913987855000685e-02
1.347198088619500078e-01
1.917716478425000037e-01
1.917716478425000037e-01
1.347198088619500078e-01
7.498913987855000685e-02
4.012814943529999928e-02
2.249855198378999943e-02
1.169273095860100080e-02
5.611062843900000222e-03
2.045322907617250045e-03
7.602085143372499382e-04
3.077034462784999859e-04
2.172024326669999908e-04
1.629018245005000101e-04
5.430060816700000117e-05
9.050101361149999512e-05
2.172024326669999908e-04
3.801042571675000009e-04
7.602085143350000018e-04
1.773819866784999942e-03
3.131335070954999970e-03
3.638140747175000033e-03
2.787431219229999976e-03
1.791920069505000077e-03
3.439038517230000205e-04
1.267014190560000026e-04
0.000000000000000000e+00
0.000000000000000000e+00
0.000000000000000000e+00
0.000000000000000000e+00
0.000000000000000000e+00
0.000000000000000000e+00
