6.000000000000000000e+01
0.000000000000000000e+00
0.000000000000000000e+00
0.000000000000000000e+00
0.000000000000000000e+00
0.000000000000000000e+00
0.000000000000000000e+00
1.810020272225000036e-05
1.448016217780000029e-04
7.783087170600000437e-04
3.402838111785000137e-03
8.307993049499999214e-03
1.295974514914999959e-02
1.419055893424999923e-02
9.828410078199999525e-03
4.561251086010000011e-03
1.303214596004999932e-03
2.896032435564999856e-04
3.620040544455000277e-05
5.430060816700000117e-05
3.620040544450000072e-05
7.240081088925000492e-05
3.077034462785000401e-04
4.525050680569999957e-04
1.574717636838000086e-03
4.977555748625499960e-03
1.292354474371499966e-02
3.819142774401500240e-02
7.871778163934999017e-02
1.323305821023000040e-01
1.745402548509999985e-01
1.745402548509999985e-01
1.323305821023000040e-01
7.871778163934999017e-02
3.819142774401500240e-02
1.292354474371499966e-02
4.977555748625499960e-03
1.574717636838000086e-03
4.525050680569999957e-04
3.077034462785000401e-04
7.240081088925000492e-05
3.620040544450000072e-05
5.430060816700000117e-05
3.620040544455000277e-05
2.896032435564999856e-04
1.303214596004999932e-03
4.561251086010000011e-03
9.828410078199999525e-03
1.419055893424999923e-02
1.295974514914999959e-02
8.307993049499999214e-03
3.402838111785000137e-03
7.783087170600000437e-04
1.448016217780000029e-04
1.810020272225000036e-05
0.000000000000000000e+00
0.000000000000000000e+00
0.000000000000000000e+00
0.000000000000000000e+00
0.000000000000000000e+00
0.000000000000000000e+00
