6.000000000000000000e+01
0.000000000000000000e+00
0.000000000000000000e+00
0.000000000000000000e+00
0.000000000000000000e+00
0.000000000000000000e+00
0.000000000000000000e+00
5.430060816700000117e-05
5.249058789449999969e-04
4.977555748625000359e-03
2.651679698815000152e-02
7.627425427150000270e-02
1.309549666954999969e-01
1.217962641182222527e-01
6.644584419349999771e-02
2.497827975674999854e-02
7.475383724299999692e-03
3.475238922675000057e-03
1.900521285839999958e-03
8.688097306699999909e-04
5.792064871149999990e-04
3.439038517230000205e-04
1.810020272225000104e-04
1.629018245005000101e-04
3.801042571675000009e-04
6.335070952799999860e-04
1.176513176947250163e-03
3.366637706342000096e-03
5.611062843900000222e-03
9.394005212860000870e-03
1.192803359398500115e-02
1.192803359398500115e-02
9.394005212860000870e-03
5.611062843900000222e-03
3.366637706342000096e-03
1.176513176947250163e-03
6.335070952799999860e-04
3.801042571675000009e-04
1.629018245005000101e-04
1.810020272225000104e-04
3.439038517230000205e-04
5.792064871149999990e-04
8.688097306699999909e-04
1.900521285839999958e-03
3.475238922675000057e-03
7.475383724299999692e-03
2.497827975674999854e-02
6.644584419349999771e-02
1.217962641182222527e-01
1.309549666954999969e-01
7.627425427150000270e-02
2.651679698815000152e-02
4.977555748625000359e-03
5.249058789449999969e-04
5.430060816700000117e-05
0.000000000000000000e+00
0.000000000000000000e+00
0.000000000000000000e+00
0.000000000000000000e+00
0.000000000000000000e+00
0.000000000000000000e+00
