6.000000000000000000e+01
0.000000000000000000e+00
1.810020272225000036e-05
0.000000000000000000e+00
7.240081088900000145e-05
2.172024326672499807e-04
1.357515204171499913e-03
3.819142774398499949e-03
1.183753258036499868e-02
2.839921807125000280e-02
5.464451201855000106e-02
8.394874022584999929e-02
9.346944685765000427e-02
7.097089487405000563e-02
3.922313929915000053e-02
1.670648711264999947e-02
5.592962641179999653e-03
2.153924123950000206e-03
5.611062843904999911e-04
2.896032435564999856e-04
1.267014190560000026e-04
2.534028381120000052e-04
3.439038517230500022e-04
5.792064871149999990e-04
1.104112366059550052e-03
2.099623515783999826e-03
4.742253113235000463e-03
8.742397914845000811e-03
1.471546481321000036e-02
2.329496090354999868e-02
3.071604401965000175e-02
3.071604401965000175e-02
2.329496090354999868e-02
1.471546481321000036e-02
8.742397914845000811e-03
4.742253113235000463e-03
2.099623515783999826e-03
1.104112366059550052e-03
5.792064871149999990e-04
3.439038517230500022e-04
2.534028381120000052e-04
1.267014190560000026e-04
2.896032435564999856e-04
5.611062843904999911e-04
2.153924123950000206e-03
5.592962641179999653e-03
1.670648711264999947e-02
3.922313929915000053e-02
7.097089487405000563e-02
9.346944685765000427e-02
8.394874022584999929e-02
5.464451201855000106e-02
2.839921807125000280e-02
1.183753258036499868e-02
3.819142774398499949e-03
1.357515204171499913e-03
2.172024326672499807e-04
7.240081088900000145e-05
0.000000000000000000e+00
1.810020272225000036e-05
0.000000000000000000e+00
