6.000000000000000000e+01
7.240081088900000145e-05
2.715030408340000055e-04
3.982044598899999810e-04
1.122212568779999914e-03
2.407326962059999804e-03
7.366782507965000462e-03
1.661598609905000010e-02
3.424558355055000447e-02
5.973066898350000431e-02
7.942368954529999137e-02
8.146901245290000260e-02
6.993918331885000395e-02
4.126846220674999788e-02
2.077903272520000011e-02
9.285403996510000618e-03
4.108746017955000260e-03
1.936721691284000067e-03
1.013611352446999953e-03
9.412105415572499410e-04
7.059079061700000149e-04
1.067911960615000036e-03
1.448016217780000083e-03
1.972922096725000188e-03
2.642629597452250071e-03
3.239936287285000160e-03
4.687952505068499615e-03
6.841876629011999812e-03
1.160222994497499965e-02
1.549377353027000040e-02
1.790110049234999723e-02
1.790110049234999723e-02
1.549377353027000040e-02
1.160222994497499965e-02
6.841876629011999812e-03
4.687952505068499615e-03
3.239936287285000160e-03
2.642629597452250071e-03
1.972922096725000188e-03
1.448016217780000083e-03
1.067911960615000036e-03
7.059079061700000149e-04
9.412105415572499410e-04
1.013611352446999953e-03
1.936721691284000067e-03
4.108746017955000260e-03
9.285403996510000618e-03
2.077903272520000011e-02
4.126846220674999788e-02
6.993918331885000395e-02
8.146901245290000260e-02
7.942368954529999137e-02
5.973066898350000431e-02
3.424558355055000447e-02
1.661598609905000010e-02
7.366782507965000462e-03
2.407326962059999804e-03
1.122212568779999914e-03
3.982044598899999810e-04
2.715030408340000055e-04
7.240081088900000145e-05
