6.000000000000000000e+01
9.050101361149999512e-05
1.267014190560000026e-04
4.525050680567500329e-04
9.774109470049999800e-04
3.963944396176999688e-03
1.295974514915600000e-02
3.596510280917249863e-02
7.611135244722300186e-02
1.204749493192230070e-01
1.202215464811114964e-01
8.047350130316699435e-02
3.297856936000000128e-02
1.158412974224999961e-02
2.769331016504999934e-03
7.421083116149999751e-04
7.240081088900000145e-05
3.620040544455000277e-05
0.000000000000000000e+00
0.000000000000000000e+00
0.000000000000000000e+00
0.000000000000000000e+00
0.000000000000000000e+00
0.000000000000000000e+00
0.000000000000000000e+00
0.000000000000000000e+00
0.000000000000000000e+00
0.000000000000000000e+00
0.000000000000000000e+00
0.000000000000000000e+00
0.000000000000000000e+00
0.000000000000000000e+00
0.000000000000000000e+00
0.000000000000000000e+00
0.000000000000000000e+00
0.000000000000000000e+00
0.000000000000000000e+00
0.000000000000000000e+00
0.000000000000000000e+00
0.000000000000000000e+00
0.000000000000000000e+00
0.000000000000000000e+00
0.000000000000000000e+00
0.000000000000000000e+00
3.620040544455000277e-05
7.240081088900000145e-05
7.421083116149999751e-04
2.769331016504999934e-03
1.158412974224999961e-02
3.297856936000000128e-02
8.047350130316699435e-02
1.202215464811114964e-01
1.204749493192230070e-01
7.611135244722300186e-02
3.596510280917249863e-02
1.295974514915600000e-02
3.963944396176999688e-03
9.774109470049999800e-04
4.525050680567500329e-04
1.267014190560000026e-04
9.050101361149999512e-05
