6.000000000000000000e+01
0.000000000000000000e+00
0.000000000000000000e+00
1.810020272225000036e-05
0.000000000000000000e+00
3.620040544455000277e-05
7.240081088900000145e-05
2.715030408340000055e-04
8.507095279449999490e-04
2.425427164784999846e-03
5.176657978566999441e-03
8.923399942095499096e-03
1.015421372717000004e-02
1.026281494351500082e-02
6.733275412704999886e-03
3.511439328120000234e-03
1.502316825947500132e-03
5.792064871139999309e-04
1.448016217780000029e-04
1.448016217780000029e-04
5.430060816680000652e-05
9.050101361149999512e-05
7.602085143350000018e-04
2.552128583840000079e-03
9.249203591072251152e-03
3.067984361427224943e-02
7.205690703744455083e-02
1.130538662031670000e-01
1.133434694466115000e-01
7.319721980889000446e-02
3.415508253695000163e-02
3.415508253695000163e-02
7.319721980889000446e-02
1.133434694466115000e-01
1.130538662031670000e-01
7.205690703744455083e-02
3.067984361427224943e-02
9.249203591072251152e-03
2.552128583840000079e-03
7.602085143350000018e-04
9.050101361149999512e-05
5.430060816680000652e-05
1.448016217780000029e-04
1.448016217780000029e-04
5.792064871139999309e-04
1.502316825947500132e-03
3.511439328120000234e-03
6.733275412704999886e-03
1.026281494351500082e-02
1.015421372717000004e-02
8.923399942095499096e-03
5.176657978566999441e-03
2.425427164784999846e-03
8.507095279449999490e-04
2.715030408340000055e-04
7.240081088900000145e-05
3.620040544455000277e-05
0.000000000000000000e+00
1.810020272225000036e-05
0.000000000000000000e+00
0.000000000000000000e+00
