6.000000000000000000e+01
0.000000000000000000e+00
0.000000000000000000e+00
0.000000000000000000e+00
0.000000000000000000e+00
0.000000000000000000e+00
0.000000000000000000e+00
2.534028381120000052e-04
2.009122502169999932e-03
1.114972487690000028e-02
3.375687807705000237e-02
6.072618013299999756e-02
6.327830871700000637e-02
3.922313929915000053e-02
1.980162177815000119e-02
8.995800752949999202e-03
3.819142774400000051e-03
1.773819866784999942e-03
9.774109470049999800e-04
5.973066898350000258e-04
5.068056762249999701e-04
2.715030408340000055e-04
1.810020272227500003e-04
2.896032435564999856e-04
9.955111497270000345e-04
4.380249058789999900e-03
1.498696785405599988e-02
3.397408050971500310e-02
5.773964668416999707e-02
7.111569649599999710e-02
6.919707500725000293e-02
6.919707500725000293e-02
7.111569649599999710e-02
5.773964668416999707e-02
3.397408050971500310e-02
1.498696785405599988e-02
4.380249058789999900e-03
9.955111497270000345e-04
2.896032435564999856e-04
1.810020272227500003e-04
2.715030408340000055e-04
5.068056762249999701e-04
5.973066898350000258e-04
9.774109470049999800e-04
1.773819866784999942e-03
3.819142774400000051e-03
8.995800752949999202e-03
1.980162177815000119e-02
3.922313929915000053e-02
6.327830871700000637e-02
6.072618013299999756e-02
3.375687807705000237e-02
1.114972487690000028e-02
2.009122502169999932e-03
2.534028381120000052e-04
0.000000000000000000e+00
0.000000000000000000e+00
0.000000000000000000e+00
0.000000000000000000e+00
0.000000000000000000e+00
0.000000000000000000e+00
