6.000000000000000000e+01
1.810020272225000036e-05
7.240081088925000492e-05
9.050101361125000520e-05
5.430060816700000117e-05
5.611062843899999571e-04
1.538517231393499943e-03
4.868954532290000262e-03
1.476976542136499912e-02
3.580220098464999973e-02
7.084419345494999409e-02
9.415725456109999558e-02
8.885389516379998964e-02
6.112438459315000516e-02
3.370257746889999961e-02
1.576527657107499800e-02
8.597596293090000938e-03
4.525050680566499936e-03
2.208224732117250021e-03
1.104112366057250025e-03
5.430060816700000388e-04
1.991022299449999905e-04
3.258036490010000202e-04
5.611062843899999571e-04
1.140312771503500071e-03
1.828120474951999957e-03
3.312337098176499749e-03
7.059079061690000552e-03
1.095062264697000028e-02
1.603677961190000043e-02
1.938531711554999926e-02
1.938531711554999926e-02
1.603677961190000043e-02
1.095062264697000028e-02
7.059079061690000552e-03
3.312337098176499749e-03
1.828120474951999957e-03
1.140312771503500071e-03
5.611062843899999571e-04
3.258036490010000202e-04
1.991022299449999905e-04
5.430060816700000388e-04
1.104112366057250025e-03
2.208224732117250021e-03
4.525050680566499936e-03
8.597596293090000938e-03
1.576527657107499800e-02
3.370257746889999961e-02
6.112438459315000516e-02
8.885389516379998964e-02
9.415725456109999558e-02
7.084419345494999409e-02
3.580220098464999973e-02
1.476976542136499912e-02
4.868954532290000262e-03
1.538517231393499943e-03
5.611062843899999571e-04
5.430060816700000117e-05
9.050101361125000520e-05
7.240081088925000492e-05
1.810020272225000036e-05
