6.000000000000000000e+01
7.240081088925000492e-05
1.629018245005499918e-04
4.163046626119999813e-04
1.158412974226499977e-03
3.294236895452249975e-03
9.375905010116999602e-03
1.938531711555600140e-02
3.087894584418399840e-02
3.706921517519000397e-02
3.931364031278999915e-02
3.542209672748999894e-02
3.180205618302000409e-02
2.266145380830500086e-02
1.104112366060999890e-02
3.746741963510000131e-03
1.484216623230000167e-03
7.602085143355000359e-04
4.887054735012500133e-04
2.715030408340000055e-04
3.982044598899999810e-04
3.620040544455000006e-04
7.421083116149999751e-04
1.339415001449999892e-03
3.040834057340000007e-03
7.746886765122249982e-03
1.960251954822224765e-02
3.887923544742799553e-02
6.407471763694500000e-02
6.441862148856500325e-02
5.059006660870000310e-02
5.059006660870000310e-02
6.441862148856500325e-02
6.407471763694500000e-02
3.887923544742799553e-02
1.960251954822224765e-02
7.746886765122249982e-03
3.040834057340000007e-03
1.339415001449999892e-03
7.421083116149999751e-04
3.620040544455000006e-04
3.982044598899999810e-04
2.715030408340000055e-04
4.887054735012500133e-04
7.602085143355000359e-04
1.484216623230000167e-03
3.746741963510000131e-03
1.104112366060999890e-02
2.266145380830500086e-02
3.180205618302000409e-02
3.542209672748999894e-02
3.931364031278999915e-02
3.706921517519000397e-02
3.087894584418399840e-02
1.938531711555600140e-02
9.375905010116999602e-03
3.294236895452249975e-03
1.158412974226499977e-03
4.163046626119999813e-04
1.629018245005499918e-04
7.240081088925000492e-05
