6.000000000000000000e+01
5.249058789455000309e-04
5.611062843899999571e-04
9.593107442799999381e-04
2.208224732119999992e-03
4.108746017955000260e-03
8.235592238630001088e-03
1.949391833188500109e-02
4.530480741383999949e-02
8.304373008978500892e-02
1.178866203301150023e-01
1.121126556617249997e-01
7.156820156372500907e-02
2.646249637996150178e-02
6.081668114689000627e-03
1.031711555170000075e-03
1.448016217780000029e-04
3.620040544455000277e-05
0.000000000000000000e+00
0.000000000000000000e+00
0.000000000000000000e+00
0.000000000000000000e+00
0.000000000000000000e+00
1.810020272225000036e-05
0.000000000000000000e+00
0.000000000000000000e+00
1.810020272225000036e-05
3.620040544455000277e-05
5.430060816700000117e-05
3.620040544455000277e-05
7.240081088900000145e-05
7.240081088900000145e-05
3.620040544455000277e-05
5.430060816700000117e-05
3.620040544455000277e-05
1.810020272225000036e-05
0.000000000000000000e+00
0.000000000000000000e+00
1.810020272225000036e-05
0.000000000000000000e+00
0.000000000000000000e+00
0.000000000000000000e+00
0.000000000000000000e+00
0.000000000000000000e+00
3.620040544455000277e-05
1.448016217780000029e-04
1.031711555170000075e-03
6.081668114689000627e-03
2.646249637996150178e-02
7.156820156372500907e-02
1.121126556617249997e-01
1.178866203301150023e-01
8.304373008978500892e-02
4.530480741383999949e-02
1.949391833188500109e-02
8.235592238630001088e-03
4.108746017955000260e-03
2.208224732119999992e-03
9.593107442799999381e-04
5.611062843899999571e-04
5.249058789455000309e-04
