6.000000000000000000e+01
0.000000000000000000e+00
1.810020272225000036e-05
0.000000000000000000e+00
1.810020272225000036e-05
5.430060816680000652e-05
3.439038517230000205e-04
1.991022299449999797e-03
7.439183318854999949e-03
2.277005502465000164e-02
4.932305241820000158e-02
7.480813785115000836e-02
8.347813495504999293e-02
6.637344338259999754e-02
4.081595713870000280e-02
1.887851143934999795e-02
6.624674196359999975e-03
1.647118447729000075e-03
1.104112366058499894e-03
5.792064871120000116e-04
7.059079061700000149e-04
9.231103388349999779e-04
1.900521285837249988e-03
2.932232841009999817e-03
4.977555748626999628e-03
1.019041413266149991e-02
1.520417028669500056e-02
1.909571387198499837e-02
2.177454387491499846e-02
2.289675644369499816e-02
2.313205907904999914e-02
2.313205907904999914e-02
2.289675644369499816e-02
2.177454387491499846e-02
1.909571387198499837e-02
1.520417028669500056e-02
1.019041413266149991e-02
4.977555748626999628e-03
2.932232841009999817e-03
1.900521285837249988e-03
9.231103388349999779e-04
7.059079061700000149e-04
5.792064871120000116e-04
1.104112366058499894e-03
1.647118447729000075e-03
6.624674196359999975e-03
1.887851143934999795e-02
4.081595713870000280e-02
6.637344338259999754e-02
8.347813495504999293e-02
7.480813785115000836e-02
4.932305241820000158e-02
2.277005502465000164e-02
7.439183318854999949e-03
1.991022299449999797e-03
3.439038517230000205e-04
5.430060816680000652e-05
1.810020272225000036e-05
0.000000000000000000e+00
1.810020272225000036e-05
0.000000000000000000e+00
