6.000000000000000000e+01
7.240081088925000492e-05
0.000000000000000000e+00
3.620040544450000072e-05
1.267014190560500114e-04
5.249058789459999565e-04
1.520417028670000004e-03
4.525050680565000268e-03
1.361135244716999912e-02
3.033593976254999811e-02
5.229148566465000036e-02
7.446423399939999799e-02
8.007529684334999120e-02
5.893426006375000054e-02
3.451708659134999913e-02
1.563857515204000043e-02
5.973066898328999695e-03
2.479727772952999929e-03
1.104112366059550052e-03
9.412105415572499410e-04
6.516072980000000127e-04
8.145091224999999888e-04
1.538517231395000046e-03
2.353026353894999926e-03
4.850854329569999693e-03
9.086301766583499556e-03
1.531277150303950001e-02
2.197364610484500019e-02
2.181074428032999876e-02
2.320445988995500225e-02
2.123153779325000212e-02
2.123153779325000212e-02
2.320445988995500225e-02
2.181074428032999876e-02
2.197364610484500019e-02
1.531277150303950001e-02
9.086301766583499556e-03
4.850854329569999693e-03
2.353026353894999926e-03
1.538517231395000046e-03
8.145091224999999888e-04
6.516072980000000127e-04
9.412105415572499410e-04
1.104112366059550052e-03
2.479727772952999929e-03
5.973066898328999695e-03
1.563857515204000043e-02
3.451708659134999913e-02
5.893426006375000054e-02
8.007529684334999120e-02
7.446423399939999799e-02
5.229148566465000036e-02
3.033593976254999811e-02
1.361135244716999912e-02
4.525050680565000268e-03
1.520417028670000004e-03
5.249058789459999565e-04
1.267014190560500114e-04
3.620040544450000072e-05
0.000000000000000000e+00
7.240081088925000492e-05
