6.000000000000000000e+01
0.000000000000000000e+00
0.000000000000000000e+00
3.620040544455000277e-05
3.620040544455000277e-05
7.240081088900000145e-05
7.783087170600000437e-04
3.855343179844999794e-03
1.838980596584999933e-02
5.699753837250000343e-02
1.184115262090000009e-01
1.446568201564999989e-01
9.815739936299999746e-02
4.242687518100000249e-02
1.288734433824999942e-02
2.678830002894999878e-03
4.887054735015000304e-04
1.267014190560000026e-04
0.000000000000000000e+00
0.000000000000000000e+00
0.000000000000000000e+00
0.000000000000000000e+00
0.000000000000000000e+00
0.000000000000000000e+00
0.000000000000000000e+00
0.000000000000000000e+00
0.000000000000000000e+00
0.000000000000000000e+00
0.000000000000000000e+00
0.000000000000000000e+00
0.000000000000000000e+00
0.000000000000000000e+00
0.000000000000000000e+00
0.000000000000000000e+00
0.000000000000000000e+00
0.000000000000000000e+00
0.000000000000000000e+00
0.000000000000000000e+00
0.000000000000000000e+00
0.000000000000000000e+00
0.000000000000000000e+00
0.000000000000000000e+00
0.000000000000000000e+00
0.000000000000000000e+00
1.267014190560000026e-04
4.887054735015000304e-04
2.678830002894999878e-03
1.288734433824999942e-02
4.242687518100000249e-02
9.815739936299999746e-02
1.446568201564999989e-01
1.184115262090000009e-01
5.699753837250000343e-02
1.838980596584999933e-02
3.855343179844999794e-03
7.783087170600000437e-04
7.240081088900000145e-05
3.620040544455000277e-05
3.620040544455000277e-05
0.000000000000000000e+00
0.000000000000000000e+00
