6.000000000000000000e+01
1.629018245005000101e-04
2.534028381120000052e-04
7.240081088910000013e-04
1.737619461340500016e-03
6.932377642615000259e-03
2.032652765709999990e-02
4.818273964670000131e-02
8.836518969020000502e-02
1.086917173472999876e-01
8.713437590479999884e-02
4.682522444250000054e-02
1.723139299160000165e-02
5.611062843904999695e-03
1.484216623229999950e-03
3.801042571679999807e-04
1.448016217780500117e-04
9.050101361155000394e-05
3.620040544455000277e-05
5.430060816680000652e-05
5.430060816700000117e-05
1.810020272225000036e-05
1.086012163334999954e-04
2.534028381117499882e-04
3.258036490007500032e-04
8.507095279449999490e-04
2.153924123951500309e-03
5.303359397626000379e-03
1.149362872861999993e-02
1.994642339996000047e-02
2.512308137850000067e-02
2.512308137850000067e-02
1.994642339996000047e-02
1.149362872861999993e-02
5.303359397626000379e-03
2.153924123951500309e-03
8.507095279449999490e-04
3.258036490007500032e-04
2.534028381117499882e-04
1.086012163334999954e-04
1.810020272225000036e-05
5.430060816700000117e-05
5.430060816680000652e-05
3.620040544455000277e-05
9.050101361155000394e-05
1.448016217780500117e-04
3.801042571679999807e-04
1.484216623229999950e-03
5.611062843904999695e-03
1.723139299160000165e-02
4.682522444250000054e-02
8.713437590479999884e-02
1.086917173472999876e-01
8.836518969020000502e-02
4.818273964670000131e-02
2.032652765709999990e-02
6.932377642615000259e-03
1.737619461340500016e-03
7.240081088910000013e-04
2.534028381120000052e-04
1.629018245005000101e-04
