6.000000000000000000e+01
7.240081088925000492e-05
1.810020272225000036e-05
5.430060816700000117e-05
2.172024326669999908e-04
3.982044598899999810e-04
1.972922096724999755e-03
6.172169128294999543e-03
1.925861569649999980e-02
4.523240660294999826e-02
7.460903562144999279e-02
8.894439617740000636e-02
7.095279467154999575e-02
4.655372140164999728e-02
2.429047205330499976e-02
1.060671879527499972e-02
4.344048653343499621e-03
1.393715609616999907e-03
9.412105415572499410e-04
3.982044598899999810e-04
4.887054735015000304e-04
6.697075007249999462e-04
7.059079061700000149e-04
8.145091224999999888e-04
9.231103388349999779e-04
1.810020272226999915e-03
3.402838111788999975e-03
7.276281494355000407e-03
1.574717636839999962e-02
3.015493773530000116e-02
4.157616565305000123e-02
4.157616565305000123e-02
3.015493773530000116e-02
1.574717636839999962e-02
7.276281494355000407e-03
3.402838111788999975e-03
1.810020272226999915e-03
9.231103388349999779e-04
8.145091224999999888e-04
7.059079061700000149e-04
6.697075007249999462e-04
4.887054735015000304e-04
3.982044598899999810e-04
9.412105415572499410e-04
1.393715609616999907e-03
4.344048653343499621e-03
1.060671879527499972e-02
2.429047205330499976e-02
4.655372140164999728e-02
7.095279467154999575e-02
8.894439617740000636e-02
7.460903562144999279e-02
4.523240660294999826e-02
1.925861569649999980e-02
6.172169128294999543e-03
1.972922096724999755e-03
3.982044598899999810e-04
2.172024326669999908e-04
5.430060816700000117e-05
1.810020272225000036e-05
7.240081088925000492e-05
