6.000000000000000000e+01
0.000000000000000000e+00
5.430060816680000652e-05
3.620040544455000277e-05
9.050101361125000520e-05
2.715030408340000055e-04
7.240081088910000013e-04
2.479727772950000159e-03
7.674485954240000372e-03
2.007312481899999751e-02
3.524109470024999746e-02
5.031856356790000151e-02
4.992035910804999699e-02
3.808282652765000026e-02
2.063423110339999977e-02
9.032001158399999285e-03
3.475238922675000057e-03
1.285114393279500073e-03
6.335070952795000604e-04
4.344048653345000156e-04
3.620040544452500378e-04
4.344048653345000156e-04
8.869099333900000177e-04
1.303214596002250179e-03
2.950333043729550225e-03
7.059079061683499676e-03
1.594627859833399816e-02
3.073414422241000157e-02
4.885244714740499816e-02
6.999348392710000311e-02
8.101650738485000058e-02
8.101650738485000058e-02
6.999348392710000311e-02
4.885244714740499816e-02
3.073414422241000157e-02
1.594627859833399816e-02
7.059079061683499676e-03
2.950333043729550225e-03
1.303214596002250179e-03
8.869099333900000177e-04
4.344048653345000156e-04
3.620040544452500378e-04
4.344048653345000156e-04
6.335070952795000604e-04
1.285114393279500073e-03
3.475238922675000057e-03
9.032001158399999285e-03
2.063423110339999977e-02
3.808282652765000026e-02
4.992035910804999699e-02
5.031856356790000151e-02
3.524109470024999746e-02
2.007312481899999751e-02
7.674485954240000372e-03
2.479727772950000159e-03
7.240081088910000013e-04
2.715030408340000055e-04
9.050101361125000520e-05
3.620040544455000277e-05
5.430060816680000652e-05
0.000000000000000000e+00
