6.000000000000000000e+01
3.077034462784999859e-04
4.706052707789999960e-04
6.878077034455000070e-04
1.864320880394999998e-03
5.430060816680000110e-03
1.581957717926999948e-02
4.159426585575000390e-02
7.898928467999999370e-02
9.701708659149999026e-02
7.647335650174999500e-02
3.900593686650000169e-02
1.357515204169999941e-02
3.692441355339999912e-03
1.176513176949499882e-03
2.172024326675000248e-04
9.050101361125000520e-05
1.810020272225000036e-05
1.810020272225000036e-05
0.000000000000000000e+00
3.620040544455000277e-05
1.267014190560000026e-04
2.534028381120000052e-04
4.525050680569999957e-04
1.502316825950000085e-03
3.276136692729999904e-03
9.231103388372250210e-03
1.730379380248900020e-02
2.832681726036000158e-02
3.343107442802999846e-02
2.961193165365000324e-02
2.961193165365000324e-02
3.343107442802999846e-02
2.832681726036000158e-02
1.730379380248900020e-02
9.231103388372250210e-03
3.276136692729999904e-03
1.502316825950000085e-03
4.525050680569999957e-04
2.534028381120000052e-04
1.267014190560000026e-04
3.620040544455000277e-05
0.000000000000000000e+00
1.810020272225000036e-05
1.810020272225000036e-05
9.050101361125000520e-05
2.172024326675000248e-04
1.176513176949499882e-03
3.692441355339999912e-03
1.357515204169999941e-02
3.900593686650000169e-02
7.647335650174999500e-02
9.701708659149999026e-02
7.898928467999999370e-02
4.159426585575000390e-02
1.581957717926999948e-02
5.430060816680000110e-03
1.864320880394999998e-03
6.878077034455000070e-04
4.706052707789999960e-04
3.077034462784999859e-04
