6.000000000000000000e+01
2.896032435560000058e-04
3.439038517229999663e-04
6.878077034464999667e-04
1.592817839559999924e-03
4.036345207064999906e-03
1.049811757893500015e-02
2.378366637705000078e-02
5.250868809729999920e-02
8.257312481900000445e-02
1.055603822763999944e-01
9.397625253399999323e-02
6.358601216334999751e-02
3.353967564435000187e-02
1.236243845930000071e-02
4.742253113234999595e-03
1.592817839559999924e-03
7.964089197809999217e-04
2.353026353895000251e-04
7.240081088900000145e-05
3.620040544455000277e-05
3.620040544455000277e-05
0.000000000000000000e+00
7.240081088900000145e-05
1.629018245005000101e-04
5.249058789449999969e-04
5.249058789472499332e-04
9.412105415564999984e-04
1.448016217780500117e-03
1.665218650449999845e-03
1.810020272224999996e-03
1.810020272224999996e-03
1.665218650449999845e-03
1.448016217780500117e-03
9.412105415564999984e-04
5.249058789472499332e-04
5.249058789449999969e-04
1.629018245005000101e-04
7.240081088900000145e-05
0.000000000000000000e+00
3.620040544455000277e-05
3.620040544455000277e-05
7.240081088900000145e-05
2.353026353895000251e-04
7.964089197809999217e-04
1.592817839559999924e-03
4.742253113234999595e-03
1.236243845930000071e-02
3.353967564435000187e-02
6.358601216334999751e-02
9.397625253399999323e-02
1.055603822763999944e-01
8.257312481900000445e-02
5.250868809729999920e-02
2.378366637705000078e-02
1.049811757893500015e-02
4.036345207064999906e-03
1.592817839559999924e-03
6.878077034464999667e-04
3.439038517229999663e-04
2.896032435560000058e-04
