6.000000000000000000e+01
5.430060816700000117e-05
3.620040544450000072e-05
0.000000000000000000e+00
3.620040544455000277e-05
2.534028381115000254e-04
8.688097306704999166e-04
2.461627570230000023e-03
7.565884737915000088e-03
1.904141326380499877e-02
3.650810889080000066e-02
4.867144512020000341e-02
4.999275991890000242e-02
3.639950767450000207e-02
2.105053576600500118e-02
8.416594265875000300e-03
2.968433246449999653e-03
1.140312771505499990e-03
3.620040544450000208e-04
1.629018245005000101e-04
1.267014190557499856e-04
1.629018245005499918e-04
2.534028381120000052e-04
5.611062843899999571e-04
1.701419055894550078e-03
4.778453518678499670e-03
1.375615406891199897e-02
3.031783955979499776e-02
5.230958586734999610e-02
7.379452649874999881e-02
8.624746597155000249e-02
8.624746597155000249e-02
7.379452649874999881e-02
5.230958586734999610e-02
3.031783955979499776e-02
1.375615406891199897e-02
4.778453518678499670e-03
1.701419055894550078e-03
5.611062843899999571e-04
2.534028381120000052e-04
1.629018245005499918e-04
1.267014190557499856e-04
1.629018245005000101e-04
3.620040544450000208e-04
1.140312771505499990e-03
2.968433246449999653e-03
8.416594265875000300e-03
2.105053576600500118e-02
3.639950767450000207e-02
4.999275991890000242e-02
4.867144512020000341e-02
3.650810889080000066e-02
1.904141326380499877e-02
7.565884737915000088e-03
2.461627570230000023e-03
8.688097306704999166e-04
2.534028381115000254e-04
3.620040544455000277e-05
0.000000000000000000e+00
3.620040544450000072e-05
5.430060816700000117e-05
