6.000000000000000000e+01
0.000000000000000000e+00
1.810020272225000036e-05
5.430060816700000117e-05
5.249058789449999969e-04
3.819142774397250081e-03
2.184694468580000021e-02
6.957717926449999424e-02
1.315341731824999916e-01
1.356610194032222549e-01
8.192151752094455064e-02
2.906892557198900023e-02
7.964089197794550420e-03
1.991022299451499899e-03
5.973066898339999577e-04
9.050101361155000394e-05
1.810020272225000036e-05
0.000000000000000000e+00
0.000000000000000000e+00
0.000000000000000000e+00
0.000000000000000000e+00
0.000000000000000000e+00
0.000000000000000000e+00
0.000000000000000000e+00
0.000000000000000000e+00
5.430060816700000117e-05
1.991022299449999905e-04
5.611062843900000655e-04
2.190124529394999950e-03
5.104257167679999291e-03
7.203880683465000052e-03
7.203880683465000052e-03
5.104257167679999291e-03
2.190124529394999950e-03
5.611062843900000655e-04
1.991022299449999905e-04
5.430060816700000117e-05
0.000000000000000000e+00
0.000000000000000000e+00
0.000000000000000000e+00
0.000000000000000000e+00
0.000000000000000000e+00
0.000000000000000000e+00
0.000000000000000000e+00
0.000000000000000000e+00
1.810020272225000036e-05
9.050101361155000394e-05
5.973066898339999577e-04
1.991022299451499899e-03
7.964089197794550420e-03
2.906892557198900023e-02
8.192151752094455064e-02
1.356610194032222549e-01
1.315341731824999916e-01
6.957717926449999424e-02
2.184694468580000021e-02
3.819142774397250081e-03
5.249058789449999969e-04
5.430060816700000117e-05
1.810020272225000036e-05
0.000000000000000000e+00
