6.000000000000000000e+01
1.448016217785000098e-04
3.620040544450000072e-05
3.258036490010000202e-04
7.421083116129999473e-04
1.647118447725000020e-03
5.393860411239999840e-03
1.308644656820999973e-02
3.297856935995999855e-02
5.887995945539999804e-02
7.587604981154999484e-02
6.610194034195000790e-02
3.896973646105499761e-02
1.520417028672499914e-02
3.692441355341500014e-03
8.326093252239999626e-04
9.050101361125000520e-05
0.000000000000000000e+00
0.000000000000000000e+00
0.000000000000000000e+00
0.000000000000000000e+00
1.810020272225000036e-05
1.086012163334999954e-04
2.353026353894999980e-04
1.972922096725000188e-03
8.145091224999999671e-03
2.448957428324999991e-02
4.454459889951149776e-02
4.906964958006200528e-02
3.636330726904499905e-02
2.105053576600000170e-02
2.105053576600000170e-02
3.636330726904499905e-02
4.906964958006200528e-02
4.454459889951149776e-02
2.448957428324999991e-02
8.145091224999999671e-03
1.972922096725000188e-03
2.353026353894999980e-04
1.086012163334999954e-04
1.810020272225000036e-05
0.000000000000000000e+00
0.000000000000000000e+00
0.000000000000000000e+00
0.000000000000000000e+00
9.050101361125000520e-05
8.326093252239999626e-04
3.692441355341500014e-03
1.520417028672499914e-02
3.896973646105499761e-02
6.610194034195000790e-02
7.587604981154999484e-02
5.887995945539999804e-02
3.297856935995999855e-02
1.308644656820999973e-02
5.393860411239999840e-03
1.647118447725000020e-03
7.421083116129999473e-04
3.258036490010000202e-04
3.620040544450000072e-05
1.448016217785000098e-04
