6.000000000000000000e+01
0.000000000000000000e+00
0.000000000000000000e+00
0.000000000000000000e+00
0.000000000000000000e+00
0.000000000000000000e+00
1.810020272225000036e-05
3.620040544455000277e-05
2.353026353894999980e-04
1.484216623225000043e-03
4.289748045179999844e-03
8.525195482199999716e-03
1.113162467419999933e-02
9.737909064600000150e-03
6.045467709250000425e-03
2.479727772950000159e-03
1.086012163334999954e-03
2.715030408340000055e-04
1.448016217780000029e-04
1.629018245005000101e-04
1.086012163334999954e-04
2.172024326669999908e-04
2.715030408340000055e-04
1.230813785115000012e-03
4.199247031565000315e-03
1.089632203879454912e-02
3.270706631916150270e-02
7.415653055333450150e-02
1.194432377640599896e-01
1.199138430351500001e-01
9.120692151730000474e-02
9.120692151730000474e-02
1.199138430351500001e-01
1.194432377640599896e-01
7.415653055333450150e-02
3.270706631916150270e-02
1.089632203879454912e-02
4.199247031565000315e-03
1.230813785115000012e-03
2.715030408340000055e-04
2.172024326669999908e-04
1.086012163334999954e-04
1.629018245005000101e-04
1.448016217780000029e-04
2.715030408340000055e-04
1.086012163334999954e-03
2.479727772950000159e-03
6.045467709250000425e-03
9.737909064600000150e-03
1.113162467419999933e-02
8.525195482199999716e-03
4.289748045179999844e-03
1.484216623225000043e-03
2.353026353894999980e-04
3.620040544455000277e-05
1.810020272225000036e-05
0.000000000000000000e+00
0.000000000000000000e+00
0.000000000000000000e+00
0.000000000000000000e+00
0.000000000000000000e+00
