6.000000000000000000e+01
3.620040544455000277e-05
1.267014190560000026e-04
3.620040544455500366e-04
1.339415001446499871e-03
2.896032435564500039e-03
7.330582102505000565e-03
1.867940920938000043e-02
3.963944396180000412e-02
6.718795250525000373e-02
8.876339414995000621e-02
9.419345496679999707e-02
7.256371271354999930e-02
4.468940052129999341e-02
2.014552562988499926e-02
7.185780480755000164e-03
1.683318853169999980e-03
4.163046626125000154e-04
1.448016217780500117e-04
3.620040544450000072e-05
1.810020272225000036e-05
0.000000000000000000e+00
0.000000000000000000e+00
1.629018245005000101e-04
4.887054735015000304e-04
7.059079061700000149e-04
1.954821894007249990e-03
4.181146828842999610e-03
6.461772371855000092e-03
9.050101361150000162e-03
9.556907037364999885e-03
9.556907037364999885e-03
9.050101361150000162e-03
6.461772371855000092e-03
4.181146828842999610e-03
1.954821894007249990e-03
7.059079061700000149e-04
4.887054735015000304e-04
1.629018245005000101e-04
0.000000000000000000e+00
0.000000000000000000e+00
1.810020272225000036e-05
3.620040544450000072e-05
1.448016217780500117e-04
4.163046626125000154e-04
1.683318853169999980e-03
7.185780480755000164e-03
2.014552562988499926e-02
4.468940052129999341e-02
7.256371271354999930e-02
9.419345496679999707e-02
8.876339414995000621e-02
6.718795250525000373e-02
3.963944396180000412e-02
1.867940920938000043e-02
7.330582102505000565e-03
2.896032435564500039e-03
1.339415001446499871e-03
3.620040544455500366e-04
1.267014190560000026e-04
3.620040544455000277e-05
