6.000000000000000000e+01
5.792064871124999372e-04
1.393715609614999988e-03
2.515928178394999902e-03
6.733275412684999392e-03
1.529467130029999941e-02
3.437228496960000046e-02
6.331450912250000118e-02
9.357804807415000259e-02
1.041666666670000019e-01
8.997610773255000638e-02
5.357660005795000097e-02
2.188314509124000135e-02
6.570373588190000190e-03
1.339415001446000054e-03
3.077034462785500218e-04
7.240081088900000145e-05
3.620040544455000277e-05
1.810020272225000036e-05
0.000000000000000000e+00
0.000000000000000000e+00
0.000000000000000000e+00
0.000000000000000000e+00
0.000000000000000000e+00
0.000000000000000000e+00
0.000000000000000000e+00
1.448016217780500117e-04
6.697075007245500023e-04
1.339415001450499926e-03
1.285114393283499912e-03
8.326093252224999689e-04
8.326093252224999689e-04
1.285114393283499912e-03
1.339415001450499926e-03
6.697075007245500023e-04
1.448016217780500117e-04
0.000000000000000000e+00
0.000000000000000000e+00
0.000000000000000000e+00
0.000000000000000000e+00
0.000000000000000000e+00
0.000000000000000000e+00
0.000000000000000000e+00
1.810020272225000036e-05
3.620040544455000277e-05
7.240081088900000145e-05
3.077034462785500218e-04
1.339415001446000054e-03
6.570373588190000190e-03
2.188314509124000135e-02
5.357660005795000097e-02
8.997610773255000638e-02
1.041666666670000019e-01
9.357804807415000259e-02
6.331450912250000118e-02
3.437228496960000046e-02
1.529467130029999941e-02
6.733275412684999392e-03
2.515928178394999902e-03
1.393715609614999988e-03
5.792064871124999372e-04
