6.000000000000000000e+01
0.000000000000000000e+00
0.000000000000000000e+00
0.000000000000000000e+00
0.000000000000000000e+00
0.000000000000000000e+00
0.000000000000000000e+00
1.810020272225000036e-05
0.000000000000000000e+00
0.000000000000000000e+00
3.620040544455000277e-05
7.240081088925000492e-05
2.172024326669999908e-04
1.267014190557499856e-04
1.629018245005000101e-04
1.629018245005000101e-04
1.810020272225000104e-04
1.810020272225000104e-04
9.050101361149999512e-05
1.629018245005000101e-04
3.801042571675000009e-04
5.068056762249999701e-04
1.122212568779999914e-03
1.773819866784999942e-03
3.131335070954549809e-03
4.923255140459499579e-03
9.267303793809999676e-03
2.445337387774999816e-02
7.113379669850000697e-02
1.519874022589999818e-01
2.299087749779999967e-01
2.299087749779999967e-01
1.519874022589999818e-01
7.113379669850000697e-02
2.445337387774999816e-02
9.267303793809999676e-03
4.923255140459499579e-03
3.131335070954549809e-03
1.773819866784999942e-03
1.122212568779999914e-03
5.068056762249999701e-04
3.801042571675000009e-04
1.629018245005000101e-04
9.050101361149999512e-05
1.810020272225000104e-04
1.810020272225000104e-04
1.629018245005000101e-04
1.629018245005000101e-04
1.267014190557499856e-04
2.172024326669999908e-04
7.240081088925000492e-05
3.620040544455000277e-05
0.000000000000000000e+00
0.000000000000000000e+00
1.810020272225000036e-05
0.000000000000000000e+00
0.000000000000000000e+00
0.000000000000000000e+00
0.000000000000000000e+00
0.000000000000000000e+00
0.000000000000000000e+00
