6.000000000000000000e+01
0.000000000000000000e+00
0.000000000000000000e+00
0.000000000000000000e+00
0.000000000000000000e+00
1.086012163334999954e-04
2.896032435560000058e-04
1.158412974227000011e-03
3.855343179845000228e-03
8.959600347505000326e-03
1.399145670432500044e-02
1.623588184188000036e-02
1.428105994788999959e-02
1.076962061976000085e-02
7.258181291630000365e-03
4.470750072404999428e-03
2.298725745725000141e-03
1.212713582395000093e-03
5.611062843904999911e-04
3.982044598899999810e-04
3.077034462785000401e-04
2.896032435560000058e-04
5.430060816680000110e-04
9.412105415579999921e-04
2.172024326675000248e-03
6.208369533740000154e-03
1.600057920649999854e-02
3.449898638864999645e-02
7.328772082244999764e-02
1.197147408049999973e-01
1.601867940919999844e-01
1.601867940919999844e-01
1.197147408049999973e-01
7.328772082244999764e-02
3.449898638864999645e-02
1.600057920649999854e-02
6.208369533740000154e-03
2.172024326675000248e-03
9.412105415579999921e-04
5.430060816680000110e-04
2.896032435560000058e-04
3.077034462785000401e-04
3.982044598899999810e-04
5.611062843904999911e-04
1.212713582395000093e-03
2.298725745725000141e-03
4.470750072404999428e-03
7.258181291630000365e-03
1.076962061976000085e-02
1.428105994788999959e-02
1.623588184188000036e-02
1.399145670432500044e-02
8.959600347505000326e-03
3.855343179845000228e-03
1.158412974227000011e-03
2.896032435560000058e-04
1.086012163334999954e-04
0.000000000000000000e+00
0.000000000000000000e+00
0.000000000000000000e+00
0.000000000000000000e+00
