6.000000000000000000e+01
0.000000000000000000e+00
0.000000000000000000e+00
0.000000000000000000e+00
0.000000000000000000e+00
0.000000000000000000e+00
0.000000000000000000e+00
0.000000000000000000e+00
1.086012163337499989e-04
3.439038517230000205e-04
1.176513176949999916e-03
1.918621488559549932e-03
3.420938314509550018e-03
2.606429192004999958e-03
1.629018245004549940e-03
9.050101361139999915e-04
9.050101361150000596e-04
1.104112366056499974e-03
8.869099333895499654e-04
7.421083116115000620e-04
4.344048653345000156e-04
2.715030408340000055e-04
2.172024326669999908e-04
4.344048653345000156e-04
1.031711555171999995e-03
2.968433246451500189e-03
1.116782507962000084e-02
3.898783666379999902e-02
9.634737909084999108e-02
1.556255430060499989e-01
1.767665797855000054e-01
1.767665797855000054e-01
1.556255430060499989e-01
9.634737909084999108e-02
3.898783666379999902e-02
1.116782507962000084e-02
2.968433246451500189e-03
1.031711555171999995e-03
4.344048653345000156e-04
2.172024326669999908e-04
2.715030408340000055e-04
4.344048653345000156e-04
7.421083116115000620e-04
8.869099333895499654e-04
1.104112366056499974e-03
9.050101361150000596e-04
9.050101361139999915e-04
1.629018245004549940e-03
2.606429192004999958e-03
3.420938314509550018e-03
1.918621488559549932e-03
1.176513176949999916e-03
3.439038517230000205e-04
1.086012163337499989e-04
0.000000000000000000e+00
0.000000000000000000e+00
0.000000000000000000e+00
0.000000000000000000e+00
0.000000000000000000e+00
0.000000000000000000e+00
0.000000000000000000e+00
