6.000000000000000000e+01
1.435346075874999877e-02
1.339415001445000072e-02
1.140312771505000086e-02
9.538806834635000370e-03
1.011801332172999890e-02
9.176802780190000675e-03
1.102302345785000082e-02
1.442586156964999894e-02
1.831740515490000096e-02
2.311395887634999993e-02
2.687880104260000069e-02
3.243556327834999642e-02
3.451708659134999913e-02
3.424558355055000447e-02
3.518679409210000164e-02
3.553069794379999646e-02
3.375687807700000070e-02
3.303286996814999710e-02
2.778381117865000305e-02
2.407326962059999978e-02
1.858890819579999895e-02
1.205473501304999903e-02
7.439183318850000476e-03
3.855343179844999794e-03
2.334926151169999884e-03
1.357515204171999947e-03
8.326093252254999563e-04
4.344048653345000156e-04
2.896032435564999856e-04
5.068056762234999764e-04
5.068056762234999764e-04
2.896032435564999856e-04
4.344048653345000156e-04
8.326093252254999563e-04
1.357515204171999947e-03
2.334926151169999884e-03
3.855343179844999794e-03
7.439183318850000476e-03
1.205473501304999903e-02
1.858890819579999895e-02
2.407326962059999978e-02
2.778381117865000305e-02
3.303286996814999710e-02
3.375687807700000070e-02
3.553069794379999646e-02
3.518679409210000164e-02
3.424558355055000447e-02
3.451708659134999913e-02
3.243556327834999642e-02
2.687880104260000069e-02
2.311395887634999993e-02
1.831740515490000096e-02
1.442586156964999894e-02
1.102302345785000082e-02
9.176802780190000675e-03
1.011801332172999890e-02
9.538806834635000370e-03
1.140312771505000086e-02
1.339415001445000072e-02
1.435346075874999877e-02
