6.000000000000000000e+01
7.475383724299999692e-03
7.384882710685000164e-03
7.439183318854999949e-03
8.253692441345000450e-03
7.203880683465000052e-03
7.674485954230000559e-03
9.339704604699999163e-03
9.375905010129999620e-03
1.129452649867999925e-02
1.238053866201500007e-02
1.341225021719000092e-02
1.493266724585000024e-02
1.690558934259999910e-02
1.810020272224999865e-02
1.924051549380000059e-02
1.925861569645000160e-02
1.887851143935000142e-02
1.773819866779999949e-02
1.667028670720999833e-02
1.581957717928499790e-02
1.520417028669000109e-02
1.600057920650000201e-02
1.960251954819999809e-02
2.552128583839999992e-02
2.973863307269999923e-02
3.093324645235000225e-02
3.010063712714999840e-02
2.818201563860000050e-02
2.427237185054999941e-02
2.166594265854999979e-02
2.166594265854999979e-02
2.427237185054999941e-02
2.818201563860000050e-02
3.010063712714999840e-02
3.093324645235000225e-02
2.973863307269999923e-02
2.552128583839999992e-02
1.960251954819999809e-02
1.600057920650000201e-02
1.520417028669000109e-02
1.581957717928499790e-02
1.667028670720999833e-02
1.773819866779999949e-02
1.887851143935000142e-02
1.925861569645000160e-02
1.924051549380000059e-02
1.810020272224999865e-02
1.690558934259999910e-02
1.493266724585000024e-02
1.341225021719000092e-02
1.238053866201500007e-02
1.129452649867999925e-02
9.375905010129999620e-03
9.339704604699999163e-03
7.674485954230000559e-03
7.203880683465000052e-03
8.253692441345000450e-03
7.439183318854999949e-03
7.384882710685000164e-03
7.475383724299999692e-03
