6.000000000000000000e+01
5.122357370399999860e-03
4.778453518680000206e-03
7.059079061700000365e-03
9.086301766600000246e-03
1.399145670429999960e-02
1.730379380249999835e-02
2.499637995945000121e-02
3.562119895745000098e-02
4.396539241240000201e-02
5.196568201550000321e-02
5.576672458749999672e-02
5.310599478699999654e-02
4.662612221254999745e-02
3.335867361715000312e-02
2.229944975384999875e-02
1.328554879815000041e-02
6.371271358250000377e-03
2.642629597450000135e-03
1.520417028670000004e-03
5.973066898350000258e-04
6.878077034449999730e-04
7.964089197799999621e-04
1.719519258614999940e-03
3.149435273675000105e-03
5.303359397650000279e-03
7.258181291649999992e-03
9.050101361150000162e-03
8.561395887649999800e-03
7.819287576000000586e-03
6.190269330999999958e-03
6.190269330999999958e-03
7.819287576000000586e-03
8.561395887649999800e-03
9.050101361150000162e-03
7.258181291649999992e-03
5.303359397650000279e-03
3.149435273675000105e-03
1.719519258614999940e-03
7.964089197799999621e-04
6.878077034449999730e-04
5.973066898350000258e-04
1.520417028670000004e-03
2.642629597450000135e-03
6.371271358250000377e-03
1.328554879815000041e-02
2.229944975384999875e-02
3.335867361715000312e-02
4.662612221254999745e-02
5.310599478699999654e-02
5.576672458749999672e-02
5.196568201550000321e-02
4.396539241240000201e-02
3.562119895745000098e-02
2.499637995945000121e-02
1.730379380249999835e-02
1.399145670429999960e-02
9.086301766600000246e-03
7.059079061700000365e-03
4.778453518680000206e-03
5.122357370399999860e-03
