6.000000000000000000e+01
0.000000000000000000e+00
0.000000000000000000e+00
0.000000000000000000e+00
0.000000000000000000e+00
0.000000000000000000e+00
1.267014190560500114e-04
6.878077034459999326e-04
2.932232841010000250e-03
8.108890819575000422e-03
1.424485954244500072e-02
1.779249927600000045e-02
1.705039096435000123e-02
1.207283521576999960e-02
9.502606429215000594e-03
5.828265276570000417e-03
3.312337098175000081e-03
1.049811757891999913e-03
5.973066898350000258e-04
2.715030408340000055e-04
3.077034462784999859e-04
2.353026353895000251e-04
3.258036490004999862e-04
9.774109470030000607e-04
2.389226759340000103e-03
6.009267303795000001e-03
1.540327251664999966e-02
3.846293078479999517e-02
7.343252244424999797e-02
1.171445120184999994e-01
1.517339994204999765e-01
1.517339994204999765e-01
1.171445120184999994e-01
7.343252244424999797e-02
3.846293078479999517e-02
1.540327251664999966e-02
6.009267303795000001e-03
2.389226759340000103e-03
9.774109470030000607e-04
3.258036490004999862e-04
2.353026353895000251e-04
3.077034462784999859e-04
2.715030408340000055e-04
5.973066898350000258e-04
1.049811757891999913e-03
3.312337098175000081e-03
5.828265276570000417e-03
9.502606429215000594e-03
1.207283521576999960e-02
1.705039096435000123e-02
1.779249927600000045e-02
1.424485954244500072e-02
8.108890819575000422e-03
2.932232841010000250e-03
6.878077034459999326e-04
1.267014190560500114e-04
0.000000000000000000e+00
0.000000000000000000e+00
0.000000000000000000e+00
0.000000000000000000e+00
0.000000000000000000e+00
