6.000000000000000000e+01
1.346655082534999916e-02
1.095062264695000065e-02
9.213003185649999704e-03
8.706197509400000201e-03
7.402982913400000392e-03
7.421083116150000401e-03
6.859976831749999872e-03
7.891688386900000754e-03
1.024471474079999972e-02
1.167463075585000072e-02
1.415435852879999915e-02
1.878801042570000038e-02
2.101433536055000162e-02
2.633579496090000110e-02
3.044454097885000016e-02
3.301476976539999969e-02
3.274326672459999810e-02
3.019113814075000124e-02
2.897842455835000081e-02
2.381986678250000086e-02
2.007312481900000098e-02
1.668838690995000026e-02
1.413625832609999994e-02
1.317694758180000016e-02
1.310454677089999999e-02
1.294164494640000045e-02
1.353895163624999932e-02
1.438966116420000059e-02
1.455256298870000013e-02
1.408195771795000065e-02
1.408195771795000065e-02
1.455256298870000013e-02
1.438966116420000059e-02
1.353895163624999932e-02
1.294164494640000045e-02
1.310454677089999999e-02
1.317694758180000016e-02
1.413625832609999994e-02
1.668838690995000026e-02
2.007312481900000098e-02
2.381986678250000086e-02
2.897842455835000081e-02
3.019113814075000124e-02
3.274326672459999810e-02
3.301476976539999969e-02
3.044454097885000016e-02
2.633579496090000110e-02
2.101433536055000162e-02
1.878801042570000038e-02
1.415435852879999915e-02
1.167463075585000072e-02
1.024471474079999972e-02
7.891688386900000754e-03
6.859976831749999872e-03
7.421083116150000401e-03
7.402982913400000392e-03
8.706197509400000201e-03
9.213003185649999704e-03
1.095062264695000065e-02
1.346655082534999916e-02
