6.000000000000000000e+01
0.000000000000000000e+00
0.000000000000000000e+00
0.000000000000000000e+00
0.000000000000000000e+00
3.620040544455000277e-05
1.629018245002499931e-04
6.516072980020000405e-04
1.375615406891499831e-03
2.986533449175000129e-03
5.321459600350000353e-03
7.185780480739999143e-03
6.172169128294999543e-03
3.402838111784999703e-03
2.407326962059999804e-03
1.067911960614999819e-03
7.059079061685000211e-04
2.172024326669999908e-04
1.086012163337499989e-04
5.430060816680000652e-05
7.240081088925000492e-05
5.430060816700000117e-05
1.810020272229999902e-04
2.896032435564999856e-04
6.154068925569999718e-04
2.298725745730000047e-03
9.593107442795000342e-03
3.172965537215000076e-02
7.837387778759999368e-02
1.472813495508999981e-01
1.976542137269999833e-01
1.976542137269999833e-01
1.472813495508999981e-01
7.837387778759999368e-02
3.172965537215000076e-02
9.593107442795000342e-03
2.298725745730000047e-03
6.154068925569999718e-04
2.896032435564999856e-04
1.810020272229999902e-04
5.430060816700000117e-05
7.240081088925000492e-05
5.430060816680000652e-05
1.086012163337499989e-04
2.172024326669999908e-04
7.059079061685000211e-04
1.067911960614999819e-03
2.407326962059999804e-03
3.402838111784999703e-03
6.172169128294999543e-03
7.185780480739999143e-03
5.321459600350000353e-03
2.986533449175000129e-03
1.375615406891499831e-03
6.516072980020000405e-04
1.629018245002499931e-04
3.620040544455000277e-05
0.000000000000000000e+00
0.000000000000000000e+00
0.000000000000000000e+00
0.000000000000000000e+00
