6.000000000000000000e+01
0.000000000000000000e+00
1.810020272225000036e-05
0.000000000000000000e+00
1.810020272225000036e-05
9.050101361149999512e-05
4.525050680569999957e-04
1.267014190558999904e-03
3.891543585289999538e-03
9.593107442825000650e-03
1.610918042284999879e-02
2.057993049519999881e-02
1.933101650735000177e-02
1.473356501594999882e-02
1.196423399944000071e-02
8.923399942094999496e-03
6.606573993625000120e-03
3.149435273675000105e-03
1.556617434115000181e-03
5.068056762234999764e-04
2.534028381115000254e-04
3.439038517229999663e-04
5.068056762240000105e-04
1.140312771504999956e-03
2.877932232839999598e-03
6.624674196350001029e-03
1.603677961194999863e-02
3.350347523890000179e-02
6.336880973064999700e-02
1.086736171444999954e-01
1.478786562409999950e-01
1.478786562409999950e-01
1.086736171444999954e-01
6.336880973064999700e-02
3.350347523890000179e-02
1.603677961194999863e-02
6.624674196350001029e-03
2.877932232839999598e-03
1.140312771504999956e-03
5.068056762240000105e-04
3.439038517229999663e-04
2.534028381115000254e-04
5.068056762234999764e-04
1.556617434115000181e-03
3.149435273675000105e-03
6.606573993625000120e-03
8.923399942094999496e-03
1.196423399944000071e-02
1.473356501594999882e-02
1.933101650735000177e-02
2.057993049519999881e-02
1.610918042284999879e-02
9.593107442825000650e-03
3.891543585289999538e-03
1.267014190558999904e-03
4.525050680569999957e-04
9.050101361149999512e-05
1.810020272225000036e-05
0.000000000000000000e+00
1.810020272225000036e-05
0.000000000000000000e+00
