6.000000000000000000e+01
1.267014190560000026e-04
4.525050680569999957e-04
9.231103388349999779e-04
2.371126556615000061e-03
5.393860411249999653e-03
1.122212568780000044e-02
1.556617434114999921e-02
2.197364610484999967e-02
2.429047205330000028e-02
2.722270489429999898e-02
3.192875760209999692e-02
4.322328410080000100e-02
6.336880973050000587e-02
7.527874312200000251e-02
7.142339994200000430e-02
5.017376194599999784e-02
2.901462496380000089e-02
1.422675933969999931e-02
6.298870547350000210e-03
2.968433246450000087e-03
1.466116420504999908e-03
5.249058789449999969e-04
2.896032435564999856e-04
7.240081088900000145e-05
5.430060816700000117e-05
0.000000000000000000e+00
3.620040544455000277e-05
3.620040544455000277e-05
3.620040544455000277e-05
3.620040544455000277e-05
3.620040544455000277e-05
3.620040544455000277e-05
3.620040544455000277e-05
3.620040544455000277e-05
0.000000000000000000e+00
5.430060816700000117e-05
7.240081088900000145e-05
2.896032435564999856e-04
5.249058789449999969e-04
1.466116420504999908e-03
2.968433246450000087e-03
6.298870547350000210e-03
1.422675933969999931e-02
2.901462496380000089e-02
5.017376194599999784e-02
7.142339994200000430e-02
7.527874312200000251e-02
6.336880973050000587e-02
4.322328410080000100e-02
3.192875760209999692e-02
2.722270489429999898e-02
2.429047205330000028e-02
2.197364610484999967e-02
1.556617434114999921e-02
1.122212568780000044e-02
5.393860411249999653e-03
2.371126556615000061e-03
9.231103388349999779e-04
4.525050680569999957e-04
1.267014190560000026e-04
