6.000000000000000000e+01
0.000000000000000000e+00
0.000000000000000000e+00
0.000000000000000000e+00
0.000000000000000000e+00
1.810020272225000036e-05
0.000000000000000000e+00
5.430060816700000117e-05
5.430060816700000117e-05
2.172024326669999908e-04
3.439038517230000205e-04
5.249058789472499332e-04
2.534028381120000052e-04
3.258036490010000202e-04
1.448016217780500117e-04
5.430060816680000652e-05
1.086012163335500042e-04
1.810020272225000036e-05
3.620040544455000277e-05
1.810020272225000036e-05
0.000000000000000000e+00
3.620040544455000277e-05
7.240081088900000145e-05
1.991022299447500006e-04
5.611062843922500019e-04
2.606429192007499694e-03
8.869099333925000578e-03
2.850781928756000033e-02
7.641905589325000137e-02
1.585396756442000177e-01
2.220170865914999903e-01
2.220170865914999903e-01
1.585396756442000177e-01
7.641905589325000137e-02
2.850781928756000033e-02
8.869099333925000578e-03
2.606429192007499694e-03
5.611062843922500019e-04
1.991022299447500006e-04
7.240081088900000145e-05
3.620040544455000277e-05
0.000000000000000000e+00
1.810020272225000036e-05
3.620040544455000277e-05
1.810020272225000036e-05
1.086012163335500042e-04
5.430060816680000652e-05
1.448016217780500117e-04
3.258036490010000202e-04
2.534028381120000052e-04
5.249058789472499332e-04
3.439038517230000205e-04
2.172024326669999908e-04
5.430060816700000117e-05
5.430060816700000117e-05
0.000000000000000000e+00
1.810020272225000036e-05
0.000000000000000000e+00
0.000000000000000000e+00
0.000000000000000000e+00
0.000000000000000000e+00
