6.000000000000000000e+01
0.000000000000000000e+00
0.000000000000000000e+00
0.000000000000000000e+00
0.000000000000000000e+00
0.000000000000000000e+00
0.000000000000000000e+00
0.000000000000000000e+00
0.000000000000000000e+00
0.000000000000000000e+00
0.000000000000000000e+00
0.000000000000000000e+00
0.000000000000000000e+00
0.000000000000000000e+00
1.810020272225000036e-05
5.430060816680000652e-05
3.620040544455000277e-05
5.430060816680000652e-05
3.620040544455000277e-05
7.240081088900000145e-05
1.267014190557499856e-04
1.810020272227500003e-04
3.801042571675500368e-04
2.081523313058500184e-03
4.977555748624499891e-03
1.773819866780099869e-02
4.709672748332500297e-02
8.612076455273499909e-02
1.147190848536500107e-01
1.192260353314500004e-01
1.070807993047499934e-01
1.070807993047499934e-01
1.192260353314500004e-01
1.147190848536500107e-01
8.612076455273499909e-02
4.709672748332500297e-02
1.773819866780099869e-02
4.977555748624499891e-03
2.081523313058500184e-03
3.801042571675500368e-04
1.810020272227500003e-04
1.267014190557499856e-04
7.240081088900000145e-05
3.620040544455000277e-05
5.430060816680000652e-05
3.620040544455000277e-05
5.430060816680000652e-05
1.810020272225000036e-05
0.000000000000000000e+00
0.000000000000000000e+00
0.000000000000000000e+00
0.000000000000000000e+00
0.000000000000000000e+00
0.000000000000000000e+00
0.000000000000000000e+00
0.000000000000000000e+00
0.000000000000000000e+00
0.000000000000000000e+00
0.000000000000000000e+00
0.000000000000000000e+00
0.000000000000000000e+00
