6.000000000000000000e+01
0.000000000000000000e+00
1.810020272225000036e-05
0.000000000000000000e+00
0.000000000000000000e+00
1.810020272225000104e-04
9.955111497249998984e-04
3.457138719954999922e-03
9.810309875461499865e-03
1.802780191140049976e-02
2.557558644659000194e-02
2.715030408338500040e-02
2.079713292789499984e-02
1.089632203881199871e-02
5.430060816695499865e-03
1.991022299450000230e-03
7.602085143359999615e-04
3.801042571675000009e-04
5.430060816680000652e-05
1.086012163335500042e-04
9.050101361149999512e-05
1.810020272225499921e-04
2.172024326670500267e-04
4.706052707790000502e-04
1.122212568780999982e-03
3.420938314510000178e-03
1.046191717345000029e-02
3.013683753254999681e-02
6.508832898930000388e-02
1.141941789750000047e-01
1.489827686069999935e-01
1.489827686069999935e-01
1.141941789750000047e-01
6.508832898930000388e-02
3.013683753254999681e-02
1.046191717345000029e-02
3.420938314510000178e-03
1.122212568780999982e-03
4.706052707790000502e-04
2.172024326670500267e-04
1.810020272225499921e-04
9.050101361149999512e-05
1.086012163335500042e-04
5.430060816680000652e-05
3.801042571675000009e-04
7.602085143359999615e-04
1.991022299450000230e-03
5.430060816695499865e-03
1.089632203881199871e-02
2.079713292789499984e-02
2.715030408338500040e-02
2.557558644659000194e-02
1.802780191140049976e-02
9.810309875461499865e-03
3.457138719954999922e-03
9.955111497249998984e-04
1.810020272225000104e-04
0.000000000000000000e+00
0.000000000000000000e+00
1.810020272225000036e-05
0.000000000000000000e+00
