6.000000000000000000e+01
0.000000000000000000e+00
0.000000000000000000e+00
3.620040544455000277e-05
0.000000000000000000e+00
5.430060816700000117e-05
7.240081088925000492e-05
1.267014190560000026e-04
3.620040544455000006e-04
7.059079061690000552e-04
1.122212568780000131e-03
1.846220677669999956e-03
1.991022299449999797e-03
1.773819866784999942e-03
1.212713582395000093e-03
6.335070952794999519e-04
6.335070952795000604e-04
2.172024326675000248e-04
1.086012163334999954e-04
1.086012163337499989e-04
3.620040544450000072e-05
1.086012163335500042e-04
1.448016217785000098e-04
3.077034462784999859e-04
1.375615406892999933e-03
5.285259194903999674e-03
1.884231103387500050e-02
5.116927309585499878e-02
1.005647263247999995e-01
1.455075296844999810e-01
1.656530553145000029e-01
1.656530553145000029e-01
1.455075296844999810e-01
1.005647263247999995e-01
5.116927309585499878e-02
1.884231103387500050e-02
5.285259194903999674e-03
1.375615406892999933e-03
3.077034462784999859e-04
1.448016217785000098e-04
1.086012163335500042e-04
3.620040544450000072e-05
1.086012163337499989e-04
1.086012163334999954e-04
2.172024326675000248e-04
6.335070952795000604e-04
6.335070952794999519e-04
1.212713582395000093e-03
1.773819866784999942e-03
1.991022299449999797e-03
1.846220677669999956e-03
1.122212568780000131e-03
7.059079061690000552e-04
3.620040544455000006e-04
1.267014190560000026e-04
7.240081088925000492e-05
5.430060816700000117e-05
0.000000000000000000e+00
3.620040544455000277e-05
0.000000000000000000e+00
0.000000000000000000e+00
