6.000000000000000000e+01
1.810020272225000036e-05
1.810020272225000036e-05
5.430060816680000652e-05
5.430060816700000117e-05
1.991022299450500264e-04
6.154068925569999718e-04
1.176513176949000065e-03
2.678830002896499980e-03
5.574862438439999457e-03
7.040978858970000850e-03
7.927888792329999476e-03
6.335070952794999953e-03
4.325948450624999587e-03
3.004633651895000264e-03
1.466116420500000002e-03
6.154068925569999718e-04
2.715030408340000055e-04
1.991022299449999905e-04
2.172024326669999908e-04
1.629018245005499918e-04
1.086012163335500042e-04
2.534028381120000052e-04
3.620040544450000208e-04
1.267014190557500019e-03
4.144946423400000003e-03
1.467926440779999953e-02
4.099695916590000155e-02
8.843759050104998964e-02
1.392810599479999967e-01
1.685128873445000119e-01
1.685128873445000119e-01
1.392810599479999967e-01
8.843759050104998964e-02
4.099695916590000155e-02
1.467926440779999953e-02
4.144946423400000003e-03
1.267014190557500019e-03
3.620040544450000208e-04
2.534028381120000052e-04
1.086012163335500042e-04
1.629018245005499918e-04
2.172024326669999908e-04
1.991022299449999905e-04
2.715030408340000055e-04
6.154068925569999718e-04
1.466116420500000002e-03
3.004633651895000264e-03
4.325948450624999587e-03
6.335070952794999953e-03
7.927888792329999476e-03
7.040978858970000850e-03
5.574862438439999457e-03
2.678830002896499980e-03
1.176513176949000065e-03
6.154068925569999718e-04
1.991022299450500264e-04
5.430060816700000117e-05
5.430060816680000652e-05
1.810020272225000036e-05
1.810020272225000036e-05
