6.000000000000000000e+01
0.000000000000000000e+00
0.000000000000000000e+00
0.000000000000000000e+00
0.000000000000000000e+00
7.240081088925000492e-05
7.240081088925000492e-05
3.077034462785500218e-04
9.593107442784999444e-04
2.425427164784000212e-03
5.303359397625000311e-03
7.167680278039999936e-03
7.312481899794999810e-03
6.262670141904999599e-03
4.090645815234999691e-03
3.620040544454999898e-03
2.172024326674999815e-03
1.194613379671000120e-03
6.516072980015000064e-04
5.068056762234999764e-04
2.896032435560000058e-04
3.620040544455000006e-04
5.068056762234999764e-04
1.122212568779500097e-03
2.389226759340000103e-03
7.022878656239999601e-03
1.667028670725000106e-02
4.220967274834999672e-02
8.052780191139999322e-02
1.345388068349999966e-01
1.722415291050000130e-01
1.722415291050000130e-01
1.345388068349999966e-01
8.052780191139999322e-02
4.220967274834999672e-02
1.667028670725000106e-02
7.022878656239999601e-03
2.389226759340000103e-03
1.122212568779500097e-03
5.068056762234999764e-04
3.620040544455000006e-04
2.896032435560000058e-04
5.068056762234999764e-04
6.516072980015000064e-04
1.194613379671000120e-03
2.172024326674999815e-03
3.620040544454999898e-03
4.090645815234999691e-03
6.262670141904999599e-03
7.312481899794999810e-03
7.167680278039999936e-03
5.303359397625000311e-03
2.425427164784000212e-03
9.593107442784999444e-04
3.077034462785500218e-04
7.240081088925000492e-05
7.240081088925000492e-05
0.000000000000000000e+00
0.000000000000000000e+00
0.000000000000000000e+00
0.000000000000000000e+00
