6.000000000000000000e+01
1.810020272225000036e-05
0.000000000000000000e+00
0.000000000000000000e+00
7.240081088900000145e-05
3.258036490010000202e-04
1.086012163334999954e-03
3.656240949894999735e-03
9.466406023730000729e-03
1.565667535476500047e-02
2.251665218650000105e-02
2.322256009264999851e-02
1.898711265569999820e-02
1.589197799014999829e-02
9.412105415590000385e-03
5.864465682015000160e-03
3.601940341735000196e-03
1.954821894009999960e-03
8.688097306705000250e-04
5.792064871124999372e-04
2.715030408340000055e-04
2.534028381115000254e-04
4.525050680569999957e-04
6.878077034459999326e-04
1.556617434114999964e-03
3.782942368954999874e-03
1.055241818707499876e-02
2.939472922095000273e-02
6.478062554300000053e-02
1.088546191719999973e-01
1.462315377929999938e-01
1.462315377929999938e-01
1.088546191719999973e-01
6.478062554300000053e-02
2.939472922095000273e-02
1.055241818707499876e-02
3.782942368954999874e-03
1.556617434114999964e-03
6.878077034459999326e-04
4.525050680569999957e-04
2.534028381115000254e-04
2.715030408340000055e-04
5.792064871124999372e-04
8.688097306705000250e-04
1.954821894009999960e-03
3.601940341735000196e-03
5.864465682015000160e-03
9.412105415590000385e-03
1.589197799014999829e-02
1.898711265569999820e-02
2.322256009264999851e-02
2.251665218650000105e-02
1.565667535476500047e-02
9.466406023730000729e-03
3.656240949894999735e-03
1.086012163334999954e-03
3.258036490010000202e-04
7.240081088900000145e-05
0.000000000000000000e+00
0.000000000000000000e+00
1.810020272225000036e-05
