6.000000000000000000e+01
0.000000000000000000e+00
0.000000000000000000e+00
0.000000000000000000e+00
3.620040544455000277e-05
0.000000000000000000e+00
7.240081088900000145e-05
1.448016217780000029e-04
2.534028381120000052e-04
4.706052707789999960e-04
1.158412974225000091e-03
1.665218650447250091e-03
1.610918042284550022e-03
8.507095279472499938e-04
4.525050680569999957e-04
1.086012163334999954e-04
5.430060816700000117e-05
0.000000000000000000e+00
0.000000000000000000e+00
0.000000000000000000e+00
1.810020272225000036e-05
0.000000000000000000e+00
0.000000000000000000e+00
9.050101361149999512e-05
1.104112366059999996e-03
6.624674196366999585e-03
3.109614827685099753e-02
8.041920069505999191e-02
1.303757602085000022e-01
1.316608746019500009e-01
1.117325514047999985e-01
1.117325514047999985e-01
1.316608746019500009e-01
1.303757602085000022e-01
8.041920069505999191e-02
3.109614827685099753e-02
6.624674196366999585e-03
1.104112366059999996e-03
9.050101361149999512e-05
0.000000000000000000e+00
0.000000000000000000e+00
1.810020272225000036e-05
0.000000000000000000e+00
0.000000000000000000e+00
0.000000000000000000e+00
5.430060816700000117e-05
1.086012163334999954e-04
4.525050680569999957e-04
8.507095279472499938e-04
1.610918042284550022e-03
1.665218650447250091e-03
1.158412974225000091e-03
4.706052707789999960e-04
2.534028381120000052e-04
1.448016217780000029e-04
7.240081088900000145e-05
0.000000000000000000e+00
3.620040544455000277e-05
0.000000000000000000e+00
0.000000000000000000e+00
0.000000000000000000e+00
