6.000000000000000000e+01
1.370185346075000060e-02
1.457066319144999927e-02
1.361135244714999949e-02
1.169273095859999986e-02
9.213003185649999704e-03
6.606573993650000087e-03
5.810165073849999848e-03
5.285259194900000269e-03
5.991167101050000332e-03
7.457283521599999618e-03
9.321604401950000021e-03
1.210903562120000006e-02
1.695988995074999839e-02
2.193744569939999958e-02
3.176585577760000084e-02
4.501520417029999943e-02
5.478931364049999947e-02
5.764914567050000160e-02
4.669852302344999762e-02
3.017303793800000036e-02
1.788300028959999982e-02
8.289892846800000006e-03
5.430060816699999737e-03
4.307848247900000413e-03
4.633651896900000365e-03
4.905154937735000005e-03
5.049956559499999692e-03
7.203880683449999899e-03
9.466406023750000356e-03
1.247103967564999923e-02
1.247103967564999923e-02
9.466406023750000356e-03
7.203880683449999899e-03
5.049956559499999692e-03
4.905154937735000005e-03
4.633651896900000365e-03
4.307848247900000413e-03
5.430060816699999737e-03
8.289892846800000006e-03
1.788300028959999982e-02
3.017303793800000036e-02
4.669852302344999762e-02
5.764914567050000160e-02
5.478931364049999947e-02
4.501520417029999943e-02
3.176585577760000084e-02
2.193744569939999958e-02
1.695988995074999839e-02
1.210903562120000006e-02
9.321604401950000021e-03
7.457283521599999618e-03
5.991167101050000332e-03
5.285259194900000269e-03
5.810165073849999848e-03
6.606573993650000087e-03
9.213003185649999704e-03
1.169273095859999986e-02
1.361135244714999949e-02
1.457066319144999927e-02
1.370185346075000060e-02
