6.000000000000000000e+01
1.810020272225000036e-05
1.810020272225000036e-05
3.620040544450000072e-05
7.240081088900000145e-05
2.715030408340000055e-04
7.240081088900000416e-04
9.050101361145500073e-04
8.145091225009999485e-04
7.240081088919999609e-04
1.104112366059999996e-03
1.429916015060499982e-03
1.375615406891000014e-03
1.647118447728500041e-03
9.774109470019999926e-04
9.774109470049999800e-04
5.611062843899999571e-04
3.801042571677500179e-04
2.172024326669999908e-04
3.620040544455000277e-05
3.620040544455000277e-05
1.810020272225000036e-05
5.430060816700000117e-05
1.629018245005000101e-04
3.982044598897500182e-04
1.665218650449550118e-03
6.787576020833999482e-03
2.315015928178500160e-02
7.149580075274999946e-02
1.525485085431000087e-01
2.313929916015000088e-01
2.313929916015000088e-01
1.525485085431000087e-01
7.149580075274999946e-02
2.315015928178500160e-02
6.787576020833999482e-03
1.665218650449550118e-03
3.982044598897500182e-04
1.629018245005000101e-04
5.430060816700000117e-05
1.810020272225000036e-05
3.620040544455000277e-05
3.620040544455000277e-05
2.172024326669999908e-04
3.801042571677500179e-04
5.611062843899999571e-04
9.774109470049999800e-04
9.774109470019999926e-04
1.647118447728500041e-03
1.375615406891000014e-03
1.429916015060499982e-03
1.104112366059999996e-03
7.240081088919999609e-04
8.145091225009999485e-04
9.050101361145500073e-04
7.240081088900000416e-04
2.715030408340000055e-04
7.240081088900000145e-05
3.620040544450000072e-05
1.810020272225000036e-05
1.810020272225000036e-05
