6.000000000000000000e+01
4.452649869680000427e-02
4.007384882710000179e-02
3.712351578340000041e-02
3.294236895455000119e-02
2.854401969299499853e-02
2.617289313639499862e-02
2.492397914855500052e-02
2.304155806543500135e-02
2.277005502459999997e-02
2.059803069794999969e-02
1.844410657399999862e-02
1.887851143935000142e-02
1.972922096729999922e-02
1.953011873734999959e-02
1.920431508829999884e-02
1.878801042570000038e-02
1.759339704605000082e-02
1.554807413845000000e-02
1.411815812340000073e-02
1.160222994500000049e-02
8.760498117579999799e-03
5.846365479295000459e-03
4.235447437014999532e-03
2.226324934839999693e-03
1.176513176947999997e-03
9.955111497249998984e-04
6.878077034464999667e-04
5.249058789459999565e-04
6.878077034464999667e-04
7.059079061685000211e-04
7.059079061685000211e-04
6.878077034464999667e-04
5.249058789459999565e-04
6.878077034464999667e-04
9.955111497249998984e-04
1.176513176947999997e-03
2.226324934839999693e-03
4.235447437014999532e-03
5.846365479295000459e-03
8.760498117579999799e-03
1.160222994500000049e-02
1.411815812340000073e-02
1.554807413845000000e-02
1.759339704605000082e-02
1.878801042570000038e-02
1.920431508829999884e-02
1.953011873734999959e-02
1.972922096729999922e-02
1.887851143935000142e-02
1.844410657399999862e-02
2.059803069794999969e-02
2.277005502459999997e-02
2.304155806543500135e-02
2.492397914855500052e-02
2.617289313639499862e-02
2.854401969299499853e-02
3.294236895455000119e-02
3.712351578340000041e-02
4.007384882710000179e-02
4.452649869680000427e-02
