6.000000000000000000e+01
0.000000000000000000e+00
0.000000000000000000e+00
3.620040544450000072e-05
5.430060816680000652e-05
5.430060816700000117e-05
4.706052707790000502e-04
1.592817839559999924e-03
4.362148856064999858e-03
1.060671879524999889e-02
1.697799015349999927e-02
2.032652765709999990e-02
1.670648711264999947e-02
1.187373298579999861e-02
6.878077034465000100e-03
3.819142774394999711e-03
2.298725745730000047e-03
1.466116420505000125e-03
8.869099333905000517e-04
3.801042571675000009e-04
2.715030408340000055e-04
2.172024326669999908e-04
5.430060816680000110e-04
5.611062843904999911e-04
1.918621488565000000e-03
5.303359397625000311e-03
1.391905589344999937e-02
3.424558355055000447e-02
7.155010136115000363e-02
1.189545322910000036e-01
1.537250217200000213e-01
1.537250217200000213e-01
1.189545322910000036e-01
7.155010136115000363e-02
3.424558355055000447e-02
1.391905589344999937e-02
5.303359397625000311e-03
1.918621488565000000e-03
5.611062843904999911e-04
5.430060816680000110e-04
2.172024326669999908e-04
2.715030408340000055e-04
3.801042571675000009e-04
8.869099333905000517e-04
1.466116420505000125e-03
2.298725745730000047e-03
3.819142774394999711e-03
6.878077034465000100e-03
1.187373298579999861e-02
1.670648711264999947e-02
2.032652765709999990e-02
1.697799015349999927e-02
1.060671879524999889e-02
4.362148856064999858e-03
1.592817839559999924e-03
4.706052707790000502e-04
5.430060816700000117e-05
5.430060816680000652e-05
3.620040544450000072e-05
0.000000000000000000e+00
0.000000000000000000e+00
