6.000000000000000000e+01
0.000000000000000000e+00
0.000000000000000000e+00
1.810020272225000036e-05
0.000000000000000000e+00
1.448016217780000029e-04
3.801042571675000009e-04
7.602085143372499382e-04
2.117723718506500132e-03
4.742253113236500131e-03
7.258181291644549490e-03
8.452794671294549048e-03
6.407471763666999949e-03
3.601940341731999992e-03
1.592817839562250077e-03
7.783087170600000437e-04
4.163046626122499983e-04
1.448016217780000029e-04
7.240081088900000145e-05
3.620040544455000277e-05
0.000000000000000000e+00
3.620040544455000277e-05
9.050101361149999512e-05
1.267014190560000026e-04
4.525050680569999957e-04
1.321314798725500101e-03
5.086156964960000457e-03
2.014552562987999978e-02
6.546843324645000572e-02
1.461048363745000023e-01
2.242434115265000139e-01
2.242434115265000139e-01
1.461048363745000023e-01
6.546843324645000572e-02
2.014552562987999978e-02
5.086156964960000457e-03
1.321314798725500101e-03
4.525050680569999957e-04
1.267014190560000026e-04
9.050101361149999512e-05
3.620040544455000277e-05
0.000000000000000000e+00
3.620040544455000277e-05
7.240081088900000145e-05
1.448016217780000029e-04
4.163046626122499983e-04
7.783087170600000437e-04
1.592817839562250077e-03
3.601940341731999992e-03
6.407471763666999949e-03
8.452794671294549048e-03
7.258181291644549490e-03
4.742253113236500131e-03
2.117723718506500132e-03
7.602085143372499382e-04
3.801042571675000009e-04
1.448016217780000029e-04
0.000000000000000000e+00
1.810020272225000036e-05
0.000000000000000000e+00
0.000000000000000000e+00
