6.000000000000000000e+01
0.000000000000000000e+00
0.000000000000000000e+00
0.000000000000000000e+00
0.000000000000000000e+00
5.430060816700000117e-05
8.507095279449999490e-04
3.909643788011999375e-03
1.804590211408399827e-02
5.564002316811499788e-02
1.033159571388350129e-01
1.211627570230049966e-01
8.521575441650500182e-02
4.412829423691499997e-02
2.235375036199000257e-02
1.082392122791499961e-02
4.452649869680000254e-03
1.520417028669000152e-03
6.516072980000000127e-04
3.620040544452500378e-04
2.896032435562500228e-04
1.448016217780000029e-04
2.896032435564999856e-04
6.154068925572499888e-04
1.375615406895000069e-03
2.787431219232000112e-03
4.036345207068499710e-03
4.651752099622499803e-03
3.982044598899999593e-03
4.380249058789999900e-03
4.959455545900000317e-03
4.959455545900000317e-03
4.380249058789999900e-03
3.982044598899999593e-03
4.651752099622499803e-03
4.036345207068499710e-03
2.787431219232000112e-03
1.375615406895000069e-03
6.154068925572499888e-04
2.896032435564999856e-04
1.448016217780000029e-04
2.896032435562500228e-04
3.620040544452500378e-04
6.516072980000000127e-04
1.520417028669000152e-03
4.452649869680000254e-03
1.082392122791499961e-02
2.235375036199000257e-02
4.412829423691499997e-02
8.521575441650500182e-02
1.211627570230049966e-01
1.033159571388350129e-01
5.564002316811499788e-02
1.804590211408399827e-02
3.909643788011999375e-03
8.507095279449999490e-04
5.430060816700000117e-05
0.000000000000000000e+00
0.000000000000000000e+00
0.000000000000000000e+00
0.000000000000000000e+00
