6.000000000000000000e+01
1.502316825949999868e-03
1.538517231390000139e-03
1.466116420505000125e-03
1.592817839559999924e-03
1.629018245005000101e-03
1.791920069505000077e-03
2.190124529394999950e-03
2.570228786564999687e-03
3.077034462785000184e-03
5.140457573124999902e-03
8.796698523045000037e-03
1.464306400229999951e-02
2.718650448884999890e-02
4.465320011585000026e-02
6.204749493189999632e-02
7.500724008115000618e-02
7.086229365750000564e-02
6.273530263519999650e-02
4.660802200983000382e-02
3.010063712713499998e-02
1.744859542427499785e-02
9.647408050959999787e-03
4.289748045179999844e-03
2.063423110340000151e-03
8.326093252224999689e-04
2.172024326669999908e-04
1.629018245005000101e-04
1.267014190560500114e-04
3.620040544450000072e-05
3.620040544455000277e-05
3.620040544455000277e-05
3.620040544450000072e-05
1.267014190560500114e-04
1.629018245005000101e-04
2.172024326669999908e-04
8.326093252224999689e-04
2.063423110340000151e-03
4.289748045179999844e-03
9.647408050959999787e-03
1.744859542427499785e-02
3.010063712713499998e-02
4.660802200983000382e-02
6.273530263519999650e-02
7.086229365750000564e-02
7.500724008115000618e-02
6.204749493189999632e-02
4.465320011585000026e-02
2.718650448884999890e-02
1.464306400229999951e-02
8.796698523045000037e-03
5.140457573124999902e-03
3.077034462785000184e-03
2.570228786564999687e-03
2.190124529394999950e-03
1.791920069505000077e-03
1.629018245005000101e-03
1.592817839559999924e-03
1.466116420505000125e-03
1.538517231390000139e-03
1.502316825949999868e-03
