6.000000000000000000e+01
0.000000000000000000e+00
0.000000000000000000e+00
0.000000000000000000e+00
0.000000000000000000e+00
0.000000000000000000e+00
5.430060816700000117e-05
3.620040544455000006e-04
1.393715609614999988e-03
4.235447437010000059e-03
1.371995366349999974e-02
3.263466550824999785e-02
6.173979148549999657e-02
8.812988705450000571e-02
9.909860990450000684e-02
9.082681726050000071e-02
6.078048074149999813e-02
2.988343469445000136e-02
1.250724008109999931e-02
3.439038517229999880e-03
9.593107442800000466e-04
1.810020272225000104e-04
5.430060816700000117e-05
0.000000000000000000e+00
0.000000000000000000e+00
0.000000000000000000e+00
0.000000000000000000e+00
0.000000000000000000e+00
0.000000000000000000e+00
0.000000000000000000e+00
0.000000000000000000e+00
0.000000000000000000e+00
0.000000000000000000e+00
0.000000000000000000e+00
0.000000000000000000e+00
0.000000000000000000e+00
0.000000000000000000e+00
0.000000000000000000e+00
0.000000000000000000e+00
5.430060816700000117e-05
1.810020272225000104e-04
9.593107442800000466e-04
3.439038517229999880e-03
1.250724008109999931e-02
2.988343469445000136e-02
6.078048074149999813e-02
9.082681726050000071e-02
9.909860990450000684e-02
8.812988705450000571e-02
6.173979148549999657e-02
3.263466550824999785e-02
1.371995366349999974e-02
4.235447437010000059e-03
1.393715609614999988e-03
3.620040544455000006e-04
5.430060816700000117e-05
0.000000000000000000e+00
0.000000000000000000e+00
0.000000000000000000e+00
0.000000000000000000e+00
0.000000000000000000e+00
