6.000000000000000000e+01
0.000000000000000000e+00
0.000000000000000000e+00
0.000000000000000000e+00
0.000000000000000000e+00
5.430060816680000652e-05
1.810020272229999902e-04
5.430060816680000110e-04
1.484216623224999827e-03
3.692441355345000252e-03
6.624674196349999294e-03
9.556907037349999731e-03
1.017231392992999986e-02
7.421083116129999907e-03
4.561251086010000011e-03
3.040834057344999914e-03
1.972922096730000095e-03
8.688097306699998825e-04
5.611062843900000655e-04
3.439038517230000205e-04
2.896032435564999856e-04
3.258036490007500032e-04
2.534028381115000254e-04
5.430060816680000110e-04
1.665218650450000061e-03
5.375760208515000665e-03
1.592817839559999837e-02
4.528670721114999576e-02
8.896249638019999850e-02
1.341587025775000108e-01
1.561323486819999884e-01
1.561323486819999884e-01
1.341587025775000108e-01
8.896249638019999850e-02
4.528670721114999576e-02
1.592817839559999837e-02
5.375760208515000665e-03
1.665218650450000061e-03
5.430060816680000110e-04
2.534028381115000254e-04
3.258036490007500032e-04
2.896032435564999856e-04
3.439038517230000205e-04
5.611062843900000655e-04
8.688097306699998825e-04
1.972922096730000095e-03
3.040834057344999914e-03
4.561251086010000011e-03
7.421083116129999907e-03
1.017231392992999986e-02
9.556907037349999731e-03
6.624674196349999294e-03
3.692441355345000252e-03
1.484216623224999827e-03
5.430060816680000110e-04
1.810020272229999902e-04
5.430060816680000652e-05
0.000000000000000000e+00
0.000000000000000000e+00
0.000000000000000000e+00
0.000000000000000000e+00
