6.000000000000000000e+01
0.000000000000000000e+00
0.000000000000000000e+00
0.000000000000000000e+00
0.000000000000000000e+00
0.000000000000000000e+00
1.810020272225000036e-05
5.430060816700000117e-05
0.000000000000000000e+00
2.534028381120000052e-04
3.439038517232500375e-04
4.706052707790500320e-04
5.792064871129999713e-04
8.326093252265000244e-04
1.104112366059999996e-03
1.321314798726999987e-03
1.321314798724999851e-03
6.516072980039999598e-04
1.810020272227500003e-04
1.991022299449999905e-04
1.267014190557499856e-04
5.430060816680000652e-05
2.172024326669999908e-04
4.163046626120000355e-04
1.067911960613499934e-03
4.054445409789999948e-03
1.125832609327499963e-02
3.261656530555000211e-02
7.714306400230000471e-02
1.488017665799999945e-01
2.169128294240000032e-01
2.169128294240000032e-01
1.488017665799999945e-01
7.714306400230000471e-02
3.261656530555000211e-02
1.125832609327499963e-02
4.054445409789999948e-03
1.067911960613499934e-03
4.163046626120000355e-04
2.172024326669999908e-04
5.430060816680000652e-05
1.267014190557499856e-04
1.991022299449999905e-04
1.810020272227500003e-04
6.516072980039999598e-04
1.321314798724999851e-03
1.321314798726999987e-03
1.104112366059999996e-03
8.326093252265000244e-04
5.792064871129999713e-04
4.706052707790500320e-04
3.439038517232500375e-04
2.534028381120000052e-04
0.000000000000000000e+00
5.430060816700000117e-05
1.810020272225000036e-05
0.000000000000000000e+00
0.000000000000000000e+00
0.000000000000000000e+00
0.000000000000000000e+00
0.000000000000000000e+00
