6.000000000000000000e+01
0.000000000000000000e+00
0.000000000000000000e+00
0.000000000000000000e+00
3.620040544455000277e-05
2.534028381115500071e-04
5.430060816685000451e-04
2.099623515781500090e-03
7.439183318854999949e-03
1.569287576021000108e-02
2.485157833769999908e-02
2.745800752964999702e-02
2.155734144219999954e-02
1.422675933968499916e-02
8.742397914839999604e-03
4.488850275120000524e-03
2.009122502174500238e-03
9.774109470044999460e-04
5.611062843904999911e-04
4.344048653345000156e-04
1.267014190557499856e-04
1.448016217780000029e-04
2.534028381115000254e-04
5.249058789454999225e-04
1.031711555169000007e-03
4.072545612509999649e-03
1.031711555169999989e-02
2.820011584129999971e-02
6.003837242974999905e-02
1.134339704604999943e-01
1.504850854329999876e-01
1.504850854329999876e-01
1.134339704604999943e-01
6.003837242974999905e-02
2.820011584129999971e-02
1.031711555169999989e-02
4.072545612509999649e-03
1.031711555169000007e-03
5.249058789454999225e-04
2.534028381115000254e-04
1.448016217780000029e-04
1.267014190557499856e-04
4.344048653345000156e-04
5.611062843904999911e-04
9.774109470044999460e-04
2.009122502174500238e-03
4.488850275120000524e-03
8.742397914839999604e-03
1.422675933968499916e-02
2.155734144219999954e-02
2.745800752964999702e-02
2.485157833769999908e-02
1.569287576021000108e-02
7.439183318854999949e-03
2.099623515781500090e-03
5.430060816685000451e-04
2.534028381115500071e-04
3.620040544455000277e-05
0.000000000000000000e+00
0.000000000000000000e+00
0.000000000000000000e+00
