6.000000000000000000e+01
0.000000000000000000e+00
0.000000000000000000e+00
0.000000000000000000e+00
5.430060816700000117e-05
5.430060816680000652e-05
6.516072980000000127e-04
1.321314798726499953e-03
4.217347234289000289e-03
8.018389805965000366e-03
1.428105994786999997e-02
1.853460758758999904e-02
1.849840718215499738e-02
1.737619461335499979e-02
1.391905589344000042e-02
8.344193454975000132e-03
3.746741963509999697e-03
1.285114393282000026e-03
5.249058789459999565e-04
2.715030408340000055e-04
9.050101361155000394e-05
1.086012163337499989e-04
4.887054735015000304e-04
5.430060816685000451e-04
1.828120474944999914e-03
5.520561830290000166e-03
1.413625832609999994e-02
3.592890240370000265e-02
7.381262670139999982e-02
1.145561830290000027e-01
1.418874891399999894e-01
1.418874891399999894e-01
1.145561830290000027e-01
7.381262670139999982e-02
3.592890240370000265e-02
1.413625832609999994e-02
5.520561830290000166e-03
1.828120474944999914e-03
5.430060816685000451e-04
4.887054735015000304e-04
1.086012163337499989e-04
9.050101361155000394e-05
2.715030408340000055e-04
5.249058789459999565e-04
1.285114393282000026e-03
3.746741963509999697e-03
8.344193454975000132e-03
1.391905589344000042e-02
1.737619461335499979e-02
1.849840718215499738e-02
1.853460758758999904e-02
1.428105994786999997e-02
8.018389805965000366e-03
4.217347234289000289e-03
1.321314798726499953e-03
6.516072980000000127e-04
5.430060816680000652e-05
5.430060816700000117e-05
0.000000000000000000e+00
0.000000000000000000e+00
0.000000000000000000e+00
