6.000000000000000000e+01
1.562047494930000197e-02
1.464306400234999944e-02
1.560237474660000102e-02
1.871560961480000021e-02
2.179264407765000092e-02
2.561178685203999855e-02
3.055314219517999905e-02
3.355777584710999822e-02
3.522299449754499878e-02
3.069794381694999907e-02
2.993773530264999885e-02
2.930422820734999989e-02
3.312337098174999994e-02
3.379307848250000246e-02
3.364827686075000379e-02
3.169345496669000173e-02
2.541268462209000240e-02
1.788300028961500171e-02
1.046191717346999991e-02
6.027367506495000075e-03
3.692441355342999682e-03
1.248913987838499952e-03
5.792064871139999309e-04
3.801042571679999807e-04
2.534028381115500071e-04
2.353026353892499810e-04
1.086012163337499989e-04
1.086012163337499989e-04
1.810020272225000036e-05
7.240081088925000492e-05
7.240081088925000492e-05
1.810020272225000036e-05
1.086012163337499989e-04
1.086012163337499989e-04
2.353026353892499810e-04
2.534028381115500071e-04
3.801042571679999807e-04
5.792064871139999309e-04
1.248913987838499952e-03
3.692441355342999682e-03
6.027367506495000075e-03
1.046191717346999991e-02
1.788300028961500171e-02
2.541268462209000240e-02
3.169345496669000173e-02
3.364827686075000379e-02
3.379307848250000246e-02
3.312337098174999994e-02
2.930422820734999989e-02
2.993773530264999885e-02
3.069794381694999907e-02
3.522299449754499878e-02
3.355777584710999822e-02
3.055314219517999905e-02
2.561178685203999855e-02
2.179264407765000092e-02
1.871560961480000021e-02
1.560237474660000102e-02
1.464306400234999944e-02
1.562047494930000197e-02
