6.000000000000000000e+01
0.000000000000000000e+00
0.000000000000000000e+00
0.000000000000000000e+00
0.000000000000000000e+00
1.810020272225000036e-05
5.430060816700000117e-05
2.896032435560000058e-04
7.602085143355000359e-04
1.864320880394999998e-03
4.000144801620000162e-03
8.977700550265000148e-03
1.417245873155000002e-02
2.264335360554000157e-02
3.466188821314999946e-02
5.086156964960000110e-02
6.302490587884999884e-02
5.240008688100000062e-02
2.765710975961499854e-02
1.086012163337499864e-02
3.493339125394999758e-03
1.791920069504500043e-03
1.466116420504000057e-03
1.900521285838499856e-03
4.868954532290000262e-03
1.040761656529999926e-02
2.248045178105000097e-02
3.527729510569999755e-02
4.088835794960000297e-02
4.211917173475000081e-02
4.306038227625000325e-02
4.306038227625000325e-02
4.211917173475000081e-02
4.088835794960000297e-02
3.527729510569999755e-02
2.248045178105000097e-02
1.040761656529999926e-02
4.868954532290000262e-03
1.900521285838499856e-03
1.466116420504000057e-03
1.791920069504500043e-03
3.493339125394999758e-03
1.086012163337499864e-02
2.765710975961499854e-02
5.240008688100000062e-02
6.302490587884999884e-02
5.086156964960000110e-02
3.466188821314999946e-02
2.264335360554000157e-02
1.417245873155000002e-02
8.977700550265000148e-03
4.000144801620000162e-03
1.864320880394999998e-03
7.602085143355000359e-04
2.896032435560000058e-04
5.430060816700000117e-05
1.810020272225000036e-05
0.000000000000000000e+00
0.000000000000000000e+00
0.000000000000000000e+00
0.000000000000000000e+00
