6.000000000000000000e+01
1.810020272225000036e-05
0.000000000000000000e+00
1.810020272225000036e-05
7.240081088910000555e-05
3.258036490010000202e-04
9.050101361155000936e-04
2.425427164784999846e-03
5.810165073849999848e-03
1.337604981175000152e-02
2.479727772950000159e-02
3.330437300900000036e-02
3.710541558069999774e-02
2.800101361134999661e-02
1.697799015349999927e-02
8.271792644094999591e-03
3.547639733564999977e-03
1.122212568782000050e-03
5.611062843904999911e-04
2.172024326674999977e-04
1.086012163337499989e-04
2.172024326674999977e-04
1.810020272225499921e-04
4.163046626119999813e-04
8.507095279469999768e-04
2.805531421955000018e-03
7.475383724300000560e-03
2.217274833479999929e-02
5.274399073270000238e-02
9.754199247020001184e-02
1.386294526494999957e-01
1.386294526494999957e-01
9.754199247020001184e-02
5.274399073270000238e-02
2.217274833479999929e-02
7.475383724300000560e-03
2.805531421955000018e-03
8.507095279469999768e-04
4.163046626119999813e-04
1.810020272225499921e-04
2.172024326674999977e-04
1.086012163337499989e-04
2.172024326674999977e-04
5.611062843904999911e-04
1.122212568782000050e-03
3.547639733564999977e-03
8.271792644094999591e-03
1.697799015349999927e-02
2.800101361134999661e-02
3.710541558069999774e-02
3.330437300900000036e-02
2.479727772950000159e-02
1.337604981175000152e-02
5.810165073849999848e-03
2.425427164784999846e-03
9.050101361155000936e-04
3.258036490010000202e-04
7.240081088910000555e-05
1.810020272225000036e-05
0.000000000000000000e+00
1.810020272225000036e-05
