6.000000000000000000e+01
1.810020272225000036e-05
1.810020272225000036e-05
3.620040544455000277e-05
5.430060816680000652e-05
9.050101361155000394e-05
2.715030408340000055e-04
1.321314798723999999e-03
3.656240949895000168e-03
9.484506226449999564e-03
2.289675644367499679e-02
4.389299160150000184e-02
6.678974804519999253e-02
7.259991311879999965e-02
6.040037648420000516e-02
4.038155227339999820e-02
2.248045178105999992e-02
1.192803359398500115e-02
5.973066898329999763e-03
4.018245004345000204e-03
2.371126556615000061e-03
2.407326962060000238e-03
2.117723718509999936e-03
2.896032435564999639e-03
4.217347234290000357e-03
5.864465682015000160e-03
9.864610483660000290e-03
1.598247900375000113e-02
2.345786272804999822e-02
2.914132638285000035e-02
3.536779611934999512e-02
3.536779611934999512e-02
2.914132638285000035e-02
2.345786272804999822e-02
1.598247900375000113e-02
9.864610483660000290e-03
5.864465682015000160e-03
4.217347234290000357e-03
2.896032435564999639e-03
2.117723718509999936e-03
2.407326962060000238e-03
2.371126556615000061e-03
4.018245004345000204e-03
5.973066898329999763e-03
1.192803359398500115e-02
2.248045178105999992e-02
4.038155227339999820e-02
6.040037648420000516e-02
7.259991311879999965e-02
6.678974804519999253e-02
4.389299160150000184e-02
2.289675644367499679e-02
9.484506226449999564e-03
3.656240949895000168e-03
1.321314798723999999e-03
2.715030408340000055e-04
9.050101361155000394e-05
5.430060816680000652e-05
3.620040544455000277e-05
1.810020272225000036e-05
1.810020272225000036e-05
