6.000000000000000000e+01
5.430060816700000117e-05
3.620040544455000277e-05
1.267014190560000026e-04
3.801042571675000009e-04
8.326093252235000370e-04
2.678830002894999878e-03
7.240081088905000323e-03
1.795540110044999832e-02
3.681581233710000400e-02
5.784824790039999609e-02
6.639154358530000022e-02
5.692513756155000160e-02
3.953084274545000387e-02
2.226324934835000047e-02
1.189183318850500076e-02
5.031856356794999277e-03
1.991022299449999797e-03
8.869099333915000114e-04
3.077034462785000401e-04
2.172024326669999908e-04
1.629018245005000101e-04
2.896032435560000058e-04
4.163046626125000154e-04
1.122212568782499868e-03
2.678830002895000312e-03
6.154068925569999501e-03
1.581957717924999812e-02
3.062554300610000058e-02
4.977555748624999665e-02
6.354981175785000269e-02
6.354981175785000269e-02
4.977555748624999665e-02
3.062554300610000058e-02
1.581957717924999812e-02
6.154068925569999501e-03
2.678830002895000312e-03
1.122212568782499868e-03
4.163046626125000154e-04
2.896032435560000058e-04
1.629018245005000101e-04
2.172024326669999908e-04
3.077034462785000401e-04
8.869099333915000114e-04
1.991022299449999797e-03
5.031856356794999277e-03
1.189183318850500076e-02
2.226324934835000047e-02
3.953084274545000387e-02
5.692513756155000160e-02
6.639154358530000022e-02
5.784824790039999609e-02
3.681581233710000400e-02
1.795540110044999832e-02
7.240081088905000323e-03
2.678830002894999878e-03
8.326093252235000370e-04
3.801042571675000009e-04
1.267014190560000026e-04
3.620040544455000277e-05
5.430060816700000117e-05
