6.000000000000000000e+01
0.000000000000000000e+00
0.000000000000000000e+00
1.810020272225000036e-05
3.620040544455000277e-05
1.810020272225000104e-04
5.068056762234999764e-04
1.755719664060000117e-03
4.090645815234999691e-03
1.046191717349000128e-02
2.144874022590000096e-02
3.415508253689999996e-02
3.656240949894999648e-02
3.453518679405000180e-02
1.938531711554999926e-02
9.719808861864999427e-03
3.258036490010000202e-03
1.755719664065000024e-03
9.050101361149999512e-04
4.344048653345000156e-04
2.534028381120000052e-04
3.439038517229999663e-04
4.887054735009999963e-04
8.869099333915000114e-04
2.371126556619999968e-03
6.154068925569999501e-03
1.580147697654999892e-02
3.375687807704999543e-02
6.047277729509999838e-02
9.046481320599999987e-02
1.097958297134999928e-01
1.097958297134999928e-01
9.046481320599999987e-02
6.047277729509999838e-02
3.375687807704999543e-02
1.580147697654999892e-02
6.154068925569999501e-03
2.371126556619999968e-03
8.869099333915000114e-04
4.887054735009999963e-04
3.439038517229999663e-04
2.534028381120000052e-04
4.344048653345000156e-04
9.050101361149999512e-04
1.755719664065000024e-03
3.258036490010000202e-03
9.719808861864999427e-03
1.938531711554999926e-02
3.453518679405000180e-02
3.656240949894999648e-02
3.415508253689999996e-02
2.144874022590000096e-02
1.046191717349000128e-02
4.090645815234999691e-03
1.755719664060000117e-03
5.068056762234999764e-04
1.810020272225000104e-04
3.620040544455000277e-05
1.810020272225000036e-05
0.000000000000000000e+00
0.000000000000000000e+00
