6.000000000000000000e+01
0.000000000000000000e+00
0.000000000000000000e+00
5.430060816700000117e-05
7.240081088925000492e-05
3.077034462785000401e-04
7.421083116129999473e-04
2.009122502174999839e-03
4.923255140460000047e-03
1.107732406600000011e-02
1.958441934550000235e-02
2.715030408340000229e-02
2.944902982909999856e-02
2.474297712134999883e-02
1.406385751519999977e-02
6.443672169124999710e-03
2.479727772950000159e-03
1.140312771500000049e-03
3.620040544450000208e-04
1.810020272229999902e-04
1.991022299449999905e-04
1.810020272225000036e-05
1.448016217782499928e-04
6.154068925569999718e-04
1.466116420505000125e-03
4.362148856064999858e-03
1.142122791775000007e-02
2.673399942080000036e-02
6.117868520124999931e-02
1.071894005215000001e-01
1.418874891399999894e-01
1.418874891399999894e-01
1.071894005215000001e-01
6.117868520124999931e-02
2.673399942080000036e-02
1.142122791775000007e-02
4.362148856064999858e-03
1.466116420505000125e-03
6.154068925569999718e-04
1.448016217782499928e-04
1.810020272225000036e-05
1.991022299449999905e-04
1.810020272229999902e-04
3.620040544450000208e-04
1.140312771500000049e-03
2.479727772950000159e-03
6.443672169124999710e-03
1.406385751519999977e-02
2.474297712134999883e-02
2.944902982909999856e-02
2.715030408340000229e-02
1.958441934550000235e-02
1.107732406600000011e-02
4.923255140460000047e-03
2.009122502174999839e-03
7.421083116129999473e-04
3.077034462785000401e-04
7.240081088925000492e-05
5.430060816700000117e-05
0.000000000000000000e+00
0.000000000000000000e+00
