6.000000000000000000e+01
4.025485085430000054e-02
3.582030118734999546e-02
2.912322618009999947e-02
2.365696495800000132e-02
1.717709238344999889e-02
1.247103967565000096e-02
9.683608456405000398e-03
7.040978858964999643e-03
6.823776426294999448e-03
5.629163046629999737e-03
6.117868520130000098e-03
8.380393860405000589e-03
1.370185346073499871e-02
2.226324934838000077e-02
3.265276571099000325e-02
4.325948450624999414e-02
4.660802200985000171e-02
4.296988126265000041e-02
3.578410078194999705e-02
2.610049232554999959e-02
1.672458731540000035e-02
9.991311902700000802e-03
4.452649869674999913e-03
2.135823921225000165e-03
7.059079061685000211e-04
2.896032435564999856e-04
7.240081088900000145e-05
7.240081088900000145e-05
3.620040544455000277e-05
0.000000000000000000e+00
0.000000000000000000e+00
3.620040544455000277e-05
7.240081088900000145e-05
7.240081088900000145e-05
2.896032435564999856e-04
7.059079061685000211e-04
2.135823921225000165e-03
4.452649869674999913e-03
9.991311902700000802e-03
1.672458731540000035e-02
2.610049232554999959e-02
3.578410078194999705e-02
4.296988126265000041e-02
4.660802200985000171e-02
4.325948450624999414e-02
3.265276571099000325e-02
2.226324934838000077e-02
1.370185346073499871e-02
8.380393860405000589e-03
6.117868520130000098e-03
5.629163046629999737e-03
6.823776426294999448e-03
7.040978858964999643e-03
9.683608456405000398e-03
1.247103967565000096e-02
1.717709238344999889e-02
2.365696495800000132e-02
2.912322618009999947e-02
3.582030118734999546e-02
4.025485085430000054e-02
