6.000000000000000000e+01
2.123153779325000212e-02
2.094193454969999965e-02
2.009122502174999839e-02
1.786490008684999894e-02
1.457066319140000107e-02
1.315884737909999921e-02
1.172893136404999995e-02
1.093252244425000144e-02
1.006371271356499945e-02
9.701708659149998332e-03
1.013611352447500030e-02
1.107732406602500094e-02
1.265204170284999971e-02
1.761149724879999823e-02
2.403706921520000137e-02
3.370257746884999794e-02
4.363958876340000292e-02
5.097017086589999968e-02
4.865334491744999906e-02
4.083405734145000021e-02
2.722270489425000078e-02
1.567477555749999946e-02
8.072690414130001546e-03
3.366637706339999959e-03
1.357515204174999934e-03
3.620040544450000208e-04
1.448016217785000098e-04
1.267014190560000026e-04
3.620040544450000072e-05
3.620040544455000277e-05
3.620040544455000277e-05
3.620040544450000072e-05
1.267014190560000026e-04
1.448016217785000098e-04
3.620040544450000208e-04
1.357515204174999934e-03
3.366637706339999959e-03
8.072690414130001546e-03
1.567477555749999946e-02
2.722270489425000078e-02
4.083405734145000021e-02
4.865334491744999906e-02
5.097017086589999968e-02
4.363958876340000292e-02
3.370257746884999794e-02
2.403706921520000137e-02
1.761149724879999823e-02
1.265204170284999971e-02
1.107732406602500094e-02
1.013611352447500030e-02
9.701708659149998332e-03
1.006371271356499945e-02
1.093252244425000144e-02
1.172893136404999995e-02
1.315884737909999921e-02
1.457066319140000107e-02
1.786490008684999894e-02
2.009122502174999839e-02
2.094193454969999965e-02
2.123153779325000212e-02
