6.000000000000000000e+01
4.814653924124999949e-03
4.905154937735000005e-03
5.375760208499999644e-03
5.918766290200000099e-03
8.126991022300000464e-03
9.032001158399999285e-03
1.058861859254999968e-02
1.328554879815000041e-02
1.643498407179999968e-02
1.949391833189999951e-02
2.380176657980000166e-02
2.771141036780000108e-02
3.145815233129999750e-02
3.323197219810000019e-02
3.587460179554999989e-02
3.449898638865000339e-02
3.562119895745000098e-02
3.334057341439999878e-02
2.749420793514999878e-02
2.287865624095000022e-02
1.817260353314999882e-02
1.502316825949999955e-02
1.290544454100000030e-02
1.049811757890000037e-02
8.307993049499999214e-03
7.421083116150000401e-03
7.149580075299999740e-03
6.009267303800000341e-03
5.719664060249999606e-03
4.905154937735000005e-03
4.905154937735000005e-03
5.719664060249999606e-03
6.009267303800000341e-03
7.149580075299999740e-03
7.421083116150000401e-03
8.307993049499999214e-03
1.049811757890000037e-02
1.290544454100000030e-02
1.502316825949999955e-02
1.817260353314999882e-02
2.287865624095000022e-02
2.749420793514999878e-02
3.334057341439999878e-02
3.562119895745000098e-02
3.449898638865000339e-02
3.587460179554999989e-02
3.323197219810000019e-02
3.145815233129999750e-02
2.771141036780000108e-02
2.380176657980000166e-02
1.949391833189999951e-02
1.643498407179999968e-02
1.328554879815000041e-02
1.058861859254999968e-02
9.032001158399999285e-03
8.126991022300000464e-03
5.918766290200000099e-03
5.375760208499999644e-03
4.905154937735000005e-03
4.814653924124999949e-03
