6.000000000000000000e+01
0.000000000000000000e+00
3.620040544450000072e-05
0.000000000000000000e+00
7.240081088900000145e-05
3.801042571680000350e-04
7.964089197799999621e-04
2.733130611065000097e-03
7.728786562429999785e-03
1.458876339414999848e-02
2.479727772950000159e-02
3.075224442515000003e-02
2.684260063709999894e-02
2.148494063129999937e-02
1.218143643209999849e-02
5.158557775849999943e-03
2.117723718505000029e-03
8.326093252244999967e-04
4.344048653345000156e-04
3.077034462785000401e-04
7.240081088910000555e-05
1.991022299449999905e-04
1.267014190560500114e-04
5.430060816680000110e-04
1.339415001449000041e-03
3.475238922675000057e-03
1.080582102521000093e-02
2.780191138140000046e-02
6.016507384885000365e-02
1.046553721403500059e-01
1.395706631914999940e-01
1.395706631914999940e-01
1.046553721403500059e-01
6.016507384885000365e-02
2.780191138140000046e-02
1.080582102521000093e-02
3.475238922675000057e-03
1.339415001449000041e-03
5.430060816680000110e-04
1.267014190560500114e-04
1.991022299449999905e-04
7.240081088910000555e-05
3.077034462785000401e-04
4.344048653345000156e-04
8.326093252244999967e-04
2.117723718505000029e-03
5.158557775849999943e-03
1.218143643209999849e-02
2.148494063129999937e-02
2.684260063709999894e-02
3.075224442515000003e-02
2.479727772950000159e-02
1.458876339414999848e-02
7.728786562429999785e-03
2.733130611065000097e-03
7.964089197799999621e-04
3.801042571680000350e-04
7.240081088900000145e-05
0.000000000000000000e+00
3.620040544450000072e-05
0.000000000000000000e+00
