6.000000000000000000e+01
0.000000000000000000e+00
5.430060816700000117e-05
0.000000000000000000e+00
5.430060816680000652e-05
9.050101361155000394e-05
3.982044598899999810e-04
7.421083116129999473e-04
2.425427164784999846e-03
7.113379669849999656e-03
1.647118447724999976e-02
3.835432956850000352e-02
7.084419345494999409e-02
9.652838111764999729e-02
9.618447726635000194e-02
7.162250217200000213e-02
4.269837822184999881e-02
2.175644367215000263e-02
1.082392122792500029e-02
5.031856356789999804e-03
2.642629597449999701e-03
1.303214596001999945e-03
9.412105415589999517e-04
6.697075007239999865e-04
6.516072980015000064e-04
8.326093252245001051e-04
9.412105415564999984e-04
1.647118447730000143e-03
2.280625543005000005e-03
3.420938314509999745e-03
3.475238922675000057e-03
3.475238922675000057e-03
3.420938314509999745e-03
2.280625543005000005e-03
1.647118447730000143e-03
9.412105415564999984e-04
8.326093252245001051e-04
6.516072980015000064e-04
6.697075007239999865e-04
9.412105415589999517e-04
1.303214596001999945e-03
2.642629597449999701e-03
5.031856356789999804e-03
1.082392122792500029e-02
2.175644367215000263e-02
4.269837822184999881e-02
7.162250217200000213e-02
9.618447726635000194e-02
9.652838111764999729e-02
7.084419345494999409e-02
3.835432956850000352e-02
1.647118447724999976e-02
7.113379669849999656e-03
2.425427164784999846e-03
7.421083116129999473e-04
3.982044598899999810e-04
9.050101361155000394e-05
5.430060816680000652e-05
0.000000000000000000e+00
5.430060816700000117e-05
0.000000000000000000e+00
