6.000000000000000000e+01
0.000000000000000000e+00
0.000000000000000000e+00
7.240081088925000492e-05
5.430060816700000117e-05
1.810020272227500003e-04
1.267014190561000040e-03
4.814653924124999949e-03
1.498696785406000015e-02
3.824572835214999633e-02
6.693454966700000675e-02
8.700767448614998845e-02
7.993049522154999087e-02
4.966695626990000334e-02
2.517738198670000163e-02
1.140312771502500003e-02
4.687952505070000150e-03
2.117723718505000029e-03
1.285114393280000107e-03
5.249058789454999225e-04
4.344048653345000156e-04
4.163046626125000154e-04
2.715030408340000055e-04
7.783087170575000904e-04
1.466116420504999908e-03
2.497827975669999860e-03
6.425571966405000009e-03
1.149362872865000024e-02
1.954821894004999880e-02
3.017303793804999856e-02
3.813712713585000469e-02
3.813712713585000469e-02
3.017303793804999856e-02
1.954821894004999880e-02
1.149362872865000024e-02
6.425571966405000009e-03
2.497827975669999860e-03
1.466116420504999908e-03
7.783087170575000904e-04
2.715030408340000055e-04
4.163046626125000154e-04
4.344048653345000156e-04
5.249058789454999225e-04
1.285114393280000107e-03
2.117723718505000029e-03
4.687952505070000150e-03
1.140312771502500003e-02
2.517738198670000163e-02
4.966695626990000334e-02
7.993049522154999087e-02
8.700767448614998845e-02
6.693454966700000675e-02
3.824572835214999633e-02
1.498696785406000015e-02
4.814653924124999949e-03
1.267014190561000040e-03
1.810020272227500003e-04
5.430060816700000117e-05
7.240081088925000492e-05
0.000000000000000000e+00
0.000000000000000000e+00
