6.000000000000000000e+01
0.000000000000000000e+00
3.620040544455000277e-05
1.810020272225000036e-05
5.430060816680000652e-05
1.448016217780000029e-04
1.991022299449999905e-04
6.697075007240000950e-04
2.353026353894999926e-03
6.425571966405000009e-03
1.276064291919999996e-02
1.815450333044999962e-02
2.177454387490000004e-02
1.878801042574999858e-02
1.332174920355000056e-02
7.113379669849999656e-03
4.362148856070000198e-03
2.226324934840000127e-03
1.484216623230000167e-03
8.688097306679999632e-04
7.602085143355000359e-04
5.792064871124999372e-04
8.507095279469999768e-04
1.538517231395000046e-03
2.678830002899999785e-03
6.660874601799999378e-03
1.715899218074999968e-02
3.748551983784999958e-02
7.042788879235001298e-02
1.103750362005000013e-01
1.407290761660000000e-01
1.407290761660000000e-01
1.103750362005000013e-01
7.042788879235001298e-02
3.748551983784999958e-02
1.715899218074999968e-02
6.660874601799999378e-03
2.678830002899999785e-03
1.538517231395000046e-03
8.507095279469999768e-04
5.792064871124999372e-04
7.602085143355000359e-04
8.688097306679999632e-04
1.484216623230000167e-03
2.226324934840000127e-03
4.362148856070000198e-03
7.113379669849999656e-03
1.332174920355000056e-02
1.878801042574999858e-02
2.177454387490000004e-02
1.815450333044999962e-02
1.276064291919999996e-02
6.425571966405000009e-03
2.353026353894999926e-03
6.697075007240000950e-04
1.991022299449999905e-04
1.448016217780000029e-04
5.430060816680000652e-05
1.810020272225000036e-05
3.620040544455000277e-05
0.000000000000000000e+00
