6.000000000000000000e+01
0.000000000000000000e+00
0.000000000000000000e+00
0.000000000000000000e+00
0.000000000000000000e+00
0.000000000000000000e+00
1.810020272225000036e-05
1.267014190560500114e-04
2.353026353894999980e-04
1.067911960615000036e-03
2.914132638285000208e-03
6.932377642629999545e-03
1.230813785111999938e-02
2.101433536055000162e-02
2.651679698809999985e-02
2.776571097595000037e-02
2.711410367795000220e-02
2.447147408049999903e-02
1.947581812914999863e-02
1.741239501884999860e-02
1.625398204460000093e-02
1.440776136694999973e-02
1.466116420500000045e-02
1.674268751809999956e-02
2.030842745440000069e-02
2.570228786559999867e-02
2.870692151754999921e-02
3.529539530845000189e-02
4.217347234290000357e-02
4.662612221254999745e-02
5.174847958300000245e-02
5.174847958300000245e-02
4.662612221254999745e-02
4.217347234290000357e-02
3.529539530845000189e-02
2.870692151754999921e-02
2.570228786559999867e-02
2.030842745440000069e-02
1.674268751809999956e-02
1.466116420500000045e-02
1.440776136694999973e-02
1.625398204460000093e-02
1.741239501884999860e-02
1.947581812914999863e-02
2.447147408049999903e-02
2.711410367795000220e-02
2.776571097595000037e-02
2.651679698809999985e-02
2.101433536055000162e-02
1.230813785111999938e-02
6.932377642629999545e-03
2.914132638285000208e-03
1.067911960615000036e-03
2.353026353894999980e-04
1.267014190560500114e-04
1.810020272225000036e-05
0.000000000000000000e+00
0.000000000000000000e+00
0.000000000000000000e+00
0.000000000000000000e+00
0.000000000000000000e+00
