6.000000000000000000e+01
0.000000000000000000e+00
3.620040544455000277e-05
5.430060816680000652e-05
1.086012163337499989e-04
1.629018245005499918e-04
5.430060816680000110e-04
1.592817839559999924e-03
4.525050680564999400e-03
1.037141615988499896e-02
1.880611062839999958e-02
2.689690124529999990e-02
2.977483347814999931e-02
2.590139009555000177e-02
1.813640312769999874e-02
1.040761656531500115e-02
5.683463654795000049e-03
2.823631624675000153e-03
1.900521285835000051e-03
9.955111497270000345e-04
7.240081088910000013e-04
8.688097306690000313e-04
9.412105415594999858e-04
1.755719664059999900e-03
3.203735881844999890e-03
6.859976831740000058e-03
1.547567332754999983e-02
3.306907037360000412e-02
6.052707790325000115e-02
9.687228496960000046e-02
1.209817549960000016e-01
1.209817549960000016e-01
9.687228496960000046e-02
6.052707790325000115e-02
3.306907037360000412e-02
1.547567332754999983e-02
6.859976831740000058e-03
3.203735881844999890e-03
1.755719664059999900e-03
9.412105415594999858e-04
8.688097306690000313e-04
7.240081088910000013e-04
9.955111497270000345e-04
1.900521285835000051e-03
2.823631624675000153e-03
5.683463654795000049e-03
1.040761656531500115e-02
1.813640312769999874e-02
2.590139009555000177e-02
2.977483347814999931e-02
2.689690124529999990e-02
1.880611062839999958e-02
1.037141615988499896e-02
4.525050680564999400e-03
1.592817839559999924e-03
5.430060816680000110e-04
1.629018245005499918e-04
1.086012163337499989e-04
5.430060816680000652e-05
3.620040544455000277e-05
0.000000000000000000e+00
