6.000000000000000000e+01
0.000000000000000000e+00
0.000000000000000000e+00
0.000000000000000000e+00
0.000000000000000000e+00
0.000000000000000000e+00
0.000000000000000000e+00
1.810020272225000036e-05
1.810020272225000036e-05
4.525050680567500329e-04
1.267014190556999985e-03
3.674341152618500108e-03
9.448305821028499252e-03
1.802780191137999879e-02
2.591949029826999887e-02
3.006443672169999831e-02
2.642629597453999973e-02
2.097813495509499859e-02
1.424485954241999988e-02
9.737909064604999623e-03
7.475383724294999352e-03
6.932377642629999545e-03
7.891688386900000754e-03
9.756009267305000565e-03
1.187373298581500050e-02
1.719519258613999915e-02
2.486967854039999828e-02
3.518679409210000164e-02
5.518751810020000592e-02
7.435563278310000634e-02
8.899869678544999885e-02
8.899869678544999885e-02
7.435563278310000634e-02
5.518751810020000592e-02
3.518679409210000164e-02
2.486967854039999828e-02
1.719519258613999915e-02
1.187373298581500050e-02
9.756009267305000565e-03
7.891688386900000754e-03
6.932377642629999545e-03
7.475383724294999352e-03
9.737909064604999623e-03
1.424485954241999988e-02
2.097813495509499859e-02
2.642629597453999973e-02
3.006443672169999831e-02
2.591949029826999887e-02
1.802780191137999879e-02
9.448305821028499252e-03
3.674341152618500108e-03
1.267014190556999985e-03
4.525050680567500329e-04
1.810020272225000036e-05
1.810020272225000036e-05
0.000000000000000000e+00
0.000000000000000000e+00
0.000000000000000000e+00
0.000000000000000000e+00
0.000000000000000000e+00
0.000000000000000000e+00
