6.000000000000000000e+01
0.000000000000000000e+00
0.000000000000000000e+00
1.810020272225000036e-05
1.810020272225000036e-05
0.000000000000000000e+00
3.620040544450000072e-05
9.050101361125000520e-05
3.982044598899999810e-04
1.466116420505000125e-03
2.968433246450000087e-03
6.534173182739999239e-03
1.053431798434499925e-02
1.504126846220000049e-02
1.690558934259999910e-02
1.551187373299999991e-02
1.601867940920000122e-02
1.330364900086000030e-02
1.165653055314500031e-02
1.028091514625999875e-02
9.267303793800000730e-03
9.032001158415001174e-03
9.556907037334999577e-03
1.276064291922500080e-02
1.810020272230000032e-02
2.555748624385000001e-02
3.534969591659999771e-02
4.751303214594999880e-02
6.210179554010000075e-02
7.124239791485000028e-02
7.873588184185000005e-02
7.873588184185000005e-02
7.124239791485000028e-02
6.210179554010000075e-02
4.751303214594999880e-02
3.534969591659999771e-02
2.555748624385000001e-02
1.810020272230000032e-02
1.276064291922500080e-02
9.556907037334999577e-03
9.032001158415001174e-03
9.267303793800000730e-03
1.028091514625999875e-02
1.165653055314500031e-02
1.330364900086000030e-02
1.601867940920000122e-02
1.551187373299999991e-02
1.690558934259999910e-02
1.504126846220000049e-02
1.053431798434499925e-02
6.534173182739999239e-03
2.968433246450000087e-03
1.466116420505000125e-03
3.982044598899999810e-04
9.050101361125000520e-05
3.620040544450000072e-05
0.000000000000000000e+00
1.810020272225000036e-05
1.810020272225000036e-05
0.000000000000000000e+00
0.000000000000000000e+00
