6.000000000000000000e+01
0.000000000000000000e+00
1.810020272225000036e-05
1.810020272225000036e-05
3.620040544455000277e-05
1.991022299449999905e-04
5.068056762234999764e-04
1.484216623229999950e-03
4.217347234290000357e-03
8.977700550245000521e-03
1.761149724879999823e-02
2.521358239210000005e-02
2.848971908484999871e-02
2.365696495800000132e-02
1.571097596294999954e-02
9.357804807415000259e-03
5.502461627569999597e-03
3.149435273675000105e-03
1.773819866784999942e-03
7.059079061690000552e-04
6.335070952794999519e-04
6.335070952794999519e-04
8.869099333905000517e-04
1.936721691284999918e-03
3.529539530844999842e-03
7.276281494355000407e-03
1.569287576025000033e-02
3.527729510569999755e-02
6.521503040834999987e-02
9.788589632199999613e-02
1.244026933104999955e-01
1.244026933104999955e-01
9.788589632199999613e-02
6.521503040834999987e-02
3.527729510569999755e-02
1.569287576025000033e-02
7.276281494355000407e-03
3.529539530844999842e-03
1.936721691284999918e-03
8.869099333905000517e-04
6.335070952794999519e-04
6.335070952794999519e-04
7.059079061690000552e-04
1.773819866784999942e-03
3.149435273675000105e-03
5.502461627569999597e-03
9.357804807415000259e-03
1.571097596294999954e-02
2.365696495800000132e-02
2.848971908484999871e-02
2.521358239210000005e-02
1.761149724879999823e-02
8.977700550245000521e-03
4.217347234290000357e-03
1.484216623229999950e-03
5.068056762234999764e-04
1.991022299449999905e-04
3.620040544455000277e-05
1.810020272225000036e-05
1.810020272225000036e-05
0.000000000000000000e+00
