6.000000000000000000e+01
0.000000000000000000e+00
0.000000000000000000e+00
0.000000000000000000e+00
0.000000000000000000e+00
0.000000000000000000e+00
0.000000000000000000e+00
3.620040544455000277e-05
0.000000000000000000e+00
1.810020272225000104e-04
1.176513176949999916e-03
3.475238922675000057e-03
9.484506226449999564e-03
1.945771792644999942e-02
3.111424847959999920e-02
4.709672748334999687e-02
5.895236026649999794e-02
6.738705473499999321e-02
7.028308717049999710e-02
6.313350709550000217e-02
4.894294816099999806e-02
3.493339125400000272e-02
2.112293657689999840e-02
1.133072690415000069e-02
6.208369533749999968e-03
3.058934260065000049e-03
1.556617434114999964e-03
7.240081088900000416e-04
2.896032435564999856e-04
5.430060816700000117e-05
0.000000000000000000e+00
0.000000000000000000e+00
5.430060816700000117e-05
2.896032435564999856e-04
7.240081088900000416e-04
1.556617434114999964e-03
3.058934260065000049e-03
6.208369533749999968e-03
1.133072690415000069e-02
2.112293657689999840e-02
3.493339125400000272e-02
4.894294816099999806e-02
6.313350709550000217e-02
7.028308717049999710e-02
6.738705473499999321e-02
5.895236026649999794e-02
4.709672748334999687e-02
3.111424847959999920e-02
1.945771792644999942e-02
9.484506226449999564e-03
3.475238922675000057e-03
1.176513176949999916e-03
1.810020272225000104e-04
0.000000000000000000e+00
3.620040544455000277e-05
0.000000000000000000e+00
0.000000000000000000e+00
0.000000000000000000e+00
0.000000000000000000e+00
0.000000000000000000e+00
0.000000000000000000e+00
