6.000000000000000000e+01
0.000000000000000000e+00
0.000000000000000000e+00
1.810020272225000036e-05
7.240081088900000145e-05
5.068056762240000105e-04
1.303214596004999932e-03
4.633651896899549337e-03
1.125832609326699908e-02
2.206414711844454854e-02
3.232696206200000311e-02
3.907833767736700048e-02
3.938604112367224963e-02
3.332247321170000304e-02
2.941282942370000014e-02
2.391036779610000024e-02
2.338546191715000153e-02
2.188314509125000029e-02
2.304155806544999976e-02
2.515928178395000075e-02
2.812771503039999954e-02
2.899652476110000168e-02
2.859832030119999896e-02
2.725890529974999907e-02
2.202794671299999896e-02
1.545757312480000069e-02
1.044381697074999935e-02
5.230958586750000111e-03
2.479727772950000159e-03
3.801042571675000009e-04
2.353026353894999980e-04
2.353026353894999980e-04
3.801042571675000009e-04
2.479727772950000159e-03
5.230958586750000111e-03
1.044381697074999935e-02
1.545757312480000069e-02
2.202794671299999896e-02
2.725890529974999907e-02
2.859832030119999896e-02
2.899652476110000168e-02
2.812771503039999954e-02
2.515928178395000075e-02
2.304155806544999976e-02
2.188314509125000029e-02
2.338546191715000153e-02
2.391036779610000024e-02
2.941282942370000014e-02
3.332247321170000304e-02
3.938604112367224963e-02
3.907833767736700048e-02
3.232696206200000311e-02
2.206414711844454854e-02
1.125832609326699908e-02
4.633651896899549337e-03
1.303214596004999932e-03
5.068056762240000105e-04
7.240081088900000145e-05
1.810020272225000036e-05
0.000000000000000000e+00
0.000000000000000000e+00
