6.000000000000000000e+01
0.000000000000000000e+00
0.000000000000000000e+00
0.000000000000000000e+00
3.620040544455000277e-05
6.335070952799999860e-04
3.891543585289999971e-03
1.621778163915000084e-02
4.510570518390000228e-02
8.103460758750000159e-02
1.042390674775000026e-01
9.960541558049999800e-02
6.945047784549999992e-02
4.197437011295000048e-02
2.001882421085000169e-02
9.937011294549999776e-03
4.181146828844999747e-03
1.864320880394999998e-03
1.013611352445000034e-03
4.163046626119999813e-04
1.629018245005000101e-04
1.086012163334999954e-04
7.240081088900000145e-05
3.620040544455000277e-05
0.000000000000000000e+00
0.000000000000000000e+00
0.000000000000000000e+00
0.000000000000000000e+00
0.000000000000000000e+00
0.000000000000000000e+00
0.000000000000000000e+00
0.000000000000000000e+00
0.000000000000000000e+00
0.000000000000000000e+00
0.000000000000000000e+00
0.000000000000000000e+00
0.000000000000000000e+00
0.000000000000000000e+00
3.620040544455000277e-05
7.240081088900000145e-05
1.086012163334999954e-04
1.629018245005000101e-04
4.163046626119999813e-04
1.013611352445000034e-03
1.864320880394999998e-03
4.181146828844999747e-03
9.937011294549999776e-03
2.001882421085000169e-02
4.197437011295000048e-02
6.945047784549999992e-02
9.960541558049999800e-02
1.042390674775000026e-01
8.103460758750000159e-02
4.510570518390000228e-02
1.621778163915000084e-02
3.891543585289999971e-03
6.335070952799999860e-04
3.620040544455000277e-05
0.000000000000000000e+00
0.000000000000000000e+00
0.000000000000000000e+00
