6.000000000000000000e+01
0.000000000000000000e+00
0.000000000000000000e+00
1.810020272225000036e-05
3.620040544455000277e-05
1.086012163337499989e-04
5.792064871122499202e-04
2.280625543006500108e-03
8.905299739344549326e-03
2.564798725746699967e-02
5.428250796399999856e-02
8.251882421094455800e-02
9.001230813799999952e-02
8.081740515499999389e-02
6.065377932249999687e-02
4.018245004345000204e-02
2.287865624095000022e-02
1.248913987835000017e-02
8.199391833200000632e-03
4.325948450624999587e-03
2.787431219229999976e-03
1.791920069505000077e-03
8.869099333900000177e-04
3.077034462784999859e-04
9.050101361149999512e-05
1.267014190560000026e-04
3.620040544455000277e-05
3.620040544455000277e-05
0.000000000000000000e+00
0.000000000000000000e+00
0.000000000000000000e+00
0.000000000000000000e+00
0.000000000000000000e+00
0.000000000000000000e+00
3.620040544455000277e-05
3.620040544455000277e-05
1.267014190560000026e-04
9.050101361149999512e-05
3.077034462784999859e-04
8.869099333900000177e-04
1.791920069505000077e-03
2.787431219229999976e-03
4.325948450624999587e-03
8.199391833200000632e-03
1.248913987835000017e-02
2.287865624095000022e-02
4.018245004345000204e-02
6.065377932249999687e-02
8.081740515499999389e-02
9.001230813799999952e-02
8.251882421094455800e-02
5.428250796399999856e-02
2.564798725746699967e-02
8.905299739344549326e-03
2.280625543006500108e-03
5.792064871122499202e-04
1.086012163337499989e-04
3.620040544455000277e-05
1.810020272225000036e-05
0.000000000000000000e+00
0.000000000000000000e+00
