6.000000000000000000e+01
0.000000000000000000e+00
0.000000000000000000e+00
0.000000000000000000e+00
0.000000000000000000e+00
1.810020272225000036e-05
1.810020272225000036e-05
3.620040544455000277e-05
5.068056762249999701e-04
2.443527367504999982e-03
7.366782507950000308e-03
1.703229076164999856e-02
3.435418476685000305e-02
5.033666377050000085e-02
6.405661743399999886e-02
6.856356791199999523e-02
6.255430060800000469e-02
5.536852012750000107e-02
4.639081957720000288e-02
3.478858963220000239e-02
2.593759050099999838e-02
1.672458731540000035e-02
8.543295684900000658e-03
3.638140747175000033e-03
1.049811757889999994e-03
2.172024326669999908e-04
3.620040544455000277e-05
1.810020272225000036e-05
0.000000000000000000e+00
0.000000000000000000e+00
0.000000000000000000e+00
0.000000000000000000e+00
0.000000000000000000e+00
0.000000000000000000e+00
1.810020272225000036e-05
3.620040544455000277e-05
2.172024326669999908e-04
1.049811757889999994e-03
3.638140747175000033e-03
8.543295684900000658e-03
1.672458731540000035e-02
2.593759050099999838e-02
3.478858963220000239e-02
4.639081957720000288e-02
5.536852012750000107e-02
6.255430060800000469e-02
6.856356791199999523e-02
6.405661743399999886e-02
5.033666377050000085e-02
3.435418476685000305e-02
1.703229076164999856e-02
7.366782507950000308e-03
2.443527367504999982e-03
5.068056762249999701e-04
3.620040544455000277e-05
1.810020272225000036e-05
1.810020272225000036e-05
0.000000000000000000e+00
0.000000000000000000e+00
0.000000000000000000e+00
0.000000000000000000e+00
