6.000000000000000000e+01
0.000000000000000000e+00
0.000000000000000000e+00
0.000000000000000000e+00
0.000000000000000000e+00
1.810020272225000036e-05
1.629018245005000101e-04
9.593107442800000466e-04
3.746741963510000131e-03
9.683608456399999190e-03
1.962061975094999897e-02
3.015493773530000116e-02
3.607370402550000299e-02
3.915073848825000036e-02
4.125036200405000214e-02
4.130466261219999796e-02
3.927743990734999802e-02
4.045395308424999670e-02
3.862583260934999985e-02
3.639950767450000207e-02
3.591080220099999998e-02
3.113234868229999841e-02
2.418187083695000003e-02
1.667028670719999939e-02
9.321604401950000021e-03
3.656240949900000075e-03
1.556617434114999964e-03
4.525050680569999957e-04
1.991022299449999905e-04
3.620040544455000277e-05
0.000000000000000000e+00
0.000000000000000000e+00
3.620040544455000277e-05
1.991022299449999905e-04
4.525050680569999957e-04
1.556617434114999964e-03
3.656240949900000075e-03
9.321604401950000021e-03
1.667028670719999939e-02
2.418187083695000003e-02
3.113234868229999841e-02
3.591080220099999998e-02
3.639950767450000207e-02
3.862583260934999985e-02
4.045395308424999670e-02
3.927743990734999802e-02
4.130466261219999796e-02
4.125036200405000214e-02
3.915073848825000036e-02
3.607370402550000299e-02
3.015493773530000116e-02
1.962061975094999897e-02
9.683608456399999190e-03
3.746741963510000131e-03
9.593107442800000466e-04
1.629018245005000101e-04
1.810020272225000036e-05
0.000000000000000000e+00
0.000000000000000000e+00
0.000000000000000000e+00
0.000000000000000000e+00
