6.000000000000000000e+01
0.000000000000000000e+00
0.000000000000000000e+00
0.000000000000000000e+00
0.000000000000000000e+00
0.000000000000000000e+00
1.810020272225000036e-05
1.267014190560000026e-04
6.878077034449999730e-04
3.565739936285000113e-03
1.370185346075000060e-02
3.134955111494999724e-02
5.813785114399999676e-02
8.233782218349999793e-02
9.223863307250000643e-02
8.036490008699999354e-02
5.824645236050000202e-02
3.565739936284999939e-02
2.114103677960000108e-02
1.180133217490000018e-02
5.520561830299999979e-03
3.131335070954999970e-03
1.194613379670000052e-03
5.611062843899999571e-04
1.810020272225000104e-04
3.620040544455000277e-05
0.000000000000000000e+00
0.000000000000000000e+00
0.000000000000000000e+00
0.000000000000000000e+00
0.000000000000000000e+00
0.000000000000000000e+00
0.000000000000000000e+00
0.000000000000000000e+00
0.000000000000000000e+00
0.000000000000000000e+00
3.620040544455000277e-05
1.810020272225000104e-04
5.611062843899999571e-04
1.194613379670000052e-03
3.131335070954999970e-03
5.520561830299999979e-03
1.180133217490000018e-02
2.114103677960000108e-02
3.565739936284999939e-02
5.824645236050000202e-02
8.036490008699999354e-02
9.223863307250000643e-02
8.233782218349999793e-02
5.813785114399999676e-02
3.134955111494999724e-02
1.370185346075000060e-02
3.565739936285000113e-03
6.878077034449999730e-04
1.267014190560000026e-04
1.810020272225000036e-05
0.000000000000000000e+00
0.000000000000000000e+00
0.000000000000000000e+00
0.000000000000000000e+00
0.000000000000000000e+00
