6.000000000000000000e+01
0.000000000000000000e+00
0.000000000000000000e+00
0.000000000000000000e+00
0.000000000000000000e+00
0.000000000000000000e+00
1.810020272225000036e-05
3.620040544455000277e-05
1.629018245005000101e-04
4.163046626119999813e-04
1.067911960615000036e-03
3.058934260065000049e-03
4.796553721399999907e-03
8.362293657700000174e-03
1.218143643210000023e-02
1.580147697654999892e-02
2.220894874024999938e-02
2.981103388359999939e-02
4.201057051840000056e-02
5.225528525900000054e-02
6.354981175799999382e-02
6.796626122200000175e-02
6.577613669250000072e-02
5.238198667849999768e-02
3.458948740224999929e-02
1.612728062555000147e-02
5.864465682000000006e-03
1.285114393280000107e-03
2.353026353894999980e-04
3.620040544455000277e-05
0.000000000000000000e+00
0.000000000000000000e+00
3.620040544455000277e-05
2.353026353894999980e-04
1.285114393280000107e-03
5.864465682000000006e-03
1.612728062555000147e-02
3.458948740224999929e-02
5.238198667849999768e-02
6.577613669250000072e-02
6.796626122200000175e-02
6.354981175799999382e-02
5.225528525900000054e-02
4.201057051840000056e-02
2.981103388359999939e-02
2.220894874024999938e-02
1.580147697654999892e-02
1.218143643210000023e-02
8.362293657700000174e-03
4.796553721399999907e-03
3.058934260065000049e-03
1.067911960615000036e-03
4.163046626119999813e-04
1.629018245005000101e-04
3.620040544455000277e-05
1.810020272225000036e-05
0.000000000000000000e+00
0.000000000000000000e+00
0.000000000000000000e+00
0.000000000000000000e+00
0.000000000000000000e+00
