6.000000000000000000e+01
0.000000000000000000e+00
0.000000000000000000e+00
0.000000000000000000e+00
0.000000000000000000e+00
0.000000000000000000e+00
3.620040544455000277e-05
4.163046626119999813e-04
2.208224732115000085e-03
7.674485954250000186e-03
2.311395887634999993e-02
4.896104836375000241e-02
7.165870257749999694e-02
8.154141326399999556e-02
7.504344048649999599e-02
6.266290182450000301e-02
4.655372140169999895e-02
3.210975962930000260e-02
2.086953373879999948e-02
1.303214596004999976e-02
7.511584129749999776e-03
3.819142774400000051e-03
1.773819866784999942e-03
6.335070952799999860e-04
2.353026353894999980e-04
1.086012163334999954e-04
3.620040544455000277e-05
0.000000000000000000e+00
0.000000000000000000e+00
0.000000000000000000e+00
0.000000000000000000e+00
0.000000000000000000e+00
0.000000000000000000e+00
0.000000000000000000e+00
0.000000000000000000e+00
3.620040544455000277e-05
1.086012163334999954e-04
2.353026353894999980e-04
6.335070952799999860e-04
1.773819866784999942e-03
3.819142774400000051e-03
7.511584129749999776e-03
1.303214596004999976e-02
2.086953373879999948e-02
3.210975962930000260e-02
4.655372140169999895e-02
6.266290182450000301e-02
7.504344048649999599e-02
8.154141326399999556e-02
7.165870257749999694e-02
4.896104836375000241e-02
2.311395887634999993e-02
7.674485954250000186e-03
2.208224732115000085e-03
4.163046626119999813e-04
3.620040544455000277e-05
0.000000000000000000e+00
0.000000000000000000e+00
0.000000000000000000e+00
0.000000000000000000e+00
0.000000000000000000e+00
