6.000000000000000000e+01
0.000000000000000000e+00
0.000000000000000000e+00
0.000000000000000000e+00
0.000000000000000000e+00
1.810020272225000036e-05
0.000000000000000000e+00
1.267014190560000026e-04
2.172024326669999908e-04
5.430060816700000388e-04
1.248913987834999930e-03
2.226324934840000127e-03
3.891543585289999971e-03
4.506950477844999699e-03
5.991167101050000332e-03
6.262670141900000126e-03
1.058861859254999968e-02
1.578337677380000151e-02
2.622719374455000085e-02
4.329568491164999949e-02
6.130538662050000198e-02
7.707066319149999400e-02
8.465464813199999328e-02
7.288951636250000365e-02
4.780263538949999780e-02
2.354836374165000107e-02
8.923399942100000704e-03
2.298725745730000047e-03
3.982044598899999810e-04
1.629018245005000101e-04
1.810020272225000036e-05
1.810020272225000036e-05
1.629018245005000101e-04
3.982044598899999810e-04
2.298725745730000047e-03
8.923399942100000704e-03
2.354836374165000107e-02
4.780263538949999780e-02
7.288951636250000365e-02
8.465464813199999328e-02
7.707066319149999400e-02
6.130538662050000198e-02
4.329568491164999949e-02
2.622719374455000085e-02
1.578337677380000151e-02
1.058861859254999968e-02
6.262670141900000126e-03
5.991167101050000332e-03
4.506950477844999699e-03
3.891543585289999971e-03
2.226324934840000127e-03
1.248913987834999930e-03
5.430060816700000388e-04
2.172024326669999908e-04
1.267014190560000026e-04
0.000000000000000000e+00
1.810020272225000036e-05
0.000000000000000000e+00
0.000000000000000000e+00
0.000000000000000000e+00
0.000000000000000000e+00
