6.000000000000000000e+01
0.000000000000000000e+00
0.000000000000000000e+00
0.000000000000000000e+00
7.240081088900000145e-05
6.154068925550000525e-04
4.199247031565000315e-03
2.061613090064999890e-02
6.505212858400000187e-02
1.234433825660000011e-01
1.417426875180000101e-01
9.310744280350000124e-02
3.770272227049999841e-02
1.093252244424999971e-02
1.936721691284999918e-03
4.887054735015000304e-04
9.050101361149999512e-05
0.000000000000000000e+00
0.000000000000000000e+00
0.000000000000000000e+00
0.000000000000000000e+00
0.000000000000000000e+00
0.000000000000000000e+00
0.000000000000000000e+00
0.000000000000000000e+00
0.000000000000000000e+00
0.000000000000000000e+00
0.000000000000000000e+00
0.000000000000000000e+00
0.000000000000000000e+00
0.000000000000000000e+00
0.000000000000000000e+00
0.000000000000000000e+00
0.000000000000000000e+00
0.000000000000000000e+00
0.000000000000000000e+00
0.000000000000000000e+00
0.000000000000000000e+00
0.000000000000000000e+00
0.000000000000000000e+00
0.000000000000000000e+00
0.000000000000000000e+00
0.000000000000000000e+00
0.000000000000000000e+00
0.000000000000000000e+00
9.050101361149999512e-05
4.887054735015000304e-04
1.936721691284999918e-03
1.093252244424999971e-02
3.770272227049999841e-02
9.310744280350000124e-02
1.417426875180000101e-01
1.234433825660000011e-01
6.505212858400000187e-02
2.061613090064999890e-02
4.199247031565000315e-03
6.154068925550000525e-04
7.240081088900000145e-05
0.000000000000000000e+00
0.000000000000000000e+00
0.000000000000000000e+00
