6.000000000000000000e+01
0.000000000000000000e+00
0.000000000000000000e+00
0.000000000000000000e+00
0.000000000000000000e+00
0.000000000000000000e+00
1.810020272225000036e-05
3.620040544455000277e-05
1.448016217780000029e-04
2.172024326669999908e-04
8.145091224999999888e-04
3.004633651894999830e-03
6.841876628999999863e-03
1.281494352734999925e-02
2.443527367504999895e-02
3.969374456994999995e-02
5.478931364049999947e-02
7.245511149699999931e-02
8.012959745150000090e-02
7.672675933950000304e-02
6.132348682299999798e-02
3.848103098754999951e-02
1.911381407469999946e-02
6.968578048050000188e-03
1.737619461339999982e-03
2.172024326669999908e-04
1.810020272225000036e-05
1.810020272225000036e-05
0.000000000000000000e+00
0.000000000000000000e+00
0.000000000000000000e+00
0.000000000000000000e+00
0.000000000000000000e+00
0.000000000000000000e+00
1.810020272225000036e-05
1.810020272225000036e-05
2.172024326669999908e-04
1.737619461339999982e-03
6.968578048050000188e-03
1.911381407469999946e-02
3.848103098754999951e-02
6.132348682299999798e-02
7.672675933950000304e-02
8.012959745150000090e-02
7.245511149699999931e-02
5.478931364049999947e-02
3.969374456994999995e-02
2.443527367504999895e-02
1.281494352734999925e-02
6.841876628999999863e-03
3.004633651894999830e-03
8.145091224999999888e-04
2.172024326669999908e-04
1.448016217780000029e-04
3.620040544455000277e-05
1.810020272225000036e-05
0.000000000000000000e+00
0.000000000000000000e+00
0.000000000000000000e+00
0.000000000000000000e+00
0.000000000000000000e+00
