6.000000000000000000e+01
0.000000000000000000e+00
0.000000000000000000e+00
0.000000000000000000e+00
3.620040544455000277e-05
1.991022299447500006e-04
8.145091225014999825e-04
2.751230813784999799e-03
6.335070952794999086e-03
1.386475528528000045e-02
2.146684042863000047e-02
2.644439617726000030e-02
2.953953084275500254e-02
2.776571097594500090e-02
2.718650448884999890e-02
2.628149435274999834e-02
2.620909354185000165e-02
2.599189110919999934e-02
2.953953084274999960e-02
3.357587604980000195e-02
3.940414132640000094e-02
4.108746017954999913e-02
3.598320301184999848e-02
3.020923834345000045e-02
2.289675644364999943e-02
1.437156096149999965e-02
8.995800752949999202e-03
5.683463654800000389e-03
2.371126556615000061e-03
8.145091224999999888e-04
1.810020272225499921e-04
1.810020272225499921e-04
8.145091224999999888e-04
2.371126556615000061e-03
5.683463654800000389e-03
8.995800752949999202e-03
1.437156096149999965e-02
2.289675644364999943e-02
3.020923834345000045e-02
3.598320301184999848e-02
4.108746017954999913e-02
3.940414132640000094e-02
3.357587604980000195e-02
2.953953084274999960e-02
2.599189110919999934e-02
2.620909354185000165e-02
2.628149435274999834e-02
2.718650448884999890e-02
2.776571097594500090e-02
2.953953084275500254e-02
2.644439617726000030e-02
2.146684042863000047e-02
1.386475528528000045e-02
6.335070952794999086e-03
2.751230813784999799e-03
8.145091225014999825e-04
1.991022299447500006e-04
3.620040544455000277e-05
0.000000000000000000e+00
0.000000000000000000e+00
0.000000000000000000e+00
