6.000000000000000000e+01
0.000000000000000000e+00
0.000000000000000000e+00
1.810020272225000036e-05
9.050101361149999512e-05
4.163046626119999813e-04
1.158412974225000091e-03
3.837242977120000186e-03
9.665508253699999983e-03
1.804590211409999936e-02
2.914132638285000035e-02
3.614610483635000149e-02
3.969374456994999995e-02
3.493339125400000272e-02
2.825441644944999900e-02
2.358456414710000115e-02
1.987402258905000135e-02
1.942151752099999934e-02
2.143064002315000008e-02
2.347596293079999910e-02
3.008253692440000099e-02
3.440848537505000054e-02
3.620040544454999898e-02
3.286996814365000102e-02
2.700550246165000015e-02
1.717709238344999889e-02
8.253692441349999923e-03
3.420938314510000178e-03
1.086012163334999954e-03
3.077034462784999859e-04
0.000000000000000000e+00
0.000000000000000000e+00
3.077034462784999859e-04
1.086012163334999954e-03
3.420938314510000178e-03
8.253692441349999923e-03
1.717709238344999889e-02
2.700550246165000015e-02
3.286996814365000102e-02
3.620040544454999898e-02
3.440848537505000054e-02
3.008253692440000099e-02
2.347596293079999910e-02
2.143064002315000008e-02
1.942151752099999934e-02
1.987402258905000135e-02
2.358456414710000115e-02
2.825441644944999900e-02
3.493339125400000272e-02
3.969374456994999995e-02
3.614610483635000149e-02
2.914132638285000035e-02
1.804590211409999936e-02
9.665508253699999983e-03
3.837242977120000186e-03
1.158412974225000091e-03
4.163046626119999813e-04
9.050101361149999512e-05
1.810020272225000036e-05
0.000000000000000000e+00
0.000000000000000000e+00
