6.000000000000000000e+01
0.000000000000000000e+00
0.000000000000000000e+00
3.620040544455000277e-05
3.620040544455000277e-05
4.163046626125000154e-04
8.326093252235000370e-04
3.004633651894499796e-03
9.774109470029998872e-03
2.179264407759499977e-02
3.690631335072499380e-02
5.230958586744500344e-02
5.567622357361200203e-02
5.133217492038900237e-02
4.237257457284999973e-02
3.480668983494999980e-02
2.812771503039999954e-02
2.195554590209999879e-02
2.061613090064999890e-02
1.900521285840000088e-02
1.837170576309999845e-02
1.958441934549999888e-02
1.915001448014999955e-02
1.627208224730000014e-02
1.248913987835000017e-02
7.040978858950000356e-03
4.868954532290000262e-03
1.991022299449999797e-03
9.231103388349999779e-04
1.991022299447500006e-04
1.086012163340000023e-04
1.086012163340000023e-04
1.991022299447500006e-04
9.231103388349999779e-04
1.991022299449999797e-03
4.868954532290000262e-03
7.040978858950000356e-03
1.248913987835000017e-02
1.627208224730000014e-02
1.915001448014999955e-02
1.958441934549999888e-02
1.837170576309999845e-02
1.900521285840000088e-02
2.061613090064999890e-02
2.195554590209999879e-02
2.812771503039999954e-02
3.480668983494999980e-02
4.237257457284999973e-02
5.133217492038900237e-02
5.567622357361200203e-02
5.230958586744500344e-02
3.690631335072499380e-02
2.179264407759499977e-02
9.774109470029998872e-03
3.004633651894499796e-03
8.326093252235000370e-04
4.163046626125000154e-04
3.620040544455000277e-05
3.620040544455000277e-05
0.000000000000000000e+00
0.000000000000000000e+00
