6.000000000000000000e+01
0.000000000000000000e+00
0.000000000000000000e+00
0.000000000000000000e+00
0.000000000000000000e+00
0.000000000000000000e+00
0.000000000000000000e+00
1.810020272225000036e-05
1.810020272225000036e-05
2.534028381120000052e-04
6.516072980000000127e-04
1.393715609614999988e-03
2.298725745730000047e-03
3.891543585289999971e-03
5.357660005799999570e-03
8.543295684900000658e-03
1.239863886475000079e-02
1.793730089774999911e-02
2.651679698815000152e-02
3.534969591659999771e-02
4.955835505359999782e-02
6.640964378800000290e-02
7.879018244999999587e-02
7.383072690399999916e-02
5.868085722549999661e-02
3.321387199535000279e-02
1.621778163915000084e-02
6.335070952800000293e-03
1.647118447725000020e-03
4.525050680569999957e-04
2.353026353894999980e-04
2.353026353894999980e-04
4.525050680569999957e-04
1.647118447725000020e-03
6.335070952800000293e-03
1.621778163915000084e-02
3.321387199535000279e-02
5.868085722549999661e-02
7.383072690399999916e-02
7.879018244999999587e-02
6.640964378800000290e-02
4.955835505359999782e-02
3.534969591659999771e-02
2.651679698815000152e-02
1.793730089774999911e-02
1.239863886475000079e-02
8.543295684900000658e-03
5.357660005799999570e-03
3.891543585289999971e-03
2.298725745730000047e-03
1.393715609614999988e-03
6.516072980000000127e-04
2.534028381120000052e-04
1.810020272225000036e-05
1.810020272225000036e-05
0.000000000000000000e+00
0.000000000000000000e+00
0.000000000000000000e+00
0.000000000000000000e+00
0.000000000000000000e+00
0.000000000000000000e+00
