6.000000000000000000e+01
0.000000000000000000e+00
0.000000000000000000e+00
0.000000000000000000e+00
0.000000000000000000e+00
0.000000000000000000e+00
1.810020272225000104e-04
1.321314798725000067e-03
6.117868520149999725e-03
1.934911671010600132e-02
3.737691862147000249e-02
5.165797856938499771e-02
5.158557775846500659e-02
3.898783666376499923e-02
2.441717347233500132e-02
1.424485954243500004e-02
9.032001158425000120e-03
6.407471763689999780e-03
5.393860411235000367e-03
5.086156964960000457e-03
6.081668114695000169e-03
8.326093252234999936e-03
1.080582102518999957e-02
1.728569359975999989e-02
2.141253982046499929e-02
2.649869678539999718e-02
2.771141036774999941e-02
2.883362293659999867e-02
2.836301766579999925e-02
2.586518969010000168e-02
2.765710975960000012e-02
2.765710975960000012e-02
2.586518969010000168e-02
2.836301766579999925e-02
2.883362293659999867e-02
2.771141036774999941e-02
2.649869678539999718e-02
2.141253982046499929e-02
1.728569359975999989e-02
1.080582102518999957e-02
8.326093252234999936e-03
6.081668114695000169e-03
5.086156964960000457e-03
5.393860411235000367e-03
6.407471763689999780e-03
9.032001158425000120e-03
1.424485954243500004e-02
2.441717347233500132e-02
3.898783666376499923e-02
5.158557775846500659e-02
5.165797856938499771e-02
3.737691862147000249e-02
1.934911671010600132e-02
6.117868520149999725e-03
1.321314798725000067e-03
1.810020272225000104e-04
0.000000000000000000e+00
0.000000000000000000e+00
0.000000000000000000e+00
0.000000000000000000e+00
0.000000000000000000e+00
