6.000000000000000000e+01
0.000000000000000000e+00
0.000000000000000000e+00
1.629018245005000101e-04
9.593107442800000466e-04
5.647263249350000305e-03
1.942151752099999934e-02
5.790254850849999718e-02
1.085831161309999959e-01
1.260317115550000089e-01
1.014697364610000069e-01
5.256298870549999669e-02
1.929481610194999988e-02
6.081668114699999642e-03
1.429916015059999948e-03
2.715030408340000055e-04
9.050101361149999512e-05
5.430060816700000117e-05
1.810020272225000036e-05
1.810020272225000036e-05
0.000000000000000000e+00
0.000000000000000000e+00
0.000000000000000000e+00
0.000000000000000000e+00
0.000000000000000000e+00
0.000000000000000000e+00
0.000000000000000000e+00
0.000000000000000000e+00
0.000000000000000000e+00
0.000000000000000000e+00
0.000000000000000000e+00
0.000000000000000000e+00
0.000000000000000000e+00
0.000000000000000000e+00
0.000000000000000000e+00
0.000000000000000000e+00
0.000000000000000000e+00
0.000000000000000000e+00
0.000000000000000000e+00
0.000000000000000000e+00
0.000000000000000000e+00
0.000000000000000000e+00
1.810020272225000036e-05
1.810020272225000036e-05
5.430060816700000117e-05
9.050101361149999512e-05
2.715030408340000055e-04
1.429916015059999948e-03
6.081668114699999642e-03
1.929481610194999988e-02
5.256298870549999669e-02
1.014697364610000069e-01
1.260317115550000089e-01
1.085831161309999959e-01
5.790254850849999718e-02
1.942151752099999934e-02
5.647263249350000305e-03
9.593107442800000466e-04
1.629018245005000101e-04
0.000000000000000000e+00
0.000000000000000000e+00
