6.000000000000000000e+01
0.000000000000000000e+00
3.620040544455000277e-05
1.810020272225000036e-05
3.620040544455000277e-05
1.086012163334999954e-04
5.792064871149999990e-04
1.828120474950000037e-03
5.882565884750000015e-03
1.467926440774999959e-02
2.727700550244999828e-02
4.074355632784999737e-02
4.847234289025000031e-02
4.742253113235000289e-02
4.338618592529999707e-02
3.475238922675000230e-02
2.682450043439999973e-02
2.430857225599999949e-02
2.331306110629999956e-02
2.275195482190000076e-02
2.351216333624999918e-02
2.391036779610000024e-02
2.343976252534999902e-02
2.222704894294999858e-02
1.848030697944999870e-02
1.230813785114999968e-02
7.240081088899999982e-03
4.036345207064999906e-03
1.683318853169999980e-03
5.611062843899999571e-04
1.810020272225499921e-04
1.810020272225499921e-04
5.611062843899999571e-04
1.683318853169999980e-03
4.036345207064999906e-03
7.240081088899999982e-03
1.230813785114999968e-02
1.848030697944999870e-02
2.222704894294999858e-02
2.343976252534999902e-02
2.391036779610000024e-02
2.351216333624999918e-02
2.275195482190000076e-02
2.331306110629999956e-02
2.430857225599999949e-02
2.682450043439999973e-02
3.475238922675000230e-02
4.338618592529999707e-02
4.742253113235000289e-02
4.847234289025000031e-02
4.074355632784999737e-02
2.727700550244999828e-02
1.467926440774999959e-02
5.882565884750000015e-03
1.828120474950000037e-03
5.792064871149999990e-04
1.086012163334999954e-04
3.620040544455000277e-05
1.810020272225000036e-05
3.620040544455000277e-05
0.000000000000000000e+00
