6.000000000000000000e+01
0.000000000000000000e+00
0.000000000000000000e+00
0.000000000000000000e+00
0.000000000000000000e+00
2.172024326669999908e-04
1.158412974225000091e-03
5.629163046650000231e-03
2.155734144219999954e-02
4.713292788879999695e-02
8.440124529400000464e-02
1.046191717344999994e-01
1.002932232840000049e-01
6.805676223550000126e-02
3.817332754125000310e-02
1.829930495219999828e-02
7.059079061700000365e-03
2.226324934840000127e-03
8.869099333900000177e-04
2.353026353894999980e-04
5.430060816700000117e-05
0.000000000000000000e+00
0.000000000000000000e+00
0.000000000000000000e+00
0.000000000000000000e+00
0.000000000000000000e+00
0.000000000000000000e+00
0.000000000000000000e+00
0.000000000000000000e+00
0.000000000000000000e+00
0.000000000000000000e+00
0.000000000000000000e+00
0.000000000000000000e+00
0.000000000000000000e+00
0.000000000000000000e+00
0.000000000000000000e+00
0.000000000000000000e+00
0.000000000000000000e+00
0.000000000000000000e+00
0.000000000000000000e+00
0.000000000000000000e+00
5.430060816700000117e-05
2.353026353894999980e-04
8.869099333900000177e-04
2.226324934840000127e-03
7.059079061700000365e-03
1.829930495219999828e-02
3.817332754125000310e-02
6.805676223550000126e-02
1.002932232840000049e-01
1.046191717344999994e-01
8.440124529400000464e-02
4.713292788879999695e-02
2.155734144219999954e-02
5.629163046650000231e-03
1.158412974225000091e-03
2.172024326669999908e-04
0.000000000000000000e+00
0.000000000000000000e+00
0.000000000000000000e+00
0.000000000000000000e+00
