6.000000000000000000e+01
0.000000000000000000e+00
0.000000000000000000e+00
0.000000000000000000e+00
1.810020272225000036e-05
1.810020272225000036e-05
0.000000000000000000e+00
1.810020272225000036e-05
7.240081088900000145e-05
2.172024326669999908e-04
3.077034462784999859e-04
1.067911960615000036e-03
3.040834057340000007e-03
6.878077034449999946e-03
1.448016217779999996e-02
2.577468867649999884e-02
4.488850275125000344e-02
6.313350709550000217e-02
8.374963799600000647e-02
9.059151462499999419e-02
7.783087170600000437e-02
5.002896032450000058e-02
2.544888502749999976e-02
9.357804807400000105e-03
2.606429192004999958e-03
3.801042571675000009e-04
3.620040544455000277e-05
5.430060816700000117e-05
0.000000000000000000e+00
0.000000000000000000e+00
0.000000000000000000e+00
0.000000000000000000e+00
0.000000000000000000e+00
0.000000000000000000e+00
5.430060816700000117e-05
3.620040544455000277e-05
3.801042571675000009e-04
2.606429192004999958e-03
9.357804807400000105e-03
2.544888502749999976e-02
5.002896032450000058e-02
7.783087170600000437e-02
9.059151462499999419e-02
8.374963799600000647e-02
6.313350709550000217e-02
4.488850275125000344e-02
2.577468867649999884e-02
1.448016217779999996e-02
6.878077034449999946e-03
3.040834057340000007e-03
1.067911960615000036e-03
3.077034462784999859e-04
2.172024326669999908e-04
7.240081088900000145e-05
1.810020272225000036e-05
0.000000000000000000e+00
1.810020272225000036e-05
1.810020272225000036e-05
0.000000000000000000e+00
0.000000000000000000e+00
0.000000000000000000e+00
