6.000000000000000000e+01
0.000000000000000000e+00
0.000000000000000000e+00
0.000000000000000000e+00
0.000000000000000000e+00
0.000000000000000000e+00
0.000000000000000000e+00
0.000000000000000000e+00
1.810020272225000104e-04
5.430060816700000388e-04
1.176513176949999916e-03
3.909643788010000107e-03
9.629307848249999899e-03
1.591007819289999917e-02
2.640819577180000127e-02
3.710541558065000300e-02
4.816463944394999697e-02
5.810165073850000195e-02
6.445482189399999451e-02
6.206559513450000259e-02
5.647263249349999958e-02
4.684332464524999795e-02
3.357587604980000195e-02
1.972922096725000102e-02
9.430205618300000273e-03
4.199247031565000315e-03
1.502316825950000085e-03
5.249058789449999969e-04
7.240081088900000145e-05
0.000000000000000000e+00
0.000000000000000000e+00
0.000000000000000000e+00
0.000000000000000000e+00
7.240081088900000145e-05
5.249058789449999969e-04
1.502316825950000085e-03
4.199247031565000315e-03
9.430205618300000273e-03
1.972922096725000102e-02
3.357587604980000195e-02
4.684332464524999795e-02
5.647263249349999958e-02
6.206559513450000259e-02
6.445482189399999451e-02
5.810165073850000195e-02
4.816463944394999697e-02
3.710541558065000300e-02
2.640819577180000127e-02
1.591007819289999917e-02
9.629307848249999899e-03
3.909643788010000107e-03
1.176513176949999916e-03
5.430060816700000388e-04
1.810020272225000104e-04
0.000000000000000000e+00
0.000000000000000000e+00
0.000000000000000000e+00
0.000000000000000000e+00
0.000000000000000000e+00
0.000000000000000000e+00
0.000000000000000000e+00
