6.000000000000000000e+01
0.000000000000000000e+00
0.000000000000000000e+00
0.000000000000000000e+00
0.000000000000000000e+00
0.000000000000000000e+00
4.887054735015000304e-04
3.945844193454999850e-03
2.112293657689999840e-02
6.907037358800000026e-02
1.274978279754999944e-01
1.352628149435000093e-01
9.098971908500000372e-02
3.679771213440000133e-02
1.192803359399999957e-02
2.425427164784999846e-03
3.620040544455000006e-04
1.086012163334999954e-04
0.000000000000000000e+00
0.000000000000000000e+00
0.000000000000000000e+00
0.000000000000000000e+00
0.000000000000000000e+00
0.000000000000000000e+00
0.000000000000000000e+00
0.000000000000000000e+00
0.000000000000000000e+00
0.000000000000000000e+00
0.000000000000000000e+00
0.000000000000000000e+00
0.000000000000000000e+00
0.000000000000000000e+00
0.000000000000000000e+00
0.000000000000000000e+00
0.000000000000000000e+00
0.000000000000000000e+00
0.000000000000000000e+00
0.000000000000000000e+00
0.000000000000000000e+00
0.000000000000000000e+00
0.000000000000000000e+00
0.000000000000000000e+00
0.000000000000000000e+00
0.000000000000000000e+00
1.086012163334999954e-04
3.620040544455000006e-04
2.425427164784999846e-03
1.192803359399999957e-02
3.679771213440000133e-02
9.098971908500000372e-02
1.352628149435000093e-01
1.274978279754999944e-01
6.907037358800000026e-02
2.112293657689999840e-02
3.945844193454999850e-03
4.887054735015000304e-04
0.000000000000000000e+00
0.000000000000000000e+00
0.000000000000000000e+00
0.000000000000000000e+00
0.000000000000000000e+00
