6.000000000000000000e+01
3.620040544455000006e-04
4.887054735009999963e-04
1.375615406892000082e-03
3.764842166233999671e-03
9.466406023739999676e-03
2.262525340282500047e-02
4.132276281492000547e-02
6.351361135249999901e-02
7.882638285569999737e-02
7.862728062534500573e-02
6.478062554317000343e-02
4.103315957136499659e-02
2.401896901243899887e-02
1.187373298582224991e-02
6.063567911949999632e-03
4.344048653345000156e-03
3.475238922675000057e-03
3.565739936285000113e-03
4.850854329569999693e-03
5.592962641200000147e-03
6.678974804500000320e-03
6.009267303800000341e-03
6.642774399050000236e-03
4.742253113234999595e-03
2.968433246450000087e-03
1.737619461339999982e-03
8.507095279449999490e-04
2.896032435564999856e-04
9.050101361149999512e-05
1.810020272225000036e-05
1.810020272225000036e-05
9.050101361149999512e-05
2.896032435564999856e-04
8.507095279449999490e-04
1.737619461339999982e-03
2.968433246450000087e-03
4.742253113234999595e-03
6.642774399050000236e-03
6.009267303800000341e-03
6.678974804500000320e-03
5.592962641200000147e-03
4.850854329569999693e-03
3.565739936285000113e-03
3.475238922675000057e-03
4.344048653345000156e-03
6.063567911949999632e-03
1.187373298582224991e-02
2.401896901243899887e-02
4.103315957136499659e-02
6.478062554317000343e-02
7.862728062534500573e-02
7.882638285569999737e-02
6.351361135249999901e-02
4.132276281492000547e-02
2.262525340282500047e-02
9.466406023739999676e-03
3.764842166233999671e-03
1.375615406892000082e-03
4.887054735009999963e-04
3.620040544455000006e-04
