6.000000000000000000e+01
3.620040544455000277e-05
3.620040544455000277e-05
4.344048653345000156e-04
1.448016217780000083e-03
4.307848247900000413e-03
1.171083116130000081e-02
3.513249348394999888e-02
6.487112655650000004e-02
9.584057341450000211e-02
1.078048074140000034e-01
8.898059658250000170e-02
5.174847958300000245e-02
2.432667245875000037e-02
9.104401969299999453e-03
2.968433246450000087e-03
1.031711555170000075e-03
1.267014190560000026e-04
5.430060816700000117e-05
3.620040544455000277e-05
0.000000000000000000e+00
0.000000000000000000e+00
0.000000000000000000e+00
0.000000000000000000e+00
0.000000000000000000e+00
0.000000000000000000e+00
0.000000000000000000e+00
0.000000000000000000e+00
0.000000000000000000e+00
0.000000000000000000e+00
0.000000000000000000e+00
0.000000000000000000e+00
0.000000000000000000e+00
0.000000000000000000e+00
0.000000000000000000e+00
0.000000000000000000e+00
0.000000000000000000e+00
0.000000000000000000e+00
0.000000000000000000e+00
0.000000000000000000e+00
0.000000000000000000e+00
0.000000000000000000e+00
3.620040544455000277e-05
5.430060816700000117e-05
1.267014190560000026e-04
1.031711555170000075e-03
2.968433246450000087e-03
9.104401969299999453e-03
2.432667245875000037e-02
5.174847958300000245e-02
8.898059658250000170e-02
1.078048074140000034e-01
9.584057341450000211e-02
6.487112655650000004e-02
3.513249348394999888e-02
1.171083116130000081e-02
4.307848247900000413e-03
1.448016217780000083e-03
4.344048653345000156e-04
3.620040544455000277e-05
3.620040544455000277e-05
