6.000000000000000000e+01
0.000000000000000000e+00
7.240081088910000555e-05
7.240081088925000492e-05
4.163046626120000355e-04
1.411815812336500008e-03
4.868954532290000262e-03
1.366565305529499931e-02
3.078844483060000012e-02
4.420069504775000352e-02
5.254488850274999928e-02
5.524181870839499353e-02
4.814653924124500523e-02
3.934984071823349749e-02
3.205545902112225121e-02
2.479727772950000159e-02
2.152114103680000112e-02
2.103243556329999903e-02
1.981972198089999859e-02
1.987402258905000135e-02
1.846220677670000129e-02
1.706849116709999864e-02
1.419055893424999923e-02
9.448305821049999415e-03
5.810165073849999848e-03
3.022733854619999872e-03
1.230813785115000012e-03
5.973066898350000258e-04
1.991022299449999905e-04
9.050101361149999512e-05
0.000000000000000000e+00
0.000000000000000000e+00
9.050101361149999512e-05
1.991022299449999905e-04
5.973066898350000258e-04
1.230813785115000012e-03
3.022733854619999872e-03
5.810165073849999848e-03
9.448305821049999415e-03
1.419055893424999923e-02
1.706849116709999864e-02
1.846220677670000129e-02
1.987402258905000135e-02
1.981972198089999859e-02
2.103243556329999903e-02
2.152114103680000112e-02
2.479727772950000159e-02
3.205545902112225121e-02
3.934984071823349749e-02
4.814653924124500523e-02
5.524181870839499353e-02
5.254488850274999928e-02
4.420069504775000352e-02
3.078844483060000012e-02
1.366565305529499931e-02
4.868954532290000262e-03
1.411815812336500008e-03
4.163046626120000355e-04
7.240081088925000492e-05
7.240081088910000555e-05
0.000000000000000000e+00
