6.000000000000000000e+01
0.000000000000000000e+00
0.000000000000000000e+00
0.000000000000000000e+00
0.000000000000000000e+00
1.810020272225000036e-05
1.629018245005000101e-04
1.647118447725000020e-03
8.778598320300000368e-03
3.554879814655000081e-02
8.738777874299999415e-02
1.283123370979999955e-01
1.162757022879999935e-01
7.229220967249999630e-02
3.341297422529999894e-02
1.147552852589999936e-02
3.439038517229999880e-03
8.688097306699999909e-04
2.715030408340000055e-04
9.050101361149999512e-05
1.810020272225000036e-05
0.000000000000000000e+00
0.000000000000000000e+00
0.000000000000000000e+00
0.000000000000000000e+00
0.000000000000000000e+00
0.000000000000000000e+00
0.000000000000000000e+00
0.000000000000000000e+00
0.000000000000000000e+00
0.000000000000000000e+00
0.000000000000000000e+00
0.000000000000000000e+00
0.000000000000000000e+00
0.000000000000000000e+00
0.000000000000000000e+00
0.000000000000000000e+00
0.000000000000000000e+00
0.000000000000000000e+00
0.000000000000000000e+00
0.000000000000000000e+00
1.810020272225000036e-05
9.050101361149999512e-05
2.715030408340000055e-04
8.688097306699999909e-04
3.439038517229999880e-03
1.147552852589999936e-02
3.341297422529999894e-02
7.229220967249999630e-02
1.162757022879999935e-01
1.283123370979999955e-01
8.738777874299999415e-02
3.554879814655000081e-02
8.778598320300000368e-03
1.647118447725000020e-03
1.629018245005000101e-04
1.810020272225000036e-05
0.000000000000000000e+00
0.000000000000000000e+00
0.000000000000000000e+00
0.000000000000000000e+00
