6.000000000000000000e+01
0.000000000000000000e+00
0.000000000000000000e+00
0.000000000000000000e+00
1.810020272225000036e-05
3.620040544455000277e-05
4.706052707789999960e-04
4.362148856064999858e-03
1.828120474949999907e-02
5.404720532849999898e-02
1.032978569359999932e-01
1.254344048655000043e-01
1.016688386910000047e-01
5.768534607600000336e-02
2.392846799885000111e-02
7.801187373299999644e-03
2.208224732115000085e-03
5.973066898350000258e-04
1.448016217780000029e-04
1.810020272225000036e-05
0.000000000000000000e+00
0.000000000000000000e+00
0.000000000000000000e+00
0.000000000000000000e+00
0.000000000000000000e+00
0.000000000000000000e+00
0.000000000000000000e+00
0.000000000000000000e+00
0.000000000000000000e+00
0.000000000000000000e+00
0.000000000000000000e+00
0.000000000000000000e+00
0.000000000000000000e+00
0.000000000000000000e+00
0.000000000000000000e+00
0.000000000000000000e+00
0.000000000000000000e+00
0.000000000000000000e+00
0.000000000000000000e+00
0.000000000000000000e+00
0.000000000000000000e+00
0.000000000000000000e+00
1.810020272225000036e-05
1.448016217780000029e-04
5.973066898350000258e-04
2.208224732115000085e-03
7.801187373299999644e-03
2.392846799885000111e-02
5.768534607600000336e-02
1.016688386910000047e-01
1.254344048655000043e-01
1.032978569359999932e-01
5.404720532849999898e-02
1.828120474949999907e-02
4.362148856064999858e-03
4.706052707789999960e-04
3.620040544455000277e-05
1.810020272225000036e-05
0.000000000000000000e+00
0.000000000000000000e+00
0.000000000000000000e+00
