6.000000000000000000e+01
0.000000000000000000e+00
0.000000000000000000e+00
0.000000000000000000e+00
0.000000000000000000e+00
1.810020272225000104e-04
7.602085143350000018e-04
4.452649869680000254e-03
1.837170576309999845e-02
4.977555748624999665e-02
9.232913408649999487e-02
1.113705473500000015e-01
9.880900666099999563e-02
6.517883000299999618e-02
3.437228496960000046e-02
1.487836663769999922e-02
5.882565884750000015e-03
2.588328989284999822e-03
7.964089197799999621e-04
1.810020272225000104e-04
3.620040544455000277e-05
1.810020272225000036e-05
1.810020272225000036e-05
0.000000000000000000e+00
0.000000000000000000e+00
0.000000000000000000e+00
0.000000000000000000e+00
0.000000000000000000e+00
0.000000000000000000e+00
0.000000000000000000e+00
0.000000000000000000e+00
0.000000000000000000e+00
0.000000000000000000e+00
0.000000000000000000e+00
0.000000000000000000e+00
0.000000000000000000e+00
0.000000000000000000e+00
0.000000000000000000e+00
0.000000000000000000e+00
1.810020272225000036e-05
1.810020272225000036e-05
3.620040544455000277e-05
1.810020272225000104e-04
7.964089197799999621e-04
2.588328989284999822e-03
5.882565884750000015e-03
1.487836663769999922e-02
3.437228496960000046e-02
6.517883000299999618e-02
9.880900666099999563e-02
1.113705473500000015e-01
9.232913408649999487e-02
4.977555748624999665e-02
1.837170576309999845e-02
4.452649869680000254e-03
7.602085143350000018e-04
1.810020272225000104e-04
0.000000000000000000e+00
0.000000000000000000e+00
0.000000000000000000e+00
0.000000000000000000e+00
