6.000000000000000000e+01
0.000000000000000000e+00
0.000000000000000000e+00
0.000000000000000000e+00
0.000000000000000000e+00
1.810020272225000036e-05
3.620040544455000277e-05
3.620040544455000277e-05
3.439038517230000205e-04
1.031711555170000075e-03
2.226324934840000127e-03
4.814653924124999949e-03
1.057051838980000054e-02
1.820880393859999891e-02
2.651679698815000152e-02
3.909643788009999760e-02
5.263538951650000020e-02
6.729655372149999371e-02
7.788517231399999519e-02
7.404792933699999580e-02
6.047277729500000198e-02
3.726831740514999908e-02
1.772009846510000028e-02
6.787576020849999704e-03
2.153924123950000206e-03
5.792064871149999990e-04
2.534028381120000052e-04
0.000000000000000000e+00
0.000000000000000000e+00
0.000000000000000000e+00
0.000000000000000000e+00
0.000000000000000000e+00
0.000000000000000000e+00
0.000000000000000000e+00
0.000000000000000000e+00
2.534028381120000052e-04
5.792064871149999990e-04
2.153924123950000206e-03
6.787576020849999704e-03
1.772009846510000028e-02
3.726831740514999908e-02
6.047277729500000198e-02
7.404792933699999580e-02
7.788517231399999519e-02
6.729655372149999371e-02
5.263538951650000020e-02
3.909643788009999760e-02
2.651679698815000152e-02
1.820880393859999891e-02
1.057051838980000054e-02
4.814653924124999949e-03
2.226324934840000127e-03
1.031711555170000075e-03
3.439038517230000205e-04
3.620040544455000277e-05
3.620040544455000277e-05
1.810020272225000036e-05
0.000000000000000000e+00
0.000000000000000000e+00
0.000000000000000000e+00
0.000000000000000000e+00
