6.000000000000000000e+01
0.000000000000000000e+00
0.000000000000000000e+00
0.000000000000000000e+00
0.000000000000000000e+00
0.000000000000000000e+00
0.000000000000000000e+00
0.000000000000000000e+00
0.000000000000000000e+00
0.000000000000000000e+00
3.620040544455000277e-05
7.240081088900000145e-05
2.353026353894999980e-04
4.525050680569999957e-04
1.176513176949999916e-03
2.316825948450000183e-03
3.963944396175000419e-03
7.402982913400000392e-03
1.457066319144999927e-02
2.378366637705000078e-02
3.942224152909999668e-02
5.882565884749999668e-02
8.123370981749999942e-02
8.756878077049999598e-02
7.788517231399999519e-02
5.611062843899999875e-02
3.019113814075000124e-02
1.156602953955000040e-02
2.678830002894999878e-03
4.525050680569999957e-04
5.430060816680000652e-05
5.430060816680000652e-05
4.525050680569999957e-04
2.678830002894999878e-03
1.156602953955000040e-02
3.019113814075000124e-02
5.611062843899999875e-02
7.788517231399999519e-02
8.756878077049999598e-02
8.123370981749999942e-02
5.882565884749999668e-02
3.942224152909999668e-02
2.378366637705000078e-02
1.457066319144999927e-02
7.402982913400000392e-03
3.963944396175000419e-03
2.316825948450000183e-03
1.176513176949999916e-03
4.525050680569999957e-04
2.353026353894999980e-04
7.240081088900000145e-05
3.620040544455000277e-05
0.000000000000000000e+00
0.000000000000000000e+00
0.000000000000000000e+00
0.000000000000000000e+00
0.000000000000000000e+00
0.000000000000000000e+00
0.000000000000000000e+00
0.000000000000000000e+00
0.000000000000000000e+00
