6.000000000000000000e+01
0.000000000000000000e+00
0.000000000000000000e+00
0.000000000000000000e+00
0.000000000000000000e+00
0.000000000000000000e+00
0.000000000000000000e+00
0.000000000000000000e+00
0.000000000000000000e+00
0.000000000000000000e+00
0.000000000000000000e+00
0.000000000000000000e+00
1.810020272225000036e-05
7.240081088900000145e-05
2.715030408340000055e-04
7.964089197799999621e-04
2.353026353894999926e-03
6.117868520149999725e-03
1.391905589344999937e-02
3.096944685779999887e-02
5.317839559800000004e-02
8.047350130300000293e-02
9.712568780749999964e-02
9.392195192600000242e-02
6.575803649000000473e-02
3.576600057919999964e-02
1.404575731250000056e-02
4.253547639735000101e-03
8.326093252250000307e-04
1.086012163334999954e-04
1.810020272225000036e-05
1.810020272225000036e-05
1.086012163334999954e-04
8.326093252250000307e-04
4.253547639735000101e-03
1.404575731250000056e-02
3.576600057919999964e-02
6.575803649000000473e-02
9.392195192600000242e-02
9.712568780749999964e-02
8.047350130300000293e-02
5.317839559800000004e-02
3.096944685779999887e-02
1.391905589344999937e-02
6.117868520149999725e-03
2.353026353894999926e-03
7.964089197799999621e-04
2.715030408340000055e-04
7.240081088900000145e-05
1.810020272225000036e-05
0.000000000000000000e+00
0.000000000000000000e+00
0.000000000000000000e+00
0.000000000000000000e+00
0.000000000000000000e+00
0.000000000000000000e+00
0.000000000000000000e+00
0.000000000000000000e+00
0.000000000000000000e+00
0.000000000000000000e+00
0.000000000000000000e+00
