6.000000000000000000e+01
0.000000000000000000e+00
0.000000000000000000e+00
0.000000000000000000e+00
3.620040544455000277e-05
3.801042571675000009e-04
2.045322907615000109e-03
1.229003764840000054e-02
3.936794092095000086e-02
9.106211989550000441e-02
1.347560092675000043e-01
1.231899797279999986e-01
6.838256588449999340e-02
2.277005502459999997e-02
4.995655951345000061e-03
5.792064871149999990e-04
1.267014190560000026e-04
1.810020272225000036e-05
0.000000000000000000e+00
0.000000000000000000e+00
0.000000000000000000e+00
0.000000000000000000e+00
0.000000000000000000e+00
0.000000000000000000e+00
0.000000000000000000e+00
0.000000000000000000e+00
0.000000000000000000e+00
0.000000000000000000e+00
0.000000000000000000e+00
0.000000000000000000e+00
0.000000000000000000e+00
0.000000000000000000e+00
0.000000000000000000e+00
0.000000000000000000e+00
0.000000000000000000e+00
0.000000000000000000e+00
0.000000000000000000e+00
0.000000000000000000e+00
0.000000000000000000e+00
0.000000000000000000e+00
0.000000000000000000e+00
0.000000000000000000e+00
0.000000000000000000e+00
0.000000000000000000e+00
1.810020272225000036e-05
1.267014190560000026e-04
5.792064871149999990e-04
4.995655951345000061e-03
2.277005502459999997e-02
6.838256588449999340e-02
1.231899797279999986e-01
1.347560092675000043e-01
9.106211989550000441e-02
3.936794092095000086e-02
1.229003764840000054e-02
2.045322907615000109e-03
3.801042571675000009e-04
3.620040544455000277e-05
0.000000000000000000e+00
0.000000000000000000e+00
0.000000000000000000e+00
