6.000000000000000000e+01
0.000000000000000000e+00
0.000000000000000000e+00
0.000000000000000000e+00
0.000000000000000000e+00
0.000000000000000000e+00
0.000000000000000000e+00
0.000000000000000000e+00
0.000000000000000000e+00
3.620040544455000277e-05
5.430060816700000117e-05
3.620040544455000006e-04
1.701419055895000022e-03
4.416449464234999643e-03
9.864610483649999609e-03
1.954821894004999880e-02
3.357587604980000195e-02
5.106067187950000252e-02
6.718795250499999538e-02
7.850057920649999854e-02
8.150521285850000075e-02
6.666304662600000541e-02
4.394729220964999766e-02
2.534028381120000117e-02
1.102302345785000082e-02
4.036345207064999906e-03
9.412105415600000198e-04
1.991022299449999905e-04
1.810020272225000036e-05
0.000000000000000000e+00
1.810020272225000036e-05
1.810020272225000036e-05
0.000000000000000000e+00
1.810020272225000036e-05
1.991022299449999905e-04
9.412105415600000198e-04
4.036345207064999906e-03
1.102302345785000082e-02
2.534028381120000117e-02
4.394729220964999766e-02
6.666304662600000541e-02
8.150521285850000075e-02
7.850057920649999854e-02
6.718795250499999538e-02
5.106067187950000252e-02
3.357587604980000195e-02
1.954821894004999880e-02
9.864610483649999609e-03
4.416449464234999643e-03
1.701419055895000022e-03
3.620040544455000006e-04
5.430060816700000117e-05
3.620040544455000277e-05
0.000000000000000000e+00
0.000000000000000000e+00
0.000000000000000000e+00
0.000000000000000000e+00
0.000000000000000000e+00
0.000000000000000000e+00
0.000000000000000000e+00
0.000000000000000000e+00
