6.000000000000000000e+01
0.000000000000000000e+00
1.810020272225000036e-05
1.267014190560000026e-04
3.620040544455000006e-04
1.520417028670000004e-03
6.588473790900000078e-03
1.951201853459999871e-02
4.910584998550000108e-02
9.102591949049999853e-02
1.159679988414999974e-01
1.076057051840000056e-01
6.787576020850000225e-02
2.894222415290000072e-02
8.488995076749999633e-03
2.334926151174999791e-03
3.982044598899999810e-04
1.086012163334999954e-04
1.810020272225000036e-05
0.000000000000000000e+00
0.000000000000000000e+00
0.000000000000000000e+00
0.000000000000000000e+00
0.000000000000000000e+00
0.000000000000000000e+00
0.000000000000000000e+00
0.000000000000000000e+00
0.000000000000000000e+00
0.000000000000000000e+00
0.000000000000000000e+00
0.000000000000000000e+00
0.000000000000000000e+00
0.000000000000000000e+00
0.000000000000000000e+00
0.000000000000000000e+00
0.000000000000000000e+00
0.000000000000000000e+00
0.000000000000000000e+00
0.000000000000000000e+00
0.000000000000000000e+00
0.000000000000000000e+00
0.000000000000000000e+00
0.000000000000000000e+00
1.810020272225000036e-05
1.086012163334999954e-04
3.982044598899999810e-04
2.334926151174999791e-03
8.488995076749999633e-03
2.894222415290000072e-02
6.787576020850000225e-02
1.076057051840000056e-01
1.159679988414999974e-01
9.102591949049999853e-02
4.910584998550000108e-02
1.951201853459999871e-02
6.588473790900000078e-03
1.520417028670000004e-03
3.620040544455000006e-04
1.267014190560000026e-04
1.810020272225000036e-05
0.000000000000000000e+00
