6.000000000000000000e+01
0.000000000000000000e+00
0.000000000000000000e+00
0.000000000000000000e+00
0.000000000000000000e+00
5.430060816700000117e-05
5.792064871149999990e-04
3.746741963510000131e-03
1.703229076164999856e-02
4.438169707499999700e-02
8.018389805950000560e-02
9.768679409199999830e-02
8.619316536349999613e-02
5.855415580650000229e-02
3.431798436140000297e-02
1.857080799305000154e-02
1.190993339125000043e-02
8.760498117599999426e-03
6.678974804500000320e-03
5.991167101050000332e-03
4.344048653345000156e-03
3.185635679119999848e-03
2.823631624675000153e-03
2.371126556615000061e-03
2.986533449175000129e-03
3.547639733564999977e-03
3.004633651894999830e-03
2.172024326669999908e-03
7.421083116149999751e-04
1.629018245005000101e-04
1.810020272225000036e-05
1.810020272225000036e-05
1.629018245005000101e-04
7.421083116149999751e-04
2.172024326669999908e-03
3.004633651894999830e-03
3.547639733564999977e-03
2.986533449175000129e-03
2.371126556615000061e-03
2.823631624675000153e-03
3.185635679119999848e-03
4.344048653345000156e-03
5.991167101050000332e-03
6.678974804500000320e-03
8.760498117599999426e-03
1.190993339125000043e-02
1.857080799305000154e-02
3.431798436140000297e-02
5.855415580650000229e-02
8.619316536349999613e-02
9.768679409199999830e-02
8.018389805950000560e-02
4.438169707499999700e-02
1.703229076164999856e-02
3.746741963510000131e-03
5.792064871149999990e-04
5.430060816700000117e-05
0.000000000000000000e+00
0.000000000000000000e+00
0.000000000000000000e+00
0.000000000000000000e+00
