6.000000000000000000e+01
0.000000000000000000e+00
0.000000000000000000e+00
0.000000000000000000e+00
0.000000000000000000e+00
1.810020272225000036e-05
7.240081088900000145e-05
3.620040544455000006e-04
1.411815812334999906e-03
5.230958586750000111e-03
1.125832609325000053e-02
2.137633941500000079e-02
3.869823342019999834e-02
5.287069215199999977e-02
6.092528236300000233e-02
6.358601216350000251e-02
5.945916594250000298e-02
5.129597451500000210e-02
4.322328410080000100e-02
3.359397625254999936e-02
2.403706921520000137e-02
1.697799015349999927e-02
8.452794671299999549e-03
4.181146828844999747e-03
1.864320880394999998e-03
6.516072980000000127e-04
3.439038517230000205e-04
5.430060816700000117e-05
0.000000000000000000e+00
5.430060816700000117e-05
0.000000000000000000e+00
0.000000000000000000e+00
5.430060816700000117e-05
0.000000000000000000e+00
5.430060816700000117e-05
3.439038517230000205e-04
6.516072980000000127e-04
1.864320880394999998e-03
4.181146828844999747e-03
8.452794671299999549e-03
1.697799015349999927e-02
2.403706921520000137e-02
3.359397625254999936e-02
4.322328410080000100e-02
5.129597451500000210e-02
5.945916594250000298e-02
6.358601216350000251e-02
6.092528236300000233e-02
5.287069215199999977e-02
3.869823342019999834e-02
2.137633941500000079e-02
1.125832609325000053e-02
5.230958586750000111e-03
1.411815812334999906e-03
3.620040544455000006e-04
7.240081088900000145e-05
1.810020272225000036e-05
0.000000000000000000e+00
0.000000000000000000e+00
0.000000000000000000e+00
0.000000000000000000e+00
