6.000000000000000000e+01
1.810020272225000036e-05
1.810020272225000036e-05
0.000000000000000000e+00
7.240081088900000145e-05
1.086012163334999954e-04
4.706052707789999960e-04
1.936721691284999918e-03
7.565884737899999934e-03
2.774761077325000116e-02
6.164929047199999707e-02
9.732479003749999746e-02
1.038408630175000069e-01
8.378583840150000128e-02
5.229148566450000229e-02
2.952143063999999872e-02
1.482406602954999993e-02
8.398494063150000258e-03
4.941355343179999748e-03
2.443527367504999982e-03
1.321314798725000067e-03
9.593107442800000466e-04
3.439038517230000205e-04
2.172024326669999908e-04
1.810020272225000104e-04
1.810020272225000036e-05
0.000000000000000000e+00
0.000000000000000000e+00
0.000000000000000000e+00
0.000000000000000000e+00
0.000000000000000000e+00
0.000000000000000000e+00
0.000000000000000000e+00
0.000000000000000000e+00
0.000000000000000000e+00
0.000000000000000000e+00
1.810020272225000036e-05
1.810020272225000104e-04
2.172024326669999908e-04
3.439038517230000205e-04
9.593107442800000466e-04
1.321314798725000067e-03
2.443527367504999982e-03
4.941355343179999748e-03
8.398494063150000258e-03
1.482406602954999993e-02
2.952143063999999872e-02
5.229148566450000229e-02
8.378583840150000128e-02
1.038408630175000069e-01
9.732479003749999746e-02
6.164929047199999707e-02
2.774761077325000116e-02
7.565884737899999934e-03
1.936721691284999918e-03
4.706052707789999960e-04
1.086012163334999954e-04
7.240081088900000145e-05
0.000000000000000000e+00
1.810020272225000036e-05
1.810020272225000036e-05
