6.000000000000000000e+01
0.000000000000000000e+00
0.000000000000000000e+00
0.000000000000000000e+00
0.000000000000000000e+00
0.000000000000000000e+00
0.000000000000000000e+00
0.000000000000000000e+00
0.000000000000000000e+00
0.000000000000000000e+00
0.000000000000000000e+00
1.810020272225000036e-05
9.050101361149999512e-05
6.516072980000000127e-04
1.194613379670000052e-03
3.511439328119999800e-03
8.706197509400000201e-03
1.838980596584999933e-02
3.404648132060000137e-02
6.119678540399999672e-02
9.055531421949999937e-02
1.038951636260000005e-01
9.289024037050000460e-02
5.754054445400000328e-02
2.181074428035000012e-02
4.814653924124999949e-03
6.516072980000000127e-04
1.810020272225000036e-05
1.810020272225000036e-05
0.000000000000000000e+00
0.000000000000000000e+00
0.000000000000000000e+00
0.000000000000000000e+00
1.810020272225000036e-05
1.810020272225000036e-05
6.516072980000000127e-04
4.814653924124999949e-03
2.181074428035000012e-02
5.754054445400000328e-02
9.289024037050000460e-02
1.038951636260000005e-01
9.055531421949999937e-02
6.119678540399999672e-02
3.404648132060000137e-02
1.838980596584999933e-02
8.706197509400000201e-03
3.511439328119999800e-03
1.194613379670000052e-03
6.516072980000000127e-04
9.050101361149999512e-05
1.810020272225000036e-05
0.000000000000000000e+00
0.000000000000000000e+00
0.000000000000000000e+00
0.000000000000000000e+00
0.000000000000000000e+00
0.000000000000000000e+00
0.000000000000000000e+00
0.000000000000000000e+00
0.000000000000000000e+00
0.000000000000000000e+00
