6.000000000000000000e+01
3.620040544455000277e-05
5.430060816680000652e-05
3.620040544450000072e-05
1.810020272225000036e-05
1.810020272225000036e-05
5.430060816700000117e-05
5.430060816680000652e-05
5.430060816680000652e-05
2.715030408340000055e-04
3.801042571675000009e-04
4.344048653345000156e-04
6.516072980000000127e-04
6.878077034449999730e-04
4.344048653345000156e-04
5.611062843899999571e-04
4.706052707789999960e-04
3.258036490010000202e-04
7.059079061700000149e-04
7.964089197799999621e-04
1.810020272227250149e-03
3.402838111785000137e-03
5.086156964972249339e-03
9.375905010155999655e-03
1.538517231393950017e-02
2.680640023170500000e-02
4.754923255138999993e-02
7.412033014773500295e-02
9.535186794080000028e-02
1.061576889659999884e-01
1.089089197797999953e-01
1.089089197797999953e-01
1.061576889659999884e-01
9.535186794080000028e-02
7.412033014773500295e-02
4.754923255138999993e-02
2.680640023170500000e-02
1.538517231393950017e-02
9.375905010155999655e-03
5.086156964972249339e-03
3.402838111785000137e-03
1.810020272227250149e-03
7.964089197799999621e-04
7.059079061700000149e-04
3.258036490010000202e-04
4.706052707789999960e-04
5.611062843899999571e-04
4.344048653345000156e-04
6.878077034449999730e-04
6.516072980000000127e-04
4.344048653345000156e-04
3.801042571675000009e-04
2.715030408340000055e-04
5.430060816680000652e-05
5.430060816680000652e-05
5.430060816700000117e-05
1.810020272225000036e-05
1.810020272225000036e-05
3.620040544450000072e-05
5.430060816680000652e-05
3.620040544455000277e-05
