6.000000000000000000e+01
5.430060816680000652e-05
2.715030408340499872e-04
7.421083116149999751e-04
2.914132638285000208e-03
1.120402548509999950e-02
3.717781639155000317e-02
9.035621198972225432e-02
1.373805386620000069e-01
1.263032145959999963e-01
6.856356791199999523e-02
2.054373008980000040e-02
3.909643788010000107e-03
5.611062843899999571e-04
0.000000000000000000e+00
1.810020272225000036e-05
0.000000000000000000e+00
0.000000000000000000e+00
0.000000000000000000e+00
0.000000000000000000e+00
0.000000000000000000e+00
0.000000000000000000e+00
0.000000000000000000e+00
0.000000000000000000e+00
0.000000000000000000e+00
0.000000000000000000e+00
0.000000000000000000e+00
0.000000000000000000e+00
0.000000000000000000e+00
0.000000000000000000e+00
0.000000000000000000e+00
0.000000000000000000e+00
0.000000000000000000e+00
0.000000000000000000e+00
0.000000000000000000e+00
0.000000000000000000e+00
0.000000000000000000e+00
0.000000000000000000e+00
0.000000000000000000e+00
0.000000000000000000e+00
0.000000000000000000e+00
0.000000000000000000e+00
0.000000000000000000e+00
0.000000000000000000e+00
0.000000000000000000e+00
0.000000000000000000e+00
1.810020272225000036e-05
0.000000000000000000e+00
5.611062843899999571e-04
3.909643788010000107e-03
2.054373008980000040e-02
6.856356791199999523e-02
1.263032145959999963e-01
1.373805386620000069e-01
9.035621198972225432e-02
3.717781639155000317e-02
1.120402548509999950e-02
2.914132638285000208e-03
7.421083116149999751e-04
2.715030408340499872e-04
5.430060816680000652e-05
