6.000000000000000000e+01
7.710686359689999589e-03
1.238053866205499932e-02
1.891471184476999773e-02
3.002823631626699852e-02
4.459889950766150052e-02
6.405661743422225163e-02
8.126991022322224700e-02
8.508905299749999762e-02
7.325152041722224339e-02
4.745873153780000298e-02
2.186504488849999941e-02
8.199391833200000632e-03
2.280625543005000005e-03
9.050101361149999512e-04
6.154068925550000525e-04
5.792064871149999990e-04
3.801042571675000009e-04
2.715030408340000055e-04
1.086012163334999954e-04
1.810020272225000036e-05
1.810020272225000036e-05
0.000000000000000000e+00
0.000000000000000000e+00
0.000000000000000000e+00
0.000000000000000000e+00
0.000000000000000000e+00
0.000000000000000000e+00
0.000000000000000000e+00
0.000000000000000000e+00
0.000000000000000000e+00
0.000000000000000000e+00
0.000000000000000000e+00
0.000000000000000000e+00
0.000000000000000000e+00
0.000000000000000000e+00
0.000000000000000000e+00
0.000000000000000000e+00
0.000000000000000000e+00
0.000000000000000000e+00
1.810020272225000036e-05
1.810020272225000036e-05
1.086012163334999954e-04
2.715030408340000055e-04
3.801042571675000009e-04
5.792064871149999990e-04
6.154068925550000525e-04
9.050101361149999512e-04
2.280625543005000005e-03
8.199391833200000632e-03
2.186504488849999941e-02
4.745873153780000298e-02
7.325152041722224339e-02
8.508905299749999762e-02
8.126991022322224700e-02
6.405661743422225163e-02
4.459889950766150052e-02
3.002823631626699852e-02
1.891471184476999773e-02
1.238053866205499932e-02
7.710686359689999589e-03
