6.000000000000000000e+01
1.867940920939999833e-02
3.001013611351499924e-02
5.542282073583500168e-02
7.685346075889000483e-02
8.527005502455600738e-02
7.656385751516699145e-02
6.170359108016700012e-02
4.499710396757224812e-02
2.743990732697224738e-02
1.381045467710000085e-02
6.208369533749999968e-03
2.099623515784999894e-03
5.430060816700000388e-04
2.896032435564999856e-04
3.620040544455000277e-05
7.240081088900000145e-05
0.000000000000000000e+00
0.000000000000000000e+00
0.000000000000000000e+00
0.000000000000000000e+00
0.000000000000000000e+00
0.000000000000000000e+00
0.000000000000000000e+00
0.000000000000000000e+00
0.000000000000000000e+00
0.000000000000000000e+00
0.000000000000000000e+00
0.000000000000000000e+00
0.000000000000000000e+00
0.000000000000000000e+00
0.000000000000000000e+00
0.000000000000000000e+00
0.000000000000000000e+00
0.000000000000000000e+00
0.000000000000000000e+00
0.000000000000000000e+00
0.000000000000000000e+00
0.000000000000000000e+00
0.000000000000000000e+00
0.000000000000000000e+00
0.000000000000000000e+00
0.000000000000000000e+00
0.000000000000000000e+00
0.000000000000000000e+00
7.240081088900000145e-05
3.620040544455000277e-05
2.896032435564999856e-04
5.430060816700000388e-04
2.099623515784999894e-03
6.208369533749999968e-03
1.381045467710000085e-02
2.743990732697224738e-02
4.499710396757224812e-02
6.170359108016700012e-02
7.656385751516699145e-02
8.527005502455600738e-02
7.685346075889000483e-02
5.542282073583500168e-02
3.001013611351499924e-02
1.867940920939999833e-02
