6.000000000000000000e+01
0.000000000000000000e+00
0.000000000000000000e+00
0.000000000000000000e+00
0.000000000000000000e+00
0.000000000000000000e+00
0.000000000000000000e+00
0.000000000000000000e+00
0.000000000000000000e+00
0.000000000000000000e+00
0.000000000000000000e+00
0.000000000000000000e+00
1.810020272225000036e-05
1.810020272225000036e-05
0.000000000000000000e+00
7.240081088900000145e-05
2.534028381120000052e-04
6.154068925550000525e-04
1.212713582389999970e-03
2.823631624675000153e-03
4.470750072399999955e-03
6.896177237199999956e-03
1.207283521574999997e-02
2.586518969010000168e-02
5.124167390650000153e-02
7.654575731250000403e-02
9.354184766850000277e-02
9.001230813783350770e-02
6.731465392394500591e-02
4.101505936869000168e-02
2.600999131189999855e-02
2.600999131189999855e-02
4.101505936869000168e-02
6.731465392394500591e-02
9.001230813783350770e-02
9.354184766850000277e-02
7.654575731250000403e-02
5.124167390650000153e-02
2.586518969010000168e-02
1.207283521574999997e-02
6.896177237199999956e-03
4.470750072399999955e-03
2.823631624675000153e-03
1.212713582389999970e-03
6.154068925550000525e-04
2.534028381120000052e-04
7.240081088900000145e-05
0.000000000000000000e+00
1.810020272225000036e-05
1.810020272225000036e-05
0.000000000000000000e+00
0.000000000000000000e+00
0.000000000000000000e+00
0.000000000000000000e+00
0.000000000000000000e+00
0.000000000000000000e+00
0.000000000000000000e+00
0.000000000000000000e+00
0.000000000000000000e+00
0.000000000000000000e+00
0.000000000000000000e+00
