6.000000000000000000e+01
8.018389805965000366e-03
8.326093252269999717e-03
9.792209672755000649e-03
9.538806834614999008e-03
1.004561251086500025e-02
1.107732406603000042e-02
9.556907037380000039e-03
9.339704604675000063e-03
8.706197509409999147e-03
7.185780480734999670e-03
5.049956559510000373e-03
2.298725745730000047e-03
1.683318853174999886e-03
1.647118447725000020e-03
2.660729800175999811e-03
2.859832030119999896e-03
5.411960613949999728e-03
8.090790616850000380e-03
1.120402548509999950e-02
2.003692441355000090e-02
2.771141036780000108e-02
3.858963220389999976e-02
4.706052707789999678e-02
5.183898059650000195e-02
5.120547350150000260e-02
4.411019403419455531e-02
3.569359976831699977e-02
2.427237185058499919e-02
1.536707211118999890e-02
1.162033014769000075e-02
1.162033014769000075e-02
1.536707211118999890e-02
2.427237185058499919e-02
3.569359976831699977e-02
4.411019403419455531e-02
5.120547350150000260e-02
5.183898059650000195e-02
4.706052707789999678e-02
3.858963220389999976e-02
2.771141036780000108e-02
2.003692441355000090e-02
1.120402548509999950e-02
8.090790616850000380e-03
5.411960613949999728e-03
2.859832030119999896e-03
2.660729800175999811e-03
1.647118447725000020e-03
1.683318853174999886e-03
2.298725745730000047e-03
5.049956559510000373e-03
7.185780480734999670e-03
8.706197509409999147e-03
9.339704604675000063e-03
9.556907037380000039e-03
1.107732406603000042e-02
1.004561251086500025e-02
9.538806834614999008e-03
9.792209672755000649e-03
8.326093252269999717e-03
8.018389805965000366e-03
