6.000000000000000000e+01
0.000000000000000000e+00
0.000000000000000000e+00
0.000000000000000000e+00
0.000000000000000000e+00
0.000000000000000000e+00
0.000000000000000000e+00
0.000000000000000000e+00
1.810020272225000036e-05
0.000000000000000000e+00
0.000000000000000000e+00
0.000000000000000000e+00
0.000000000000000000e+00
1.448016217780000029e-04
3.258036490010000202e-04
1.303214596004999932e-03
4.253547639735000101e-03
1.029901534895000074e-02
2.273385461914999989e-02
3.927743990734999802e-02
5.565812337099999840e-02
7.044598899500000011e-02
7.384882710699999797e-02
7.084419345499999576e-02
6.085288155250000164e-02
4.543150883290000136e-02
2.640819577180000127e-02
1.265204170284999971e-02
4.253547639735000101e-03
1.122212568779999914e-03
1.267014190557499856e-04
1.267014190557499856e-04
1.122212568779999914e-03
4.253547639735000101e-03
1.265204170284999971e-02
2.640819577180000127e-02
4.543150883290000136e-02
6.085288155250000164e-02
7.084419345499999576e-02
7.384882710699999797e-02
7.044598899500000011e-02
5.565812337099999840e-02
3.927743990734999802e-02
2.273385461914999989e-02
1.029901534895000074e-02
4.253547639735000101e-03
1.303214596004999932e-03
3.258036490010000202e-04
1.448016217780000029e-04
0.000000000000000000e+00
0.000000000000000000e+00
0.000000000000000000e+00
0.000000000000000000e+00
1.810020272225000036e-05
0.000000000000000000e+00
0.000000000000000000e+00
0.000000000000000000e+00
0.000000000000000000e+00
0.000000000000000000e+00
0.000000000000000000e+00
0.000000000000000000e+00
