6.000000000000000000e+01
1.810020272225000036e-05
1.810020272225000104e-04
5.430060816700000388e-04
2.443527367504999982e-03
9.122502172000000395e-03
3.375687807705000237e-02
8.550535766000000315e-02
1.365117289314999871e-01
1.304119606140000109e-01
7.272661453800000064e-02
2.418187083695000003e-02
4.163046626119999705e-03
3.982044598899999810e-04
1.810020272225000036e-05
1.810020272225000036e-05
0.000000000000000000e+00
0.000000000000000000e+00
0.000000000000000000e+00
0.000000000000000000e+00
0.000000000000000000e+00
0.000000000000000000e+00
0.000000000000000000e+00
0.000000000000000000e+00
0.000000000000000000e+00
0.000000000000000000e+00
0.000000000000000000e+00
0.000000000000000000e+00
0.000000000000000000e+00
0.000000000000000000e+00
0.000000000000000000e+00
0.000000000000000000e+00
0.000000000000000000e+00
0.000000000000000000e+00
0.000000000000000000e+00
0.000000000000000000e+00
0.000000000000000000e+00
0.000000000000000000e+00
0.000000000000000000e+00
0.000000000000000000e+00
0.000000000000000000e+00
0.000000000000000000e+00
0.000000000000000000e+00
0.000000000000000000e+00
0.000000000000000000e+00
0.000000000000000000e+00
1.810020272225000036e-05
1.810020272225000036e-05
3.982044598899999810e-04
4.163046626119999705e-03
2.418187083695000003e-02
7.272661453800000064e-02
1.304119606140000109e-01
1.365117289314999871e-01
8.550535766000000315e-02
3.375687807705000237e-02
9.122502172000000395e-03
2.443527367504999982e-03
5.430060816700000388e-04
1.810020272225000104e-04
1.810020272225000036e-05
