6.000000000000000000e+01
2.412757022874999907e-02
3.144005212860000176e-02
4.481610194035000327e-02
5.795684911670000161e-02
6.599333912540000791e-02
7.180350419945000229e-02
6.834636547919999139e-02
5.831885317139999525e-02
3.882493483926000022e-02
2.023602664348499863e-02
1.004561251085999904e-02
4.615551694179999796e-03
1.755719664059500083e-03
9.050101361154999852e-04
4.706052707790000502e-04
1.810020272229999902e-04
1.086012163337499989e-04
0.000000000000000000e+00
1.810020272225000036e-05
3.620040544450000072e-05
0.000000000000000000e+00
0.000000000000000000e+00
0.000000000000000000e+00
0.000000000000000000e+00
0.000000000000000000e+00
0.000000000000000000e+00
0.000000000000000000e+00
0.000000000000000000e+00
0.000000000000000000e+00
0.000000000000000000e+00
0.000000000000000000e+00
0.000000000000000000e+00
0.000000000000000000e+00
0.000000000000000000e+00
0.000000000000000000e+00
0.000000000000000000e+00
0.000000000000000000e+00
0.000000000000000000e+00
0.000000000000000000e+00
0.000000000000000000e+00
3.620040544450000072e-05
1.810020272225000036e-05
0.000000000000000000e+00
1.086012163337499989e-04
1.810020272229999902e-04
4.706052707790000502e-04
9.050101361154999852e-04
1.755719664059500083e-03
4.615551694179999796e-03
1.004561251085999904e-02
2.023602664348499863e-02
3.882493483926000022e-02
5.831885317139999525e-02
6.834636547919999139e-02
7.180350419945000229e-02
6.599333912540000791e-02
5.795684911670000161e-02
4.481610194035000327e-02
3.144005212860000176e-02
2.412757022874999907e-02
