6.000000000000000000e+01
9.267303793785000576e-03
8.488995076769999260e-03
9.900810889084999539e-03
9.394005212884999970e-03
1.042571676801999983e-02
1.225383724298500024e-02
1.263394150013500035e-02
1.277874312192500000e-02
1.114972487692850005e-02
7.004778453500499873e-03
4.561251086014549323e-03
3.149435273674549944e-03
2.135823921227250101e-03
1.719519258614999940e-03
1.538517231394550102e-03
1.248913987834999930e-03
1.918621488560000093e-03
3.040834057342000143e-03
5.013756154067249698e-03
8.941500144822251209e-03
1.543947292207225111e-02
2.499637995945000121e-02
3.934984071820000345e-02
5.133217492022224687e-02
5.848175499544455008e-02
5.786634810327799527e-02
4.675282363164000310e-02
3.223646104834499565e-02
2.137633941499499785e-02
1.560237474655000109e-02
1.560237474655000109e-02
2.137633941499499785e-02
3.223646104834499565e-02
4.675282363164000310e-02
5.786634810327799527e-02
5.848175499544455008e-02
5.133217492022224687e-02
3.934984071820000345e-02
2.499637995945000121e-02
1.543947292207225111e-02
8.941500144822251209e-03
5.013756154067249698e-03
3.040834057342000143e-03
1.918621488560000093e-03
1.248913987834999930e-03
1.538517231394550102e-03
1.719519258614999940e-03
2.135823921227250101e-03
3.149435273674549944e-03
4.561251086014549323e-03
7.004778453500499873e-03
1.114972487692850005e-02
1.277874312192500000e-02
1.263394150013500035e-02
1.225383724298500024e-02
1.042571676801999983e-02
9.394005212884999970e-03
9.900810889084999539e-03
8.488995076769999260e-03
9.267303793785000576e-03
