6.000000000000000000e+01
5.004706052704999825e-02
4.867144512019999647e-02
4.445409788590000411e-02
4.135896322040000239e-02
3.831812916304999650e-02
3.303286996812999921e-02
2.561178685199999930e-02
2.065233130610500192e-02
1.257964089199500000e-02
7.475383724289999879e-03
5.448161019405000152e-03
3.040834057340000007e-03
1.828120474949999821e-03
1.828120474951999957e-03
1.918621488559000025e-03
1.828120474951999957e-03
2.968433246452250023e-03
4.344048653344549996e-03
6.751375615399999620e-03
9.068201563849999369e-03
1.399145670429999960e-02
1.869750941210000100e-02
2.088763394149999869e-02
2.143064002315000008e-02
1.840790616857224810e-02
1.498696785403899959e-02
1.113162467420050067e-02
8.452794671278499386e-03
6.009267303789999660e-03
4.778453518680000206e-03
4.778453518680000206e-03
6.009267303789999660e-03
8.452794671278499386e-03
1.113162467420050067e-02
1.498696785403899959e-02
1.840790616857224810e-02
2.143064002315000008e-02
2.088763394149999869e-02
1.869750941210000100e-02
1.399145670429999960e-02
9.068201563849999369e-03
6.751375615399999620e-03
4.344048653344549996e-03
2.968433246452250023e-03
1.828120474951999957e-03
1.918621488559000025e-03
1.828120474951999957e-03
1.828120474949999821e-03
3.040834057340000007e-03
5.448161019405000152e-03
7.475383724289999879e-03
1.257964089199500000e-02
2.065233130610500192e-02
2.561178685199999930e-02
3.303286996812999921e-02
3.831812916304999650e-02
4.135896322040000239e-02
4.445409788590000411e-02
4.867144512019999647e-02
5.004706052704999825e-02
