6.000000000000000000e+01
2.188314509119999862e-02
2.009122502170000019e-02
1.746669562700000136e-02
1.281494352738499903e-02
9.882710686374999651e-03
6.896177237184999802e-03
4.669852302345000108e-03
2.877932232840000031e-03
2.407326962059999804e-03
2.099623515783500226e-03
1.810020272228500017e-03
2.316825948448500080e-03
2.298725745728499945e-03
1.755719664061500002e-03
1.574717636835999950e-03
2.172024326672000044e-03
2.371126556615000061e-03
2.823631624673000017e-03
4.561251086011000079e-03
7.240081088883500160e-03
1.129452649870599928e-02
1.889661164205050023e-02
2.664349840718399989e-02
3.730451781061749905e-02
4.564871126558450037e-02
4.704242687519499810e-02
4.847234289025999926e-02
4.977555748622999876e-02
4.324138430349999673e-02
4.166666666665000407e-02
4.166666666665000407e-02
4.324138430349999673e-02
4.977555748622999876e-02
4.847234289025999926e-02
4.704242687519499810e-02
4.564871126558450037e-02
3.730451781061749905e-02
2.664349840718399989e-02
1.889661164205050023e-02
1.129452649870599928e-02
7.240081088883500160e-03
4.561251086011000079e-03
2.823631624673000017e-03
2.371126556615000061e-03
2.172024326672000044e-03
1.574717636835999950e-03
1.755719664061500002e-03
2.298725745728499945e-03
2.316825948448500080e-03
1.810020272228500017e-03
2.099623515783500226e-03
2.407326962059999804e-03
2.877932232840000031e-03
4.669852302345000108e-03
6.896177237184999802e-03
9.882710686374999651e-03
1.281494352738499903e-02
1.746669562700000136e-02
2.009122502170000019e-02
2.188314509119999862e-02
