6.000000000000000000e+01
2.715030408340000055e-04
5.068056762235499581e-04
1.520417028670000004e-03
6.316970750050000284e-03
2.050752968435000032e-02
5.022806255449999840e-02
9.460975962949999540e-02
1.316608746019999887e-01
1.105560382275000003e-01
6.038227628150000248e-02
1.913191427745000034e-02
3.764842166229999832e-03
5.068056762249999701e-04
3.620040544455000277e-05
0.000000000000000000e+00
0.000000000000000000e+00
0.000000000000000000e+00
0.000000000000000000e+00
0.000000000000000000e+00
0.000000000000000000e+00
0.000000000000000000e+00
0.000000000000000000e+00
0.000000000000000000e+00
0.000000000000000000e+00
0.000000000000000000e+00
0.000000000000000000e+00
0.000000000000000000e+00
0.000000000000000000e+00
0.000000000000000000e+00
0.000000000000000000e+00
0.000000000000000000e+00
0.000000000000000000e+00
0.000000000000000000e+00
0.000000000000000000e+00
0.000000000000000000e+00
0.000000000000000000e+00
0.000000000000000000e+00
0.000000000000000000e+00
0.000000000000000000e+00
0.000000000000000000e+00
0.000000000000000000e+00
0.000000000000000000e+00
0.000000000000000000e+00
0.000000000000000000e+00
0.000000000000000000e+00
0.000000000000000000e+00
3.620040544455000277e-05
5.068056762249999701e-04
3.764842166229999832e-03
1.913191427745000034e-02
6.038227628150000248e-02
1.105560382275000003e-01
1.316608746019999887e-01
9.460975962949999540e-02
5.022806255449999840e-02
2.050752968435000032e-02
6.316970750050000284e-03
1.520417028670000004e-03
5.068056762235499581e-04
2.715030408340000055e-04
