6.000000000000000000e+01
0.000000000000000000e+00
0.000000000000000000e+00
0.000000000000000000e+00
0.000000000000000000e+00
0.000000000000000000e+00
0.000000000000000000e+00
0.000000000000000000e+00
0.000000000000000000e+00
0.000000000000000000e+00
0.000000000000000000e+00
0.000000000000000000e+00
0.000000000000000000e+00
0.000000000000000000e+00
0.000000000000000000e+00
1.086012163334999954e-04
4.706052707789999960e-04
1.647118447725000020e-03
7.203880683449999899e-03
2.070663191429999994e-02
4.184766869389999755e-02
6.856356791199999523e-02
8.863669273099999968e-02
9.051911381400000456e-02
7.629235447450000152e-02
5.281639154349999921e-02
3.131335070954999883e-02
1.332174920360000049e-02
4.995655951345000061e-03
1.194613379670000052e-03
3.620040544452500378e-04
3.620040544452500378e-04
1.194613379670000052e-03
4.995655951345000061e-03
1.332174920360000049e-02
3.131335070954999883e-02
5.281639154349999921e-02
7.629235447450000152e-02
9.051911381400000456e-02
8.863669273099999968e-02
6.856356791199999523e-02
4.184766869389999755e-02
2.070663191429999994e-02
7.203880683449999899e-03
1.647118447725000020e-03
4.706052707789999960e-04
1.086012163334999954e-04
0.000000000000000000e+00
0.000000000000000000e+00
0.000000000000000000e+00
0.000000000000000000e+00
0.000000000000000000e+00
0.000000000000000000e+00
0.000000000000000000e+00
0.000000000000000000e+00
0.000000000000000000e+00
0.000000000000000000e+00
0.000000000000000000e+00
0.000000000000000000e+00
0.000000000000000000e+00
0.000000000000000000e+00
