6.000000000000000000e+01
1.203663481029999989e-02
1.154792933679000058e-02
1.038951636256999975e-02
9.068201563855000577e-03
8.307993049544999675e-03
7.620185346069999720e-03
6.570373588201499672e-03
6.172169128278499721e-03
4.398349261511999737e-03
4.126846220677499698e-03
2.027222704892000203e-03
1.429916015061000016e-03
7.240081088910000013e-04
8.869099333924999710e-04
9.955111497259999664e-04
1.556617434117250117e-03
3.601940341732250226e-03
6.208369533749999968e-03
1.238053866204999985e-02
2.128583840140000141e-02
3.332247321170000304e-02
4.544960903559999710e-02
5.614682884450000050e-02
5.538662033016700237e-02
5.272589052999999970e-02
4.441789748044455005e-02
3.534969591657799448e-02
2.260715320010100310e-02
1.419055893427500006e-02
9.068201563835000950e-03
9.068201563835000950e-03
1.419055893427500006e-02
2.260715320010100310e-02
3.534969591657799448e-02
4.441789748044455005e-02
5.272589052999999970e-02
5.538662033016700237e-02
5.614682884450000050e-02
4.544960903559999710e-02
3.332247321170000304e-02
2.128583840140000141e-02
1.238053866204999985e-02
6.208369533749999968e-03
3.601940341732250226e-03
1.556617434117250117e-03
9.955111497259999664e-04
8.869099333924999710e-04
7.240081088910000013e-04
1.429916015061000016e-03
2.027222704892000203e-03
4.126846220677499698e-03
4.398349261511999737e-03
6.172169128278499721e-03
6.570373588201499672e-03
7.620185346069999720e-03
8.307993049544999675e-03
9.068201563855000577e-03
1.038951636256999975e-02
1.154792933679000058e-02
1.203663481029999989e-02
