6.000000000000000000e+01
0.000000000000000000e+00
0.000000000000000000e+00
0.000000000000000000e+00
0.000000000000000000e+00
0.000000000000000000e+00
0.000000000000000000e+00
0.000000000000000000e+00
0.000000000000000000e+00
0.000000000000000000e+00
0.000000000000000000e+00
0.000000000000000000e+00
0.000000000000000000e+00
0.000000000000000000e+00
0.000000000000000000e+00
0.000000000000000000e+00
7.240081088900000145e-05
7.964089197799999621e-04
5.375760208499999644e-03
2.617289313640000156e-02
7.194830582099999428e-02
1.195699391834999931e-01
1.204025485085000041e-01
8.038300028950000342e-02
4.398349261509999775e-02
1.963871995365000164e-02
8.145091224999999671e-03
2.678830002894999878e-03
7.059079061700000149e-04
1.267014190560000026e-04
0.000000000000000000e+00
0.000000000000000000e+00
1.267014190560000026e-04
7.059079061700000149e-04
2.678830002894999878e-03
8.145091224999999671e-03
1.963871995365000164e-02
4.398349261509999775e-02
8.038300028950000342e-02
1.204025485085000041e-01
1.195699391834999931e-01
7.194830582099999428e-02
2.617289313640000156e-02
5.375760208499999644e-03
7.964089197799999621e-04
7.240081088900000145e-05
0.000000000000000000e+00
0.000000000000000000e+00
0.000000000000000000e+00
0.000000000000000000e+00
0.000000000000000000e+00
0.000000000000000000e+00
0.000000000000000000e+00
0.000000000000000000e+00
0.000000000000000000e+00
0.000000000000000000e+00
0.000000000000000000e+00
0.000000000000000000e+00
0.000000000000000000e+00
0.000000000000000000e+00
0.000000000000000000e+00
