6.000000000000000000e+01
2.353026353894999980e-04
4.525050680565499976e-04
2.172024326672250278e-03
8.000289603249999271e-03
2.934042861279999997e-02
7.612945264999999850e-02
1.277874312189999917e-01
1.333622936574999918e-01
8.286272806250000178e-02
3.017303793800000036e-02
7.602085143350000018e-03
1.683318853169999980e-03
1.448016217780000029e-04
3.620040544455000277e-05
1.810020272225000036e-05
0.000000000000000000e+00
0.000000000000000000e+00
0.000000000000000000e+00
0.000000000000000000e+00
0.000000000000000000e+00
0.000000000000000000e+00
0.000000000000000000e+00
0.000000000000000000e+00
0.000000000000000000e+00
0.000000000000000000e+00
0.000000000000000000e+00
0.000000000000000000e+00
0.000000000000000000e+00
0.000000000000000000e+00
0.000000000000000000e+00
0.000000000000000000e+00
0.000000000000000000e+00
0.000000000000000000e+00
0.000000000000000000e+00
0.000000000000000000e+00
0.000000000000000000e+00
0.000000000000000000e+00
0.000000000000000000e+00
0.000000000000000000e+00
0.000000000000000000e+00
0.000000000000000000e+00
0.000000000000000000e+00
0.000000000000000000e+00
0.000000000000000000e+00
0.000000000000000000e+00
1.810020272225000036e-05
3.620040544455000277e-05
1.448016217780000029e-04
1.683318853169999980e-03
7.602085143350000018e-03
3.017303793800000036e-02
8.286272806250000178e-02
1.333622936574999918e-01
1.277874312189999917e-01
7.612945264999999850e-02
2.934042861279999997e-02
8.000289603249999271e-03
2.172024326672250278e-03
4.525050680565499976e-04
2.353026353894999980e-04
