6.000000000000000000e+01
7.240081088910000013e-04
1.647118447727499973e-03
4.742253113234000395e-03
1.382855487981700035e-02
3.122284969592224735e-02
5.564002316822224542e-02
7.375832609349999847e-02
7.001158412949999577e-02
4.613741673905000229e-02
2.304155806544999976e-02
9.086301766600000246e-03
2.769331016504999934e-03
9.955111497249998984e-04
4.706052707789999960e-04
1.629018245005000101e-04
6.335070952799999860e-04
1.248913987834999930e-03
4.325948450624999587e-03
9.556907037349999731e-03
1.786490008690000061e-02
2.705980306979999944e-02
3.232696206200000311e-02
2.848971908484999871e-02
2.204604691574999983e-02
1.133072690415000069e-02
5.755864465699999689e-03
3.040834057339549847e-03
1.194613379668999983e-03
5.430060816680000110e-04
3.439038517230000205e-04
3.439038517230000205e-04
5.430060816680000110e-04
1.194613379668999983e-03
3.040834057339549847e-03
5.755864465699999689e-03
1.133072690415000069e-02
2.204604691574999983e-02
2.848971908484999871e-02
3.232696206200000311e-02
2.705980306979999944e-02
1.786490008690000061e-02
9.556907037349999731e-03
4.325948450624999587e-03
1.248913987834999930e-03
6.335070952799999860e-04
1.629018245005000101e-04
4.706052707789999960e-04
9.955111497249998984e-04
2.769331016504999934e-03
9.086301766600000246e-03
2.304155806544999976e-02
4.613741673905000229e-02
7.001158412949999577e-02
7.375832609349999847e-02
5.564002316822224542e-02
3.122284969592224735e-02
1.382855487981700035e-02
4.742253113234000395e-03
1.647118447727499973e-03
7.240081088910000013e-04
