6.000000000000000000e+01
1.086012163334999954e-04
2.715030408342500225e-04
2.896032435564999856e-04
3.620040544452500378e-04
4.706052707789999960e-04
4.525050680569999957e-04
6.697075007249999462e-04
7.240081088900000416e-04
7.964089197799999621e-04
8.507095279449999490e-04
6.878077034449999730e-04
5.973066898350000258e-04
4.887054735015000304e-04
5.068056762249999701e-04
5.430060816685000451e-04
6.335070952794999519e-04
1.466116420500000002e-03
2.353026353895000360e-03
5.448161019400000679e-03
9.864610483614999828e-03
1.831740515494999916e-02
2.760280915144999736e-02
3.737691862149999933e-02
4.510570518390000228e-02
4.952215464815000467e-02
5.236388647549999886e-02
5.954966695624999695e-02
6.063567911960000140e-02
6.054517810600000549e-02
6.139588763394999982e-02
6.139588763394999982e-02
6.054517810600000549e-02
6.063567911960000140e-02
5.954966695624999695e-02
5.236388647549999886e-02
4.952215464815000467e-02
4.510570518390000228e-02
3.737691862149999933e-02
2.760280915144999736e-02
1.831740515494999916e-02
9.864610483614999828e-03
5.448161019400000679e-03
2.353026353895000360e-03
1.466116420500000002e-03
6.335070952794999519e-04
5.430060816685000451e-04
5.068056762249999701e-04
4.887054735015000304e-04
5.973066898350000258e-04
6.878077034449999730e-04
8.507095279449999490e-04
7.964089197799999621e-04
7.240081088900000416e-04
6.697075007249999462e-04
4.525050680569999957e-04
4.706052707789999960e-04
3.620040544452500378e-04
2.896032435564999856e-04
2.715030408342500225e-04
1.086012163334999954e-04
