6.000000000000000000e+01
0.000000000000000000e+00
0.000000000000000000e+00
1.810020272225000036e-05
3.620040544455000277e-05
9.050101361149999512e-05
4.887054735015000304e-04
1.049811757889999994e-03
1.248913987834999930e-03
2.117723718505000029e-03
2.479727772950000159e-03
2.099623515782000124e-03
2.371126556618500299e-03
2.244425137564000101e-03
1.502316825949999868e-03
1.846220677669999956e-03
1.755719664059999900e-03
3.402838111790000043e-03
7.620185346055000433e-03
1.690558934262000046e-02
2.973863307269999923e-02
4.306038227629999798e-02
5.201998262379999710e-02
5.821025195480000053e-02
5.491601505940000433e-02
5.247248769184999911e-02
4.336808572254999966e-02
3.458948740224999929e-02
3.113234868229999841e-02
2.772951057055000196e-02
2.548508543294999984e-02
2.548508543294999984e-02
2.772951057055000196e-02
3.113234868229999841e-02
3.458948740224999929e-02
4.336808572254999966e-02
5.247248769184999911e-02
5.491601505940000433e-02
5.821025195480000053e-02
5.201998262379999710e-02
4.306038227629999798e-02
2.973863307269999923e-02
1.690558934262000046e-02
7.620185346055000433e-03
3.402838111790000043e-03
1.755719664059999900e-03
1.846220677669999956e-03
1.502316825949999868e-03
2.244425137564000101e-03
2.371126556618500299e-03
2.099623515782000124e-03
2.479727772950000159e-03
2.117723718505000029e-03
1.248913987834999930e-03
1.049811757889999994e-03
4.887054735015000304e-04
9.050101361149999512e-05
3.620040544455000277e-05
1.810020272225000036e-05
0.000000000000000000e+00
0.000000000000000000e+00
