6.000000000000000000e+01
1.513176947584999980e-02
2.029032725167500065e-02
2.756660874601999864e-02
3.746741963510500512e-02
5.127787431222500386e-02
6.555893425983500000e-02
6.771285838383500622e-02
6.087098175511500286e-02
4.322328410077849736e-02
2.360266434985699990e-02
1.167463075584549911e-02
4.579351288731999849e-03
1.339415001450499926e-03
7.059079061685000211e-04
7.783087170559999882e-04
5.792064871139999309e-04
7.240081088922499779e-04
1.176513176949999916e-03
1.737619461339999982e-03
2.859832030119999896e-03
4.832754126844999651e-03
6.823776426299999788e-03
9.882710686350000551e-03
1.218143643210000023e-02
1.138502751229999999e-02
7.873588184199999812e-03
4.543150883290000309e-03
2.208224732115000085e-03
9.050101361149999512e-04
5.068056762235000848e-04
5.068056762235000848e-04
9.050101361149999512e-04
2.208224732115000085e-03
4.543150883290000309e-03
7.873588184199999812e-03
1.138502751229999999e-02
1.218143643210000023e-02
9.882710686350000551e-03
6.823776426299999788e-03
4.832754126844999651e-03
2.859832030119999896e-03
1.737619461339999982e-03
1.176513176949999916e-03
7.240081088922499779e-04
5.792064871139999309e-04
7.783087170559999882e-04
7.059079061685000211e-04
1.339415001450499926e-03
4.579351288731999849e-03
1.167463075584549911e-02
2.360266434985699990e-02
4.322328410077849736e-02
6.087098175511500286e-02
6.771285838383500622e-02
6.555893425983500000e-02
5.127787431222500386e-02
3.746741963510500512e-02
2.756660874601999864e-02
2.029032725167500065e-02
1.513176947584999980e-02
