6.000000000000000000e+01
3.064364320880000325e-02
3.572980017374999956e-02
3.933174051550000078e-02
4.917825079642500208e-02
5.799304952222499726e-02
6.838256588494499855e-02
6.450912250216750410e-02
5.980306979433350212e-02
4.349478714160000259e-02
2.662539820445000011e-02
1.386475528525000014e-02
6.841876628999999863e-03
2.443527367504999982e-03
8.688097306699999909e-04
1.810020272225000104e-04
7.240081088900000145e-05
1.810020272225000036e-05
1.810020272225000036e-05
0.000000000000000000e+00
0.000000000000000000e+00
0.000000000000000000e+00
0.000000000000000000e+00
0.000000000000000000e+00
0.000000000000000000e+00
0.000000000000000000e+00
0.000000000000000000e+00
0.000000000000000000e+00
0.000000000000000000e+00
0.000000000000000000e+00
0.000000000000000000e+00
0.000000000000000000e+00
0.000000000000000000e+00
0.000000000000000000e+00
0.000000000000000000e+00
0.000000000000000000e+00
0.000000000000000000e+00
0.000000000000000000e+00
0.000000000000000000e+00
0.000000000000000000e+00
0.000000000000000000e+00
0.000000000000000000e+00
0.000000000000000000e+00
1.810020272225000036e-05
1.810020272225000036e-05
7.240081088900000145e-05
1.810020272225000104e-04
8.688097306699999909e-04
2.443527367504999982e-03
6.841876628999999863e-03
1.386475528525000014e-02
2.662539820445000011e-02
4.349478714160000259e-02
5.980306979433350212e-02
6.450912250216750410e-02
6.838256588494499855e-02
5.799304952222499726e-02
4.917825079642500208e-02
3.933174051550000078e-02
3.572980017374999956e-02
3.064364320880000325e-02
