6.000000000000000000e+01
0.000000000000000000e+00
0.000000000000000000e+00
0.000000000000000000e+00
0.000000000000000000e+00
0.000000000000000000e+00
0.000000000000000000e+00
0.000000000000000000e+00
0.000000000000000000e+00
0.000000000000000000e+00
0.000000000000000000e+00
0.000000000000000000e+00
0.000000000000000000e+00
0.000000000000000000e+00
0.000000000000000000e+00
0.000000000000000000e+00
1.810020272225000036e-05
1.629018245005000101e-04
6.154068925550000525e-04
3.366637706339999959e-03
1.404575731250000056e-02
3.857153200115000236e-02
8.130611062850000292e-02
1.175065160730000002e-01
1.157326962060000047e-01
7.812047494950000170e-02
3.726831740514999908e-02
1.098682305240000073e-02
2.045322907615000109e-03
2.534028381120000052e-04
0.000000000000000000e+00
0.000000000000000000e+00
2.534028381120000052e-04
2.045322907615000109e-03
1.098682305240000073e-02
3.726831740514999908e-02
7.812047494950000170e-02
1.157326962060000047e-01
1.175065160730000002e-01
8.130611062850000292e-02
3.857153200115000236e-02
1.404575731250000056e-02
3.366637706339999959e-03
6.154068925550000525e-04
1.629018245005000101e-04
1.810020272225000036e-05
0.000000000000000000e+00
0.000000000000000000e+00
0.000000000000000000e+00
0.000000000000000000e+00
0.000000000000000000e+00
0.000000000000000000e+00
0.000000000000000000e+00
0.000000000000000000e+00
0.000000000000000000e+00
0.000000000000000000e+00
0.000000000000000000e+00
0.000000000000000000e+00
0.000000000000000000e+00
0.000000000000000000e+00
0.000000000000000000e+00
