6.000000000000000000e+01
1.176513176947000146e-03
1.393715609612500034e-03
1.629018245002999965e-03
2.497827975672250230e-03
3.475238922675999691e-03
6.751375615422250051e-03
1.860700839847224952e-02
5.243628728644455367e-02
1.153525919489445523e-01
1.503040834057222386e-01
1.042752678829445556e-01
3.582030118735000240e-02
5.737764262949999680e-03
4.525050680569999957e-04
7.240081088925000492e-05
1.810020272225000036e-05
0.000000000000000000e+00
0.000000000000000000e+00
0.000000000000000000e+00
0.000000000000000000e+00
0.000000000000000000e+00
0.000000000000000000e+00
0.000000000000000000e+00
0.000000000000000000e+00
0.000000000000000000e+00
0.000000000000000000e+00
0.000000000000000000e+00
0.000000000000000000e+00
0.000000000000000000e+00
0.000000000000000000e+00
0.000000000000000000e+00
0.000000000000000000e+00
0.000000000000000000e+00
0.000000000000000000e+00
0.000000000000000000e+00
0.000000000000000000e+00
0.000000000000000000e+00
0.000000000000000000e+00
0.000000000000000000e+00
0.000000000000000000e+00
0.000000000000000000e+00
0.000000000000000000e+00
0.000000000000000000e+00
0.000000000000000000e+00
1.810020272225000036e-05
7.240081088925000492e-05
4.525050680569999957e-04
5.737764262949999680e-03
3.582030118735000240e-02
1.042752678829445556e-01
1.503040834057222386e-01
1.153525919489445523e-01
5.243628728644455367e-02
1.860700839847224952e-02
6.751375615422250051e-03
3.475238922675999691e-03
2.497827975672250230e-03
1.629018245002999965e-03
1.393715609612500034e-03
1.176513176947000146e-03
