6.000000000000000000e+01
2.552128583840000079e-03
2.570228786564999687e-03
2.733130611059999757e-03
2.552128583839999645e-03
2.081523313062500023e-03
2.606429192007000094e-03
2.642629597450500169e-03
3.077034462785500218e-03
2.063423110340999785e-03
1.303214596006000000e-03
7.240081088910000013e-04
5.249058789459999565e-04
8.145091225020000165e-04
9.955111497272500515e-04
1.954821894007249990e-03
3.402838111785000137e-03
6.534173182749999920e-03
1.373805386620000069e-02
2.535838401390000038e-02
4.334998551984999698e-02
6.233709817549999699e-02
7.676295974499999786e-02
7.196640602350000415e-02
5.956776715900000130e-02
3.976614538085000011e-02
2.725890529974999907e-02
1.819070373587224759e-02
1.245293947294500055e-02
6.407471763700999662e-03
3.710541558064999954e-03
3.710541558064999954e-03
6.407471763700999662e-03
1.245293947294500055e-02
1.819070373587224759e-02
2.725890529974999907e-02
3.976614538085000011e-02
5.956776715900000130e-02
7.196640602350000415e-02
7.676295974499999786e-02
6.233709817549999699e-02
4.334998551984999698e-02
2.535838401390000038e-02
1.373805386620000069e-02
6.534173182749999920e-03
3.402838111785000137e-03
1.954821894007249990e-03
9.955111497272500515e-04
8.145091225020000165e-04
5.249058789459999565e-04
7.240081088910000013e-04
1.303214596006000000e-03
2.063423110340999785e-03
3.077034462785500218e-03
2.642629597450500169e-03
2.606429192007000094e-03
2.081523313062500023e-03
2.552128583839999645e-03
2.733130611059999757e-03
2.570228786564999687e-03
2.552128583840000079e-03
