6.000000000000000000e+01
0.000000000000000000e+00
0.000000000000000000e+00
0.000000000000000000e+00
0.000000000000000000e+00
0.000000000000000000e+00
0.000000000000000000e+00
0.000000000000000000e+00
0.000000000000000000e+00
0.000000000000000000e+00
0.000000000000000000e+00
0.000000000000000000e+00
0.000000000000000000e+00
9.050101361149999512e-05
2.353026353894999980e-04
7.421083116149999751e-04
2.135823921230000071e-03
5.918766290200000099e-03
1.310454677089999999e-02
2.905082536925000097e-02
5.627353026350000176e-02
9.153272516650000357e-02
1.105741384304999991e-01
1.022842455834999942e-01
6.099768317399999890e-02
2.190124529394999950e-02
4.416449464234999643e-03
7.240081088900000416e-04
1.810020272225000036e-05
0.000000000000000000e+00
0.000000000000000000e+00
0.000000000000000000e+00
0.000000000000000000e+00
1.810020272225000036e-05
7.240081088900000416e-04
4.416449464234999643e-03
2.190124529394999950e-02
6.099768317399999890e-02
1.022842455834999942e-01
1.105741384304999991e-01
9.153272516650000357e-02
5.627353026350000176e-02
2.905082536925000097e-02
1.310454677089999999e-02
5.918766290200000099e-03
2.135823921230000071e-03
7.421083116149999751e-04
2.353026353894999980e-04
9.050101361149999512e-05
0.000000000000000000e+00
0.000000000000000000e+00
0.000000000000000000e+00
0.000000000000000000e+00
0.000000000000000000e+00
0.000000000000000000e+00
0.000000000000000000e+00
0.000000000000000000e+00
0.000000000000000000e+00
0.000000000000000000e+00
0.000000000000000000e+00
0.000000000000000000e+00
