6.000000000000000000e+01
3.620040544450000072e-05
1.991022299447500006e-04
1.104112366059999996e-03
4.959455545900000317e-03
1.840790616854999853e-02
5.544092093849999764e-02
1.126737619459999978e-01
1.415073848825000036e-01
1.070264986969999971e-01
4.597451491454999928e-02
1.116782507964999942e-02
1.429916015059999948e-03
7.240081088900000145e-05
0.000000000000000000e+00
0.000000000000000000e+00
0.000000000000000000e+00
0.000000000000000000e+00
0.000000000000000000e+00
0.000000000000000000e+00
0.000000000000000000e+00
0.000000000000000000e+00
0.000000000000000000e+00
0.000000000000000000e+00
0.000000000000000000e+00
0.000000000000000000e+00
0.000000000000000000e+00
0.000000000000000000e+00
0.000000000000000000e+00
0.000000000000000000e+00
0.000000000000000000e+00
0.000000000000000000e+00
0.000000000000000000e+00
0.000000000000000000e+00
0.000000000000000000e+00
0.000000000000000000e+00
0.000000000000000000e+00
0.000000000000000000e+00
0.000000000000000000e+00
0.000000000000000000e+00
0.000000000000000000e+00
0.000000000000000000e+00
0.000000000000000000e+00
0.000000000000000000e+00
0.000000000000000000e+00
0.000000000000000000e+00
0.000000000000000000e+00
0.000000000000000000e+00
7.240081088900000145e-05
1.429916015059999948e-03
1.116782507964999942e-02
4.597451491454999928e-02
1.070264986969999971e-01
1.415073848825000036e-01
1.126737619459999978e-01
5.544092093849999764e-02
1.840790616854999853e-02
4.959455545900000317e-03
1.104112366059999996e-03
1.991022299447500006e-04
3.620040544450000072e-05
