6.000000000000000000e+01
2.660729800169999836e-03
3.963944396177500155e-03
6.751375615411499970e-03
1.000941210542225131e-02
1.719519258617224766e-02
3.160295395309999783e-02
6.400231682599999417e-02
1.074428033595000026e-01
1.216333622934999970e-01
8.727917752699999865e-02
3.674341152619999690e-02
8.850999131200000536e-03
1.755719664059999900e-03
1.086012163334999954e-04
0.000000000000000000e+00
0.000000000000000000e+00
0.000000000000000000e+00
0.000000000000000000e+00
0.000000000000000000e+00
0.000000000000000000e+00
0.000000000000000000e+00
0.000000000000000000e+00
0.000000000000000000e+00
0.000000000000000000e+00
0.000000000000000000e+00
0.000000000000000000e+00
0.000000000000000000e+00
0.000000000000000000e+00
0.000000000000000000e+00
0.000000000000000000e+00
0.000000000000000000e+00
0.000000000000000000e+00
0.000000000000000000e+00
0.000000000000000000e+00
0.000000000000000000e+00
0.000000000000000000e+00
0.000000000000000000e+00
0.000000000000000000e+00
0.000000000000000000e+00
0.000000000000000000e+00
0.000000000000000000e+00
0.000000000000000000e+00
0.000000000000000000e+00
0.000000000000000000e+00
0.000000000000000000e+00
0.000000000000000000e+00
1.086012163334999954e-04
1.755719664059999900e-03
8.850999131200000536e-03
3.674341152619999690e-02
8.727917752699999865e-02
1.216333622934999970e-01
1.074428033595000026e-01
6.400231682599999417e-02
3.160295395309999783e-02
1.719519258617224766e-02
1.000941210542225131e-02
6.751375615411499970e-03
3.963944396177500155e-03
2.660729800169999836e-03
