6.000000000000000000e+01
8.709817549964998795e-02
8.659136982314999398e-02
8.031059947880000993e-02
6.639154358519999688e-02
5.567622357355000301e-02
4.143136403125500383e-02
2.742180712424499914e-02
1.730379380249499888e-02
9.774109470009999245e-03
6.497972777295000363e-03
3.746741963509999697e-03
2.678830002894999878e-03
2.334926151170500352e-03
2.063423110340499751e-03
1.791920069507250014e-03
1.719519258617250093e-03
1.339415001449999892e-03
1.285114393280000107e-03
8.869099333900000177e-04
8.688097306699999909e-04
4.887054735012500133e-04
4.525050680569999957e-04
3.982044598899999810e-04
2.896032435564999856e-04
3.258036490010000202e-04
4.163046626119999813e-04
2.715030408340000055e-04
5.430060816700000117e-05
5.430060816700000117e-05
3.620040544450000072e-05
3.620040544450000072e-05
5.430060816700000117e-05
5.430060816700000117e-05
2.715030408340000055e-04
4.163046626119999813e-04
3.258036490010000202e-04
2.896032435564999856e-04
3.982044598899999810e-04
4.525050680569999957e-04
4.887054735012500133e-04
8.688097306699999909e-04
8.869099333900000177e-04
1.285114393280000107e-03
1.339415001449999892e-03
1.719519258617250093e-03
1.791920069507250014e-03
2.063423110340499751e-03
2.334926151170500352e-03
2.678830002894999878e-03
3.746741963509999697e-03
6.497972777295000363e-03
9.774109470009999245e-03
1.730379380249499888e-02
2.742180712424499914e-02
4.143136403125500383e-02
5.567622357355000301e-02
6.639154358519999688e-02
8.031059947880000993e-02
8.659136982314999398e-02
8.709817549964998795e-02
