6.000000000000000000e+01
0.000000000000000000e+00
0.000000000000000000e+00
0.000000000000000000e+00
0.000000000000000000e+00
0.000000000000000000e+00
0.000000000000000000e+00
0.000000000000000000e+00
1.810020272225000036e-05
9.050101361149999512e-05
3.077034462784999859e-04
2.896032435564999856e-04
8.507095279449999490e-04
1.683318853169999980e-03
4.036345207064999906e-03
1.098682305240000073e-02
2.061613090064999890e-02
3.562119895745000098e-02
4.981175789169999674e-02
6.112438459300000015e-02
6.608384013899999687e-02
6.307920648699999466e-02
5.417390674800000305e-02
4.479800173759999893e-02
3.493339125400000272e-02
2.593759050099999838e-02
1.524037069215000012e-02
6.968578048050000188e-03
2.172024326669999908e-03
9.412105415600000198e-04
2.353026353895000251e-04
2.353026353895000251e-04
9.412105415600000198e-04
2.172024326669999908e-03
6.968578048050000188e-03
1.524037069215000012e-02
2.593759050099999838e-02
3.493339125400000272e-02
4.479800173759999893e-02
5.417390674800000305e-02
6.307920648699999466e-02
6.608384013899999687e-02
6.112438459300000015e-02
4.981175789169999674e-02
3.562119895745000098e-02
2.061613090064999890e-02
1.098682305240000073e-02
4.036345207064999906e-03
1.683318853169999980e-03
8.507095279449999490e-04
2.896032435564999856e-04
3.077034462784999859e-04
9.050101361149999512e-05
1.810020272225000036e-05
0.000000000000000000e+00
0.000000000000000000e+00
0.000000000000000000e+00
0.000000000000000000e+00
0.000000000000000000e+00
0.000000000000000000e+00
0.000000000000000000e+00
