6.000000000000000000e+01
1.435346075878500029e-02
1.772009846507999892e-02
2.747610773243000168e-02
3.715971618880050537e-02
5.361280046322224740e-02
7.298001737600000316e-02
8.530625543000000532e-02
8.427454387499999644e-02
6.244569939200000225e-02
3.037214016794999999e-02
1.111352447145000019e-02
2.570228786560000214e-03
5.068056762249999701e-04
9.050101361149999512e-05
1.810020272225000036e-05
0.000000000000000000e+00
0.000000000000000000e+00
0.000000000000000000e+00
0.000000000000000000e+00
0.000000000000000000e+00
0.000000000000000000e+00
0.000000000000000000e+00
0.000000000000000000e+00
0.000000000000000000e+00
0.000000000000000000e+00
0.000000000000000000e+00
0.000000000000000000e+00
0.000000000000000000e+00
0.000000000000000000e+00
0.000000000000000000e+00
0.000000000000000000e+00
0.000000000000000000e+00
0.000000000000000000e+00
0.000000000000000000e+00
0.000000000000000000e+00
0.000000000000000000e+00
0.000000000000000000e+00
0.000000000000000000e+00
0.000000000000000000e+00
0.000000000000000000e+00
0.000000000000000000e+00
0.000000000000000000e+00
0.000000000000000000e+00
0.000000000000000000e+00
0.000000000000000000e+00
1.810020272225000036e-05
9.050101361149999512e-05
5.068056762249999701e-04
2.570228786560000214e-03
1.111352447145000019e-02
3.037214016794999999e-02
6.244569939200000225e-02
8.427454387499999644e-02
8.530625543000000532e-02
7.298001737600000316e-02
5.361280046322224740e-02
3.715971618880050537e-02
2.747610773243000168e-02
1.772009846507999892e-02
1.435346075878500029e-02
