6.000000000000000000e+01
1.484216623224999827e-03
2.932232841009499782e-03
6.733275412666999901e-03
1.522227048942225054e-02
3.457138719952224798e-02
6.814726324922225353e-02
1.029901534894999970e-01
1.164024037070000017e-01
8.937880104249999735e-02
4.592021430640000346e-02
1.303214596004999976e-02
2.968433246450000087e-03
1.810020272225000104e-04
3.620040544455000277e-05
0.000000000000000000e+00
0.000000000000000000e+00
0.000000000000000000e+00
0.000000000000000000e+00
0.000000000000000000e+00
0.000000000000000000e+00
0.000000000000000000e+00
0.000000000000000000e+00
0.000000000000000000e+00
0.000000000000000000e+00
0.000000000000000000e+00
0.000000000000000000e+00
0.000000000000000000e+00
0.000000000000000000e+00
0.000000000000000000e+00
0.000000000000000000e+00
0.000000000000000000e+00
0.000000000000000000e+00
0.000000000000000000e+00
0.000000000000000000e+00
0.000000000000000000e+00
0.000000000000000000e+00
0.000000000000000000e+00
0.000000000000000000e+00
0.000000000000000000e+00
0.000000000000000000e+00
0.000000000000000000e+00
0.000000000000000000e+00
0.000000000000000000e+00
0.000000000000000000e+00
0.000000000000000000e+00
0.000000000000000000e+00
3.620040544455000277e-05
1.810020272225000104e-04
2.968433246450000087e-03
1.303214596004999976e-02
4.592021430640000346e-02
8.937880104249999735e-02
1.164024037070000017e-01
1.029901534894999970e-01
6.814726324922225353e-02
3.457138719952224798e-02
1.522227048942225054e-02
6.733275412666999901e-03
2.932232841009499782e-03
1.484216623224999827e-03
