6.000000000000000000e+01
0.000000000000000000e+00
0.000000000000000000e+00
0.000000000000000000e+00
0.000000000000000000e+00
0.000000000000000000e+00
0.000000000000000000e+00
0.000000000000000000e+00
0.000000000000000000e+00
0.000000000000000000e+00
0.000000000000000000e+00
0.000000000000000000e+00
0.000000000000000000e+00
0.000000000000000000e+00
0.000000000000000000e+00
0.000000000000000000e+00
3.620040544455000277e-05
1.267014190560000026e-04
4.887054735015000304e-04
2.859832030119999896e-03
8.651896901249999175e-03
2.432667245875000037e-02
4.782073559225000214e-02
7.897118447749999770e-02
1.022480451779999994e-01
1.020127425425000067e-01
7.665435852900000235e-02
3.965754416449999986e-02
1.314074717635000007e-02
2.642629597450000135e-03
3.620040544455000006e-04
3.620040544455000006e-04
2.642629597450000135e-03
1.314074717635000007e-02
3.965754416449999986e-02
7.665435852900000235e-02
1.020127425425000067e-01
1.022480451779999994e-01
7.897118447749999770e-02
4.782073559225000214e-02
2.432667245875000037e-02
8.651896901249999175e-03
2.859832030119999896e-03
4.887054735015000304e-04
1.267014190560000026e-04
3.620040544455000277e-05
0.000000000000000000e+00
0.000000000000000000e+00
0.000000000000000000e+00
0.000000000000000000e+00
0.000000000000000000e+00
0.000000000000000000e+00
0.000000000000000000e+00
0.000000000000000000e+00
0.000000000000000000e+00
0.000000000000000000e+00
0.000000000000000000e+00
0.000000000000000000e+00
0.000000000000000000e+00
0.000000000000000000e+00
0.000000000000000000e+00
