6.000000000000000000e+01
0.000000000000000000e+00
0.000000000000000000e+00
0.000000000000000000e+00
0.000000000000000000e+00
0.000000000000000000e+00
0.000000000000000000e+00
0.000000000000000000e+00
0.000000000000000000e+00
0.000000000000000000e+00
0.000000000000000000e+00
0.000000000000000000e+00
0.000000000000000000e+00
0.000000000000000000e+00
0.000000000000000000e+00
7.240081088900000145e-05
2.353026353894999980e-04
4.344048653345000156e-04
1.375615406895000069e-03
3.402838111785000137e-03
8.869099333899999743e-03
1.920431508835000051e-02
4.020055024614999778e-02
6.324210831149999767e-02
8.293512887350000529e-02
9.021141036799999735e-02
7.736026643500000521e-02
5.620112945272250082e-02
3.198305821026699997e-02
1.594627859832500189e-02
8.326093252219999782e-03
8.326093252219999782e-03
1.594627859832500189e-02
3.198305821026699997e-02
5.620112945272250082e-02
7.736026643500000521e-02
9.021141036799999735e-02
8.293512887350000529e-02
6.324210831149999767e-02
4.020055024614999778e-02
1.920431508835000051e-02
8.869099333899999743e-03
3.402838111785000137e-03
1.375615406895000069e-03
4.344048653345000156e-04
2.353026353894999980e-04
7.240081088900000145e-05
0.000000000000000000e+00
0.000000000000000000e+00
0.000000000000000000e+00
0.000000000000000000e+00
0.000000000000000000e+00
0.000000000000000000e+00
0.000000000000000000e+00
0.000000000000000000e+00
0.000000000000000000e+00
0.000000000000000000e+00
0.000000000000000000e+00
0.000000000000000000e+00
0.000000000000000000e+00
0.000000000000000000e+00
