6.000000000000000000e+01
0.000000000000000000e+00
0.000000000000000000e+00
0.000000000000000000e+00
0.000000000000000000e+00
0.000000000000000000e+00
0.000000000000000000e+00
0.000000000000000000e+00
0.000000000000000000e+00
0.000000000000000000e+00
0.000000000000000000e+00
0.000000000000000000e+00
0.000000000000000000e+00
0.000000000000000000e+00
0.000000000000000000e+00
3.620040544455000277e-05
9.050101361149999512e-05
2.715030408340000055e-04
2.660729800175000177e-03
1.196423399939999972e-02
3.223646104834999859e-02
6.666304662600000541e-02
8.954170286700000037e-02
9.332464523599999506e-02
7.915218650449999671e-02
5.734144222399999852e-02
3.721401679700000326e-02
1.862510860120000084e-02
8.271792644072250428e-03
2.172024326669999908e-03
4.344048653345000156e-04
4.344048653345000156e-04
2.172024326669999908e-03
8.271792644072250428e-03
1.862510860120000084e-02
3.721401679700000326e-02
5.734144222399999852e-02
7.915218650449999671e-02
9.332464523599999506e-02
8.954170286700000037e-02
6.666304662600000541e-02
3.223646104834999859e-02
1.196423399939999972e-02
2.660729800175000177e-03
2.715030408340000055e-04
9.050101361149999512e-05
3.620040544455000277e-05
0.000000000000000000e+00
0.000000000000000000e+00
0.000000000000000000e+00
0.000000000000000000e+00
0.000000000000000000e+00
0.000000000000000000e+00
0.000000000000000000e+00
0.000000000000000000e+00
0.000000000000000000e+00
0.000000000000000000e+00
0.000000000000000000e+00
0.000000000000000000e+00
0.000000000000000000e+00
0.000000000000000000e+00
