6.000000000000000000e+01
2.805531421955000018e-03
3.276136692729999904e-03
4.325948450625000455e-03
6.208369533716999455e-03
1.158412974227225091e-02
2.850781928759999959e-02
5.971256878100000137e-02
1.023023457865000069e-01
1.220496669565000053e-01
9.361424847950000627e-02
4.660802200985000171e-02
1.552997393570000086e-02
3.077034462785000184e-03
3.620040544455000006e-04
3.620040544455000277e-05
0.000000000000000000e+00
0.000000000000000000e+00
0.000000000000000000e+00
0.000000000000000000e+00
0.000000000000000000e+00
0.000000000000000000e+00
0.000000000000000000e+00
0.000000000000000000e+00
0.000000000000000000e+00
0.000000000000000000e+00
0.000000000000000000e+00
0.000000000000000000e+00
0.000000000000000000e+00
0.000000000000000000e+00
0.000000000000000000e+00
0.000000000000000000e+00
0.000000000000000000e+00
0.000000000000000000e+00
0.000000000000000000e+00
0.000000000000000000e+00
0.000000000000000000e+00
0.000000000000000000e+00
0.000000000000000000e+00
0.000000000000000000e+00
0.000000000000000000e+00
0.000000000000000000e+00
0.000000000000000000e+00
0.000000000000000000e+00
0.000000000000000000e+00
0.000000000000000000e+00
3.620040544455000277e-05
3.620040544455000006e-04
3.077034462785000184e-03
1.552997393570000086e-02
4.660802200985000171e-02
9.361424847950000627e-02
1.220496669565000053e-01
1.023023457865000069e-01
5.971256878100000137e-02
2.850781928759999959e-02
1.158412974227225091e-02
6.208369533716999455e-03
4.325948450625000455e-03
3.276136692729999904e-03
2.805531421955000018e-03
