6.000000000000000000e+01
0.000000000000000000e+00
3.620040544455000277e-05
3.258036490010000202e-04
2.208224732115000085e-03
1.422675933969999931e-02
5.954966695649999836e-02
1.327468867649999884e-01
1.571097596294999954e-01
9.643788010449999559e-02
3.160295395309999783e-02
5.466261222149999821e-03
2.715030408340000055e-04
1.810020272225000036e-05
0.000000000000000000e+00
0.000000000000000000e+00
0.000000000000000000e+00
0.000000000000000000e+00
0.000000000000000000e+00
0.000000000000000000e+00
0.000000000000000000e+00
0.000000000000000000e+00
0.000000000000000000e+00
0.000000000000000000e+00
0.000000000000000000e+00
0.000000000000000000e+00
0.000000000000000000e+00
0.000000000000000000e+00
0.000000000000000000e+00
0.000000000000000000e+00
0.000000000000000000e+00
0.000000000000000000e+00
0.000000000000000000e+00
0.000000000000000000e+00
0.000000000000000000e+00
0.000000000000000000e+00
0.000000000000000000e+00
0.000000000000000000e+00
0.000000000000000000e+00
0.000000000000000000e+00
0.000000000000000000e+00
0.000000000000000000e+00
0.000000000000000000e+00
0.000000000000000000e+00
0.000000000000000000e+00
0.000000000000000000e+00
0.000000000000000000e+00
0.000000000000000000e+00
1.810020272225000036e-05
2.715030408340000055e-04
5.466261222149999821e-03
3.160295395309999783e-02
9.643788010449999559e-02
1.571097596294999954e-01
1.327468867649999884e-01
5.954966695649999836e-02
1.422675933969999931e-02
2.208224732115000085e-03
3.258036490010000202e-04
3.620040544455000277e-05
0.000000000000000000e+00
