6.000000000000000000e+01
0.000000000000000000e+00
0.000000000000000000e+00
0.000000000000000000e+00
0.000000000000000000e+00
0.000000000000000000e+00
0.000000000000000000e+00
0.000000000000000000e+00
0.000000000000000000e+00
0.000000000000000000e+00
0.000000000000000000e+00
1.810020272225000036e-05
1.086012163334999954e-04
2.534028381120000052e-04
6.516072980000000127e-04
2.027222704894999974e-03
5.430060816699999737e-03
1.113162467419999933e-02
2.039892846800000006e-02
3.151245293945000026e-02
4.074355632784999737e-02
3.971184477265000262e-02
3.618230524180000157e-02
2.935852881549999918e-02
3.011873732985000107e-02
3.567549956559999680e-02
4.756733275415000323e-02
5.652693310183350139e-02
5.073486823066999940e-02
3.679771213436000554e-02
2.505068056765000217e-02
2.505068056765000217e-02
3.679771213436000554e-02
5.073486823066999940e-02
5.652693310183350139e-02
4.756733275415000323e-02
3.567549956559999680e-02
3.011873732985000107e-02
2.935852881549999918e-02
3.618230524180000157e-02
3.971184477265000262e-02
4.074355632784999737e-02
3.151245293945000026e-02
2.039892846800000006e-02
1.113162467419999933e-02
5.430060816699999737e-03
2.027222704894999974e-03
6.516072980000000127e-04
2.534028381120000052e-04
1.086012163334999954e-04
1.810020272225000036e-05
0.000000000000000000e+00
0.000000000000000000e+00
0.000000000000000000e+00
0.000000000000000000e+00
0.000000000000000000e+00
0.000000000000000000e+00
0.000000000000000000e+00
0.000000000000000000e+00
0.000000000000000000e+00
0.000000000000000000e+00
