6.000000000000000000e+01
9.050101361120000722e-04
2.353026353897249862e-03
6.208369533749999968e-03
1.605487981467224740e-02
3.319577179265000011e-02
5.964016796999999787e-02
9.332464523599999506e-02
1.129814653924999940e-01
9.155082536899999957e-02
5.399290472050000123e-02
2.210034752389999912e-02
6.172169128299999884e-03
1.194613379670000052e-03
2.715030408340000055e-04
5.430060816700000117e-05
0.000000000000000000e+00
0.000000000000000000e+00
0.000000000000000000e+00
0.000000000000000000e+00
0.000000000000000000e+00
0.000000000000000000e+00
0.000000000000000000e+00
0.000000000000000000e+00
0.000000000000000000e+00
0.000000000000000000e+00
0.000000000000000000e+00
0.000000000000000000e+00
0.000000000000000000e+00
0.000000000000000000e+00
0.000000000000000000e+00
0.000000000000000000e+00
0.000000000000000000e+00
0.000000000000000000e+00
0.000000000000000000e+00
0.000000000000000000e+00
0.000000000000000000e+00
0.000000000000000000e+00
0.000000000000000000e+00
0.000000000000000000e+00
0.000000000000000000e+00
0.000000000000000000e+00
0.000000000000000000e+00
0.000000000000000000e+00
0.000000000000000000e+00
0.000000000000000000e+00
5.430060816700000117e-05
2.715030408340000055e-04
1.194613379670000052e-03
6.172169128299999884e-03
2.210034752389999912e-02
5.399290472050000123e-02
9.155082536899999957e-02
1.129814653924999940e-01
9.332464523599999506e-02
5.964016796999999787e-02
3.319577179265000011e-02
1.605487981467224740e-02
6.208369533749999968e-03
2.353026353897249862e-03
9.050101361120000722e-04
