6.000000000000000000e+01
4.706052707789999960e-04
1.122212568778500029e-03
1.882421083117250069e-03
5.194758181300000027e-03
1.241673906749999994e-02
2.955763104544999881e-02
6.637344338249999420e-02
1.121126556614999992e-01
1.270272227049999980e-01
9.021141036799999735e-02
3.965754416449999986e-02
1.151172893134999944e-02
2.190124529394999950e-03
2.715030408340000055e-04
0.000000000000000000e+00
0.000000000000000000e+00
0.000000000000000000e+00
0.000000000000000000e+00
0.000000000000000000e+00
0.000000000000000000e+00
0.000000000000000000e+00
0.000000000000000000e+00
0.000000000000000000e+00
0.000000000000000000e+00
0.000000000000000000e+00
0.000000000000000000e+00
0.000000000000000000e+00
0.000000000000000000e+00
0.000000000000000000e+00
0.000000000000000000e+00
0.000000000000000000e+00
0.000000000000000000e+00
0.000000000000000000e+00
0.000000000000000000e+00
0.000000000000000000e+00
0.000000000000000000e+00
0.000000000000000000e+00
0.000000000000000000e+00
0.000000000000000000e+00
0.000000000000000000e+00
0.000000000000000000e+00
0.000000000000000000e+00
0.000000000000000000e+00
0.000000000000000000e+00
0.000000000000000000e+00
0.000000000000000000e+00
2.715030408340000055e-04
2.190124529394999950e-03
1.151172893134999944e-02
3.965754416449999986e-02
9.021141036799999735e-02
1.270272227049999980e-01
1.121126556614999992e-01
6.637344338249999420e-02
2.955763104544999881e-02
1.241673906749999994e-02
5.194758181300000027e-03
1.882421083117250069e-03
1.122212568778500029e-03
4.706052707789999960e-04
