6.000000000000000000e+01
0.000000000000000000e+00
0.000000000000000000e+00
0.000000000000000000e+00
0.000000000000000000e+00
0.000000000000000000e+00
0.000000000000000000e+00
0.000000000000000000e+00
0.000000000000000000e+00
0.000000000000000000e+00
0.000000000000000000e+00
0.000000000000000000e+00
0.000000000000000000e+00
0.000000000000000000e+00
0.000000000000000000e+00
0.000000000000000000e+00
0.000000000000000000e+00
1.810020272225000036e-05
1.629018245005000101e-04
7.059079061700000149e-04
3.330437300900000123e-03
1.133072690415000069e-02
2.622719374455000085e-02
4.731392991600000264e-02
7.191210541549999946e-02
8.858239212272224494e-02
8.898059658250000170e-02
7.287141615988899923e-02
4.845424268749999597e-02
2.566608746017999890e-02
1.444396177236999951e-02
1.444396177236999951e-02
2.566608746017999890e-02
4.845424268749999597e-02
7.287141615988899923e-02
8.898059658250000170e-02
8.858239212272224494e-02
7.191210541549999946e-02
4.731392991600000264e-02
2.622719374455000085e-02
1.133072690415000069e-02
3.330437300900000123e-03
7.059079061700000149e-04
1.629018245005000101e-04
1.810020272225000036e-05
0.000000000000000000e+00
0.000000000000000000e+00
0.000000000000000000e+00
0.000000000000000000e+00
0.000000000000000000e+00
0.000000000000000000e+00
0.000000000000000000e+00
0.000000000000000000e+00
0.000000000000000000e+00
0.000000000000000000e+00
0.000000000000000000e+00
0.000000000000000000e+00
0.000000000000000000e+00
0.000000000000000000e+00
0.000000000000000000e+00
0.000000000000000000e+00
