6.000000000000000000e+01
3.265276571095000052e-02
4.085215754419999762e-02
5.614682884435000243e-02
7.310671879534999529e-02
7.790327251645000339e-02
6.237329858080000594e-02
3.851723139294999793e-02
2.193744569938000169e-02
1.245293947293499986e-02
7.728786562410000158e-03
4.706052707789999852e-03
2.316825948449999749e-03
1.610918042280000059e-03
1.122212568781500016e-03
7.964089197790000024e-04
6.878077034464999667e-04
9.955111497235000131e-04
9.050101361139999915e-04
1.393715609614550044e-03
2.334926151172000020e-03
2.606429192004999958e-03
3.656240949899549914e-03
4.633651896903500170e-03
5.701563857511499946e-03
6.624674196333500339e-03
7.113379669856000065e-03
8.507095279489999828e-03
8.090790616865000534e-03
6.642774399069999863e-03
5.882565884739999335e-03
5.882565884739999335e-03
6.642774399069999863e-03
8.090790616865000534e-03
8.507095279489999828e-03
7.113379669856000065e-03
6.624674196333500339e-03
5.701563857511499946e-03
4.633651896903500170e-03
3.656240949899549914e-03
2.606429192004999958e-03
2.334926151172000020e-03
1.393715609614550044e-03
9.050101361139999915e-04
9.955111497235000131e-04
6.878077034464999667e-04
7.964089197790000024e-04
1.122212568781500016e-03
1.610918042280000059e-03
2.316825948449999749e-03
4.706052707789999852e-03
7.728786562410000158e-03
1.245293947293499986e-02
2.193744569938000169e-02
3.851723139294999793e-02
6.237329858080000594e-02
7.790327251645000339e-02
7.310671879534999529e-02
5.614682884435000243e-02
4.085215754419999762e-02
3.265276571095000052e-02
