6.000000000000000000e+01
1.106465392409999998e-01
1.019403417316500082e-01
8.510715320030000364e-02
6.867216912809999407e-02
5.131407471764999617e-02
3.598320301189000120e-02
2.351216333622499835e-02
1.219953663481999906e-02
5.502461627578499742e-03
2.660729800171999972e-03
1.122212568782999902e-03
4.344048653345000156e-04
3.258036490010000202e-04
3.620040544455000277e-05
7.240081088910000555e-05
1.810020272225000036e-05
1.086012163335500042e-04
1.810020272225000036e-05
0.000000000000000000e+00
3.620040544455000277e-05
5.430060816700000117e-05
1.810020272225000036e-05
0.000000000000000000e+00
1.810020272225000036e-05
5.430060816680000652e-05
3.620040544450000072e-05
1.810020272225000036e-05
1.810020272225000036e-05
3.620040544450000072e-05
3.620040544455000277e-05
3.620040544455000277e-05
3.620040544450000072e-05
1.810020272225000036e-05
1.810020272225000036e-05
3.620040544450000072e-05
5.430060816680000652e-05
1.810020272225000036e-05
0.000000000000000000e+00
1.810020272225000036e-05
5.430060816700000117e-05
3.620040544455000277e-05
0.000000000000000000e+00
1.810020272225000036e-05
1.086012163335500042e-04
1.810020272225000036e-05
7.240081088910000555e-05
3.620040544455000277e-05
3.258036490010000202e-04
4.344048653345000156e-04
1.122212568782999902e-03
2.660729800171999972e-03
5.502461627578499742e-03
1.219953663481999906e-02
2.351216333622499835e-02
3.598320301189000120e-02
5.131407471764999617e-02
6.867216912809999407e-02
8.510715320030000364e-02
1.019403417316500082e-01
1.106465392409999998e-01
