6.000000000000000000e+01
7.439183318860000289e-03
1.520417028672000140e-02
3.084274543877250224e-02
5.232768606999999711e-02
7.667245873149999835e-02
9.051911381400000456e-02
9.093541847649999621e-02
6.925137561550000209e-02
4.134086301764999805e-02
1.768389805965000020e-02
5.991167101050000332e-03
1.429916015059999948e-03
2.353026353894999980e-04
9.050101361149999512e-05
3.620040544455000277e-05
0.000000000000000000e+00
0.000000000000000000e+00
0.000000000000000000e+00
0.000000000000000000e+00
0.000000000000000000e+00
0.000000000000000000e+00
0.000000000000000000e+00
0.000000000000000000e+00
0.000000000000000000e+00
0.000000000000000000e+00
0.000000000000000000e+00
0.000000000000000000e+00
0.000000000000000000e+00
0.000000000000000000e+00
0.000000000000000000e+00
0.000000000000000000e+00
0.000000000000000000e+00
0.000000000000000000e+00
0.000000000000000000e+00
0.000000000000000000e+00
0.000000000000000000e+00
0.000000000000000000e+00
0.000000000000000000e+00
0.000000000000000000e+00
0.000000000000000000e+00
0.000000000000000000e+00
0.000000000000000000e+00
0.000000000000000000e+00
0.000000000000000000e+00
0.000000000000000000e+00
3.620040544455000277e-05
9.050101361149999512e-05
2.353026353894999980e-04
1.429916015059999948e-03
5.991167101050000332e-03
1.768389805965000020e-02
4.134086301764999805e-02
6.925137561550000209e-02
9.093541847649999621e-02
9.051911381400000456e-02
7.667245873149999835e-02
5.232768606999999711e-02
3.084274543877250224e-02
1.520417028672000140e-02
7.439183318860000289e-03
