6.000000000000000000e+01
8.126991022300000464e-03
7.909788589634999742e-03
7.131479872574999698e-03
6.099768317405000057e-03
5.611062843900000222e-03
4.615551694179999796e-03
3.439038517229999880e-03
2.896032435565000073e-03
1.991022299451999933e-03
1.592817839560499958e-03
1.086012163334550010e-03
1.303214596002250179e-03
1.592817839559999924e-03
1.574717636840000006e-03
1.538517231395000046e-03
2.099623515784999894e-03
2.914132638285000208e-03
5.339559803050000428e-03
8.688097306699999259e-03
1.426295974514999940e-02
2.219084853749999850e-02
3.538589632204999780e-02
5.053576600049999867e-02
6.201129452672225068e-02
7.026498696800000110e-02
6.452722270494455625e-02
4.850854329569455337e-02
3.120474949318950003e-02
1.580147697656000133e-02
9.756009267284999203e-03
9.756009267284999203e-03
1.580147697656000133e-02
3.120474949318950003e-02
4.850854329569455337e-02
6.452722270494455625e-02
7.026498696800000110e-02
6.201129452672225068e-02
5.053576600049999867e-02
3.538589632204999780e-02
2.219084853749999850e-02
1.426295974514999940e-02
8.688097306699999259e-03
5.339559803050000428e-03
2.914132638285000208e-03
2.099623515784999894e-03
1.538517231395000046e-03
1.574717636840000006e-03
1.592817839559999924e-03
1.303214596002250179e-03
1.086012163334550010e-03
1.592817839560499958e-03
1.991022299451999933e-03
2.896032435565000073e-03
3.439038517229999880e-03
4.615551694179999796e-03
5.611062843900000222e-03
6.099768317405000057e-03
7.131479872574999698e-03
7.909788589634999742e-03
8.126991022300000464e-03
