6.000000000000000000e+01
1.810020272225000036e-05
0.000000000000000000e+00
0.000000000000000000e+00
0.000000000000000000e+00
1.810020272225000036e-05
3.620040544455000277e-05
5.430060816700000117e-05
1.810020272225000036e-05
1.810020272225000036e-05
1.810020272225000036e-05
5.430060816700000117e-05
5.430060816700000117e-05
1.086012163334999954e-04
1.267014190560000026e-04
1.267014190560000026e-04
5.068056762249999701e-04
9.593107442800000466e-04
1.810020272224999996e-03
4.362148856064999858e-03
1.084202143065000033e-02
2.191934549664999871e-02
3.764842166230000092e-02
5.659933391250000084e-02
6.805676223594454843e-02
7.450043440499999614e-02
6.688024905872225201e-02
5.949536634800150353e-02
4.300608166811999838e-02
3.102374746597999847e-02
2.173834346944999996e-02
2.173834346944999996e-02
3.102374746597999847e-02
4.300608166811999838e-02
5.949536634800150353e-02
6.688024905872225201e-02
7.450043440499999614e-02
6.805676223594454843e-02
5.659933391250000084e-02
3.764842166230000092e-02
2.191934549664999871e-02
1.084202143065000033e-02
4.362148856064999858e-03
1.810020272224999996e-03
9.593107442800000466e-04
5.068056762249999701e-04
1.267014190560000026e-04
1.267014190560000026e-04
1.086012163334999954e-04
5.430060816700000117e-05
5.430060816700000117e-05
1.810020272225000036e-05
1.810020272225000036e-05
1.810020272225000036e-05
5.430060816700000117e-05
3.620040544455000277e-05
1.810020272225000036e-05
0.000000000000000000e+00
0.000000000000000000e+00
0.000000000000000000e+00
1.810020272225000036e-05
