6.000000000000000000e+01
0.000000000000000000e+00
0.000000000000000000e+00
0.000000000000000000e+00
3.620040544455000277e-05
1.810020272225000036e-05
3.620040544455000277e-05
2.534028381120000052e-04
5.430060816700000388e-04
1.230813785115000012e-03
2.135823921230000071e-03
6.190269330999999958e-03
1.082392122789999946e-02
1.905951346655000017e-02
2.684260063715000061e-02
3.437228496960000046e-02
3.652620909354999806e-02
3.221836084565000285e-02
2.892412395020000151e-02
2.952143063999999872e-02
3.578410078194999705e-02
4.447219808859999984e-02
5.437300897749999806e-02
5.004706052699999658e-02
3.744931943239999950e-02
2.266145380830000139e-02
1.286924413555000021e-02
8.163191427750000548e-03
3.873443382564999930e-03
1.303214596004999932e-03
2.715030408340499872e-04
2.715030408340499872e-04
1.303214596004999932e-03
3.873443382564999930e-03
8.163191427750000548e-03
1.286924413555000021e-02
2.266145380830000139e-02
3.744931943239999950e-02
5.004706052699999658e-02
5.437300897749999806e-02
4.447219808859999984e-02
3.578410078194999705e-02
2.952143063999999872e-02
2.892412395020000151e-02
3.221836084565000285e-02
3.652620909354999806e-02
3.437228496960000046e-02
2.684260063715000061e-02
1.905951346655000017e-02
1.082392122789999946e-02
6.190269330999999958e-03
2.135823921230000071e-03
1.230813785115000012e-03
5.430060816700000388e-04
2.534028381120000052e-04
3.620040544455000277e-05
1.810020272225000036e-05
3.620040544455000277e-05
0.000000000000000000e+00
0.000000000000000000e+00
0.000000000000000000e+00
