6.000000000000000000e+01
0.000000000000000000e+00
0.000000000000000000e+00
0.000000000000000000e+00
0.000000000000000000e+00
3.620040544455000277e-05
7.240081088900000145e-05
7.240081088900000145e-05
5.430060816700000117e-05
2.172024326669999908e-04
2.172024326669999908e-04
2.896032435564999856e-04
1.810020272225000104e-04
2.353026353894999980e-04
9.050101361149999512e-05
2.353026353894999980e-04
1.267014190560000026e-04
1.267014190560000026e-04
3.077034462784999859e-04
2.534028381120000052e-04
6.335070952799999860e-04
1.194613379670000052e-03
3.493339125400000099e-03
9.430205618300000273e-03
2.215464813204999842e-02
4.577541268460000312e-02
7.699826238050000438e-02
1.045467709239445570e-01
1.045648711267785080e-01
7.985809441084000537e-02
4.883434694464999781e-02
4.883434694464999781e-02
7.985809441084000537e-02
1.045648711267785080e-01
1.045467709239445570e-01
7.699826238050000438e-02
4.577541268460000312e-02
2.215464813204999842e-02
9.430205618300000273e-03
3.493339125400000099e-03
1.194613379670000052e-03
6.335070952799999860e-04
2.534028381120000052e-04
3.077034462784999859e-04
1.267014190560000026e-04
1.267014190560000026e-04
2.353026353894999980e-04
9.050101361149999512e-05
2.353026353894999980e-04
1.810020272225000104e-04
2.896032435564999856e-04
2.172024326669999908e-04
2.172024326669999908e-04
5.430060816700000117e-05
7.240081088900000145e-05
7.240081088900000145e-05
3.620040544455000277e-05
0.000000000000000000e+00
0.000000000000000000e+00
0.000000000000000000e+00
0.000000000000000000e+00
