6.000000000000000000e+01
1.086012163334999954e-04
1.448016217780000029e-04
2.715030408340000055e-04
5.249058789449999969e-04
7.783087170600000437e-04
1.067911960615000036e-03
9.412105415600000198e-04
8.869099333900000177e-04
7.783087170600000437e-04
9.593107442822499829e-04
5.249058789449999969e-04
9.231103388349999779e-04
9.412105415572499410e-04
1.339415001449999892e-03
1.719519258614999940e-03
2.606429192004999958e-03
3.384737909065000001e-03
5.574862438472249701e-03
7.547784535199999860e-03
1.185563278309999941e-02
1.806400231682224813e-02
3.270706631914999801e-02
5.822835215750000321e-02
8.677237185050000468e-02
9.482696206200000311e-02
7.535114393272224209e-02
5.138647552844455291e-02
2.581088908193950038e-02
1.009991311904549945e-02
3.873443382564999930e-03
3.873443382564999930e-03
1.009991311904549945e-02
2.581088908193950038e-02
5.138647552844455291e-02
7.535114393272224209e-02
9.482696206200000311e-02
8.677237185050000468e-02
5.822835215750000321e-02
3.270706631914999801e-02
1.806400231682224813e-02
1.185563278309999941e-02
7.547784535199999860e-03
5.574862438472249701e-03
3.384737909065000001e-03
2.606429192004999958e-03
1.719519258614999940e-03
1.339415001449999892e-03
9.412105415572499410e-04
9.231103388349999779e-04
5.249058789449999969e-04
9.593107442822499829e-04
7.783087170600000437e-04
8.869099333900000177e-04
9.412105415600000198e-04
1.067911960615000036e-03
7.783087170600000437e-04
5.249058789449999969e-04
2.715030408340000055e-04
1.448016217780000029e-04
1.086012163334999954e-04
