6.000000000000000000e+01
2.099623515779999988e-03
4.362148856069000130e-03
1.261584129741699992e-02
2.868882131482224790e-02
5.287069215199999977e-02
8.561395887650000147e-02
1.108456414709999976e-01
1.080039096440000013e-01
6.686214885600000324e-02
2.278815522735000085e-02
4.416449464234999643e-03
7.783087170600000437e-04
5.430060816700000117e-05
0.000000000000000000e+00
0.000000000000000000e+00
0.000000000000000000e+00
0.000000000000000000e+00
0.000000000000000000e+00
0.000000000000000000e+00
0.000000000000000000e+00
0.000000000000000000e+00
0.000000000000000000e+00
0.000000000000000000e+00
0.000000000000000000e+00
0.000000000000000000e+00
0.000000000000000000e+00
0.000000000000000000e+00
0.000000000000000000e+00
0.000000000000000000e+00
0.000000000000000000e+00
0.000000000000000000e+00
0.000000000000000000e+00
0.000000000000000000e+00
0.000000000000000000e+00
0.000000000000000000e+00
0.000000000000000000e+00
0.000000000000000000e+00
0.000000000000000000e+00
0.000000000000000000e+00
0.000000000000000000e+00
0.000000000000000000e+00
0.000000000000000000e+00
0.000000000000000000e+00
0.000000000000000000e+00
0.000000000000000000e+00
0.000000000000000000e+00
0.000000000000000000e+00
5.430060816700000117e-05
7.783087170600000437e-04
4.416449464234999643e-03
2.278815522735000085e-02
6.686214885600000324e-02
1.080039096440000013e-01
1.108456414709999976e-01
8.561395887650000147e-02
5.287069215199999977e-02
2.868882131482224790e-02
1.261584129741699992e-02
4.362148856069000130e-03
2.099623515779999988e-03
