6.000000000000000000e+01
0.000000000000000000e+00
0.000000000000000000e+00
0.000000000000000000e+00
0.000000000000000000e+00
0.000000000000000000e+00
0.000000000000000000e+00
0.000000000000000000e+00
0.000000000000000000e+00
1.810020272225000036e-05
9.050101361149999512e-05
3.077034462784999859e-04
7.059079061700000149e-04
2.172024326669999908e-03
3.384737909065000001e-03
5.249058789450000186e-03
6.932377642650000039e-03
9.176802780199999621e-03
1.049811757890000037e-02
1.429916015059999948e-02
1.837170576309999845e-02
2.854401969300000147e-02
4.287938024904999756e-02
6.257240081100000351e-02
7.743266724599999484e-02
7.924268751799999622e-02
6.262670141899999432e-02
4.094265855780000046e-02
2.152114103677224902e-02
9.303504199222500243e-03
3.728641760785000089e-03
3.728641760785000089e-03
9.303504199222500243e-03
2.152114103677224902e-02
4.094265855780000046e-02
6.262670141899999432e-02
7.924268751799999622e-02
7.743266724599999484e-02
6.257240081100000351e-02
4.287938024904999756e-02
2.854401969300000147e-02
1.837170576309999845e-02
1.429916015059999948e-02
1.049811757890000037e-02
9.176802780199999621e-03
6.932377642650000039e-03
5.249058789450000186e-03
3.384737909065000001e-03
2.172024326669999908e-03
7.059079061700000149e-04
3.077034462784999859e-04
9.050101361149999512e-05
1.810020272225000036e-05
0.000000000000000000e+00
0.000000000000000000e+00
0.000000000000000000e+00
0.000000000000000000e+00
0.000000000000000000e+00
0.000000000000000000e+00
0.000000000000000000e+00
0.000000000000000000e+00
