6.000000000000000000e+01
1.810020272225000036e-05
1.810020272225000036e-05
3.620040544450000072e-05
3.620040544455000277e-05
1.991022299449999905e-04
3.801042571675500368e-04
8.145091225045500601e-04
1.466116420504000057e-03
2.172024326673500146e-03
3.457138719953499820e-03
3.855343179843500126e-03
2.950333043729999952e-03
2.696930205620000354e-03
1.900521285834999834e-03
1.900521285839500141e-03
2.226324934837499957e-03
2.859832030117249926e-03
4.543150883290000309e-03
6.552273385472249558e-03
1.037141615984999918e-02
1.629018245002224891e-02
2.450767448594999912e-02
3.569359976829999948e-02
4.711482768604999954e-02
6.157688966122224633e-02
7.267231392972224591e-02
7.323342021427800552e-02
5.864465682039000233e-02
3.884303504200500162e-02
2.296915725459999780e-02
2.296915725459999780e-02
3.884303504200500162e-02
5.864465682039000233e-02
7.323342021427800552e-02
7.267231392972224591e-02
6.157688966122224633e-02
4.711482768604999954e-02
3.569359976829999948e-02
2.450767448594999912e-02
1.629018245002224891e-02
1.037141615984999918e-02
6.552273385472249558e-03
4.543150883290000309e-03
2.859832030117249926e-03
2.226324934837499957e-03
1.900521285839500141e-03
1.900521285834999834e-03
2.696930205620000354e-03
2.950333043729999952e-03
3.855343179843500126e-03
3.457138719953499820e-03
2.172024326673500146e-03
1.466116420504000057e-03
8.145091225045500601e-04
3.801042571675500368e-04
1.991022299449999905e-04
3.620040544455000277e-05
3.620040544450000072e-05
1.810020272225000036e-05
1.810020272225000036e-05
