6.000000000000000000e+01
0.000000000000000000e+00
0.000000000000000000e+00
0.000000000000000000e+00
0.000000000000000000e+00
0.000000000000000000e+00
0.000000000000000000e+00
0.000000000000000000e+00
0.000000000000000000e+00
0.000000000000000000e+00
0.000000000000000000e+00
0.000000000000000000e+00
0.000000000000000000e+00
0.000000000000000000e+00
0.000000000000000000e+00
3.620040544455000277e-05
1.086012163334999954e-04
7.240081088900000416e-04
2.045322907615000109e-03
1.002751230814999915e-02
3.001013611350000082e-02
7.522444251399999782e-02
1.294164494639999941e-01
1.337785983204999862e-01
8.436504488849999595e-02
2.838111786849999846e-02
5.339559803050000428e-03
5.249058789449999969e-04
1.810020272225000036e-05
0.000000000000000000e+00
0.000000000000000000e+00
0.000000000000000000e+00
0.000000000000000000e+00
1.810020272225000036e-05
5.249058789449999969e-04
5.339559803050000428e-03
2.838111786849999846e-02
8.436504488849999595e-02
1.337785983204999862e-01
1.294164494639999941e-01
7.522444251399999782e-02
3.001013611350000082e-02
1.002751230814999915e-02
2.045322907615000109e-03
7.240081088900000416e-04
1.086012163334999954e-04
3.620040544455000277e-05
0.000000000000000000e+00
0.000000000000000000e+00
0.000000000000000000e+00
0.000000000000000000e+00
0.000000000000000000e+00
0.000000000000000000e+00
0.000000000000000000e+00
0.000000000000000000e+00
0.000000000000000000e+00
0.000000000000000000e+00
0.000000000000000000e+00
0.000000000000000000e+00
0.000000000000000000e+00
0.000000000000000000e+00
