6.000000000000000000e+01
1.810020272225000036e-05
1.810020272225000036e-05
9.050101361125000520e-05
1.629018245005000101e-04
1.267014190560000026e-04
1.629018245005000101e-04
2.172024326669999908e-04
3.982044598899999810e-04
2.534028381120000052e-04
1.086012163334999954e-04
5.430060816700000117e-05
1.991022299447500006e-04
1.267014190560000026e-04
1.991022299449999905e-04
5.611062843899999571e-04
7.964089197799999621e-04
2.172024326669999908e-03
4.398349261509999601e-03
9.556907037349999731e-03
1.723139299160000165e-02
3.058934260065000049e-02
4.655372140169999895e-02
6.202939472900000084e-02
7.497103967550000636e-02
7.690776136700000487e-02
6.977628149450000594e-02
4.990225890529999958e-02
3.051694178974454982e-02
1.496886765129500085e-02
6.932377642655000380e-03
6.932377642655000380e-03
1.496886765129500085e-02
3.051694178974454982e-02
4.990225890529999958e-02
6.977628149450000594e-02
7.690776136700000487e-02
7.497103967550000636e-02
6.202939472900000084e-02
4.655372140169999895e-02
3.058934260065000049e-02
1.723139299160000165e-02
9.556907037349999731e-03
4.398349261509999601e-03
2.172024326669999908e-03
7.964089197799999621e-04
5.611062843899999571e-04
1.991022299449999905e-04
1.267014190560000026e-04
1.991022299447500006e-04
5.430060816700000117e-05
1.086012163334999954e-04
2.534028381120000052e-04
3.982044598899999810e-04
2.172024326669999908e-04
1.629018245005000101e-04
1.267014190560000026e-04
1.629018245005000101e-04
9.050101361125000520e-05
1.810020272225000036e-05
1.810020272225000036e-05
