6.000000000000000000e+01
0.000000000000000000e+00
1.629018245005000101e-04
1.556617434114999964e-03
7.728786562400000344e-03
2.937662901825000006e-02
7.439183318849999782e-02
1.231718795249999998e-01
1.337966985229999961e-01
8.863669273099999968e-02
3.359397625254999936e-02
6.859976831749999872e-03
6.516072980000000127e-04
7.240081088900000145e-05
0.000000000000000000e+00
0.000000000000000000e+00
0.000000000000000000e+00
0.000000000000000000e+00
0.000000000000000000e+00
0.000000000000000000e+00
0.000000000000000000e+00
0.000000000000000000e+00
0.000000000000000000e+00
0.000000000000000000e+00
0.000000000000000000e+00
0.000000000000000000e+00
0.000000000000000000e+00
0.000000000000000000e+00
0.000000000000000000e+00
0.000000000000000000e+00
0.000000000000000000e+00
0.000000000000000000e+00
0.000000000000000000e+00
0.000000000000000000e+00
0.000000000000000000e+00
0.000000000000000000e+00
0.000000000000000000e+00
0.000000000000000000e+00
0.000000000000000000e+00
0.000000000000000000e+00
0.000000000000000000e+00
0.000000000000000000e+00
0.000000000000000000e+00
0.000000000000000000e+00
0.000000000000000000e+00
0.000000000000000000e+00
0.000000000000000000e+00
0.000000000000000000e+00
7.240081088900000145e-05
6.516072980000000127e-04
6.859976831749999872e-03
3.359397625254999936e-02
8.863669273099999968e-02
1.337966985229999961e-01
1.231718795249999998e-01
7.439183318849999782e-02
2.937662901825000006e-02
7.728786562400000344e-03
1.556617434114999964e-03
1.629018245005000101e-04
0.000000000000000000e+00
