60
0.0
0.0
0.0
0.0
2.09986980807e-05
8.39947923229e-05
0.000272983075049
0.00088194531939
0.00199487631767
0.00384276174877
0.0068665742724
0.0064256016127
0.0045777161816
0.00262483726009
0.00104993490404
0.000440972659695
2.09986980807e-05
0.0
0.0
2.09986980807e-05
0.0
0.0
0.0
0.0
0.000104993490404
0.000272983075049
0.00170089454454
0.00611062114149
0.0222166225694
0.0549745915753
0.0904623913317
0.107471336777
0.0909243626895
0.0558775355928
0.0281172567301
0.011444290454
0.00443072529503
0.00182688673302
0.000797950527067
0.000419973961614
0.000398975263534
0.000440972659695
0.000755953130906
0.0016378984503
0.00495569274705
0.0142161186006
0.0362647515854
0.074146402923
0.114736886313
0.113371970938
0.0788711099912
0.0371466969048
0.0127252110369
0.00319180210827
0.000713955734744
0.000104993490404
4.19973961614e-05
0.0
0.0
0.0
