60
0.0
0.0
0.0
0.0
0.0
0.0
0.0
0.0
0.0
4.19973961614e-05
0.00029398177313
0.00088194531939
0.00113392969636
0.000965940111713
0.00104993490404
0.000776951828987
0.000692957036664
0.000272983075049
0.000209986980807
4.19973961614e-05
0.000125992188484
0.000272983075049
0.000545966150099
0.00121792448868
0.00487169795473
0.0150140691277
0.0462391331737
0.113245978749
0.196148838772
0.220150350678
0.166372684894
0.111419092016
0.0651169627483
0.031477048423
0.0131451849985
0.00447272269119
0.00188988282726
0.0010919323002
0.000440972659695
0.000230985678888
4.19973961614e-05
4.19973961614e-05
4.19973961614e-05
2.09986980807e-05
0.0
0.0
0.0
0.0
0.0
0.0
0.0
0.0
0.0
0.0
0.0
0.0
0.0
0.0
0.0
0.0
