60
2.09986980807e-05
0.0
0.0
0.0
8.39947923229e-05
0.00029398177313
0.00132291797909
0.00474570576624
0.0118432657175
0.0220276342867
0.0294821721053
0.029398177313
0.0203057410441
0.00976439460753
0.00302381252362
0.000839947923229
0.000167989584646
0.000104993490404
2.09986980807e-05
0.0
0.0
4.19973961614e-05
2.09986980807e-05
6.29960942422e-05
0.000104993490404
0.000860946621309
0.00377976565453
0.0179748855571
0.0544706228214
0.105119482592
0.130275922893
0.114904875898
0.0760992818445
0.0402125068246
0.0167359623703
0.00569064717987
0.00182688673302
0.000440972659695
0.000146990886565
0.000104993490404
8.39947923229e-05
0.000272983075049
0.000650959640502
0.00224686069464
0.00636260551846
0.0137541472429
0.0246314728487
0.0414934274075
0.0586493637394
0.0620301541304
0.0440132711772
0.0251774389988
0.0114862878502
0.00449372138927
0.00155390365797
0.000566964848179
0.000125992188484
6.29960942422e-05
2.09986980807e-05
0.0
