60
0.0
0.0
0.0
2.09986980807e-05
4.19973961614e-05
0.000209986980807
0.000944941413632
0.00392675654109
0.0130401915081
0.0257864012431
0.0369997060182
0.0345848557389
0.022636596531
0.0112133047751
0.00426273571039
0.00153290495989
0.000419973961614
8.39947923229e-05
2.09986980807e-05
2.09986980807e-05
0.0
0.0
2.09986980807e-05
0.0
8.39947923229e-05
6.29960942422e-05
0.000713955734744
0.00317080341019
0.00902944017471
0.0253874259796
0.0492629456974
0.0670278442737
0.0669018520852
0.0403594977111
0.0146570912603
0.0029398177313
0.000671958338583
0.000209986980807
6.29960942422e-05
0.0
0.0
0.0
0.0
4.19973961614e-05
0.000146990886565
0.000797950527067
0.00310780731595
0.0118852631137
0.0363487463777
0.0830498509092
0.134454663811
0.146444920415
0.0960690437193
0.0388685901474
0.0101843685691
0.00188988282726
0.000398975263534
0.0
0.0
0.0
