60
0.0
0.0
0.0
0.0
6.29960942422e-05
6.29960942422e-05
0.000167989584646
0.000251984376969
0.00029398177313
0.000251984376969
0.000125992188484
2.09986980807e-05
2.09986980807e-05
0.0
0.0
0.0
0.0
0.0
0.0
0.0
0.0
0.0
0.0
0.0
0.0
6.29960942422e-05
8.39947923229e-05
0.00149090756373
0.00970139851329
0.0375246734702
0.0791020956701
0.099365839318
0.0850447272269
0.0415774221998
0.0129561967158
0.00375876695645
0.00125992188484
0.000755953130906
0.000356977867372
0.000545966150099
0.00113392969636
0.00144891016757
0.0030448112217
0.00569064717987
0.0129771954139
0.0279072697493
0.0620931502247
0.117907689723
0.155747343665
0.130107933308
0.071269581286
0.0251774389988
0.00770652219562
0.00203687371383
0.000566964848179
0.000230985678888
0.000104993490404
0.0
0.0
0.0
