60
0.0
0.0
0.0
6.29960942422e-05
0.000251984376969
0.00132291797909
0.00438872789887
0.0136491537525
0.0306790978959
0.0622401411113
0.0906723783125
0.0869556087523
0.0523287556172
0.0211876863634
0.00569064717987
0.00115492839444
0.000335979169292
2.09986980807e-05
0.0
0.0
0.0
0.0
0.0
2.09986980807e-05
2.09986980807e-05
6.29960942422e-05
0.000146990886565
0.000482970055857
0.00117592709252
0.00256184116585
0.00491369535089
0.00535466801058
0.00499769014321
0.00281382554282
0.00151190626181
0.00100793750787
0.00058796354626
0.000482970055857
0.000230985678888
6.29960942422e-05
0.000251984376969
0.00029398177313
0.000671958338583
0.00155390365797
0.00426273571039
0.0119062618118
0.0336189156272
0.0789551047835
0.127861072613
0.143715089664
0.111104111545
0.0565914913275
0.022888580908
0.0065305951031
0.0018478854311
0.000377976565453
0.000188988282726
0.0
0.0
0.0
