60
0.0
0.0
0.0
0.0
0.0
0.0
0.0
0.0
0.0
0.0
0.0
0.0
0.0
0.0
0.0
0.0
0.0
0.0
0.0
0.0
0.0
0.0
0.0
0.0
0.0
0.0
0.0
0.0
0.0
6.29960942422e-05
0.000104993490404
0.000272983075049
0.000356977867372
0.000377976565453
0.000314980471211
0.000125992188484
6.29960942422e-05
4.19973961614e-05
0.0
0.0
4.19973961614e-05
4.19973961614e-05
2.09986980807e-05
0.000356977867372
0.00153290495989
0.00695056906472
0.0401285120323
0.152366553274
0.299063458066
0.288270127252
0.148775775902
0.0463441266641
0.0112343034732
0.00201587501575
0.000692957036664
0.000335979169292
6.29960942422e-05
4.19973961614e-05
0.0
0.0
