60
0.000146990886565
0.000125992188484
0.000356977867372
0.000965940111713
0.00314980471211
0.0102893620596
0.0271723153165
0.0622401411113
0.109277224812
0.136155558355
0.112406030826
0.0622191424132
0.0229305783041
0.00592163285876
0.00149090756373
0.00029398177313
0.0
2.09986980807e-05
0.0
0.0
0.0
0.0
0.0
0.0
2.09986980807e-05
4.19973961614e-05
0.000314980471211
0.0010919323002
0.00539666540674
0.0145520977699
0.0285792280879
0.0362227541892
0.0306161018017
0.017680903784
0.00701356515896
0.00218386460039
0.000524967452018
0.000146990886565
6.29960942422e-05
0.0
2.09986980807e-05
2.09986980807e-05
0.0
4.19973961614e-05
4.19973961614e-05
0.000398975263534
0.00270883205241
0.0121582461887
0.0368107177355
0.0700096594011
0.0784091386334
0.0563395069506
0.026794338751
0.0110663138885
0.00394775523918
0.00104993490404
0.000251984376969
0.000146990886565
8.39947923229e-05
8.39947923229e-05
