60
0.0
0.0
0.0
0.0
0.0
0.0
0.0
0.0
0.0
0.0
0.0
0.0
0.0
0.0
0.0
0.0
0.0
0.0
0.0
0.0
0.0
0.0
0.0
0.0
0.0
0.0
0.0
0.0
8.39947923229e-05
0.000797950527067
0.00172189324262
0.00377976565453
0.00485069925665
0.00440972659695
0.00203687371383
0.000839947923229
0.000272983075049
0.000104993490404
4.19973961614e-05
6.29960942422e-05
0.000125992188484
0.000251984376969
0.00149090756373
0.00905043887279
0.0408214690689
0.135000629961
0.250115492839
0.269854269035
0.17122338415
0.0725295031708
0.0217546512116
0.0063206081223
0.00176389063878
0.000566964848179
0.000104993490404
2.09986980807e-05
0.0
0.0
0.0
0.0
