60
0.0
0.0
0.0
0.0
4.19973961614e-05
0.000104993490404
0.000524967452018
0.00144891016757
0.00396875393726
0.00965940111713
0.0151820587124
0.0170089454454
0.0129561967158
0.00720255344169
0.00222586199656
0.000734954432825
0.000146990886565
6.29960942422e-05
4.19973961614e-05
0.0
2.09986980807e-05
0.0
0.0
6.29960942422e-05
4.19973961614e-05
0.000545966150099
0.00272983075049
0.0124732266599
0.046302129268
0.0999958002604
0.132333795305
0.110159170131
0.0602872621897
0.0306790978959
0.0128932006216
0.00499769014321
0.00203687371383
0.000650959640502
0.00029398177313
0.000251984376969
0.000272983075049
0.000335979169292
0.000923942715552
0.0016378984503
0.00451472008735
0.0118642644156
0.0313720549326
0.0642350174289
0.0934652051573
0.0888664902776
0.0643190122212
0.0323379950443
0.0121792448868
0.00398975263534
0.00111293099828
0.000356977867372
0.000146990886565
0.0
0.0
0.0
