60
0.0
0.0
0.0
0.0
0.0
2.09986980807e-05
0.0
4.19973961614e-05
4.19973961614e-05
0.000104993490404
0.000461971357776
0.000923942715552
0.000860946621309
0.00132291797909
0.000524967452018
0.000251984376969
0.000146990886565
2.09986980807e-05
0.0
0.0
0.0
0.0
0.0
0.0
0.0
0.0
0.0
0.0
0.000167989584646
0.000734954432825
0.00186888412918
0.00361177606988
0.00613161983957
0.00497669144513
0.00354877997564
0.00199487631767
0.000650959640502
0.000230985678888
6.29960942422e-05
6.29960942422e-05
2.09986980807e-05
2.09986980807e-05
0.000104993490404
0.000461971357776
0.00132291797909
0.00745453781866
0.0354038049641
0.113686951409
0.240120112553
0.283503422788
0.186699424636
0.0786401243123
0.0196127840074
0.0035907773718
0.000440972659695
0.000125992188484
2.09986980807e-05
0.0
0.0
0.0
