60
0.0
0.0
0.0
6.29960942422e-05
0.000188988282726
0.00029398177313
0.00100793750787
0.00306580991978
0.00909243626895
0.0177229011801
0.0266893452606
0.0263113686951
0.0201797488556
0.0110663138885
0.00508168493553
0.00155390365797
0.000419973961614
8.39947923229e-05
2.09986980807e-05
6.29960942422e-05
0.0
2.09986980807e-05
0.0
2.09986980807e-05
0.000104993490404
0.000188988282726
0.00128092058292
0.00386376044685
0.0112133047751
0.0244214858679
0.0385326109781
0.0436142959137
0.0380076435261
0.027046323128
0.0161060014279
0.00699256646088
0.00275082944857
0.00123892318676
0.00058796354626
0.000230985678888
0.000209986980807
0.000398975263534
0.000524967452018
0.00218386460039
0.00709755995128
0.0187098399899
0.0519507790517
0.106085422704
0.15711225904
0.152828524631
0.10098273907
0.043698290706
0.0138801394314
0.00377976565453
0.00115492839444
0.000251984376969
2.09986980807e-05
0.0
0.0
0.0
