60
0.0
0.0
0.0
0.0
0.0
0.0
0.0
0.0
0.0
0.0
0.0
2.09986980807e-05
0.0
0.0
0.0
0.0
0.0
2.09986980807e-05
0.0
0.0
0.0
0.0
0.0
0.0
4.19973961614e-05
0.000230985678888
0.00193188022343
0.0133761706774
0.0552685733485
0.137457477636
0.194594935114
0.147893830583
0.0669438494813
0.0195287892151
0.00560665238755
0.00235185418504
0.000902944017471
0.000524967452018
0.000335979169292
0.000251984376969
0.000314980471211
0.00138591407333
0.00380076435261
0.00810549745916
0.0146990886565
0.020557725421
0.0354038049641
0.0592373272857
0.0797740540087
0.0712275838898
0.0388475914493
0.0142371172987
0.00417874091806
0.000734954432825
0.000209986980807
0.0
0.0
0.0
0.0
0.0
