60
0.0
0.0
0.0
0.0
0.0
8.39947923229e-05
0.000503968753937
0.00161689975222
0.00594263155684
0.0132501784889
0.0196757801016
0.0245684767544
0.0239175171139
0.0169459493511
0.00747553651674
0.00165889714838
0.000230985678888
2.09986980807e-05
2.09986980807e-05
2.09986980807e-05
0.0
0.0
0.0
0.0
0.0
0.0
0.0
0.0
0.000188988282726
0.000482970055857
0.00172189324262
0.00548066019907
0.0154130443912
0.0321490067616
0.0514258115997
0.0491999496031
0.0271513166184
0.0108773256058
0.00327579690059
0.000671958338583
0.000356977867372
0.000188988282726
0.000125992188484
0.000482970055857
0.000797950527067
0.00367477216413
0.0159590105413
0.0628281046575
0.147746839696
0.207488135736
0.160556045525
0.0664818781236
0.0160640040318
0.00287682163706
0.000272983075049
8.39947923229e-05
2.09986980807e-05
0.0
2.09986980807e-05
0.0
