60
0.0
0.0
0.0
0.0
0.0
0.0
0.0
0.0
0.0
0.0
2.09986980807e-05
0.0
0.0
0.0
0.0
0.0
0.0
0.0
0.0
0.0
0.0
0.0
0.0
2.09986980807e-05
2.09986980807e-05
2.09986980807e-05
0.000314980471211
0.00377976565453
0.0310990718575
0.113413968334
0.209860988619
0.206501196926
0.133341732813
0.0697786737222
0.0291881903322
0.00888244928814
0.00262483726009
0.00058796354626
0.000314980471211
6.29960942422e-05
0.000125992188484
0.000125992188484
0.000125992188484
0.000545966150099
0.00191088152535
0.00604762504725
0.0131661836966
0.0257864012431
0.0387006005628
0.0398975263534
0.0319810171769
0.0195707866112
0.00842047793037
0.00285582293898
0.000650959640502
0.000188988282726
4.19973961614e-05
0.0
2.09986980807e-05
0.0
