60
6.29960942422e-05
2.09986980807e-05
8.39947923229e-05
0.000377976565453
0.00161689975222
0.00785351308219
0.0297551551804
0.0806769980261
0.146507916509
0.175885095124
0.137583469825
0.0692747049683
0.0227625887195
0.00558565368947
0.00132291797909
6.29960942422e-05
8.39947923229e-05
2.09986980807e-05
0.0
0.0
0.0
0.0
0.0
0.0
0.0
0.0
0.0
4.19973961614e-05
0.000377976565453
0.00140691277141
0.00390575784301
0.0058796354626
0.00604762504725
0.00461971357776
0.00224686069464
0.000524967452018
0.000188988282726
6.29960942422e-05
2.09986980807e-05
0.0
2.09986980807e-05
0.0
0.0
0.0
0.000146990886565
0.000335979169292
0.00178488933686
0.00737054302633
0.0214816681366
0.0451262021755
0.0667758598967
0.0663768846332
0.0453151904582
0.0245264793583
0.0108773256058
0.00361177606988
0.000944941413632
0.00029398177313
0.000146990886565
0.0
