60
0.0
0.0
0.0
0.0
0.0
0.0
0.0
0.0
0.0
0.0
0.0
0.0
0.0
0.0
0.0
0.0
0.0
0.0
0.0
0.0
0.0
0.0
0.0
0.0
0.0
0.0
0.000104993490404
0.000902944017471
0.00476670446432
0.0107723321154
0.0152030574104
0.0125362227542
0.00800050396875
0.00327579690059
0.00159590105413
0.000713955734744
0.000251984376969
0.000125992188484
4.19973961614e-05
2.09986980807e-05
2.09986980807e-05
0.000125992188484
4.19973961614e-05
0.000125992188484
0.000188988282726
0.000671958338583
0.00409474612574
0.0209147032884
0.0818739238167
0.191802108269
0.269854269035
0.217693503003
0.103082608878
0.0375666708664
0.00978539330562
0.0030448112217
0.000650959640502
0.000146990886565
0.0
0.0
