60
0.0
4.19973961614e-05
6.29960942422e-05
0.000272983075049
0.0016378984503
0.00604762504725
0.0212716811558
0.050732854563
0.0779681659737
0.0756163117887
0.0448532191004
0.0174499181051
0.00571164587796
0.00146990886565
0.000356977867372
0.000167989584646
2.09986980807e-05
4.19973961614e-05
0.0
2.09986980807e-05
0.0
0.0
0.0
0.0
2.09986980807e-05
6.29960942422e-05
0.000146990886565
0.00176389063878
0.00684557557431
0.0229305783041
0.0412204443325
0.0416824156902
0.0281382554282
0.0131031876024
0.0053336693125
0.00218386460039
0.000797950527067
0.000398975263534
0.000167989584646
0.000125992188484
8.39947923229e-05
0.0
2.09986980807e-05
6.29960942422e-05
4.19973961614e-05
0.000146990886565
0.0010919323002
0.00405274872958
0.0176599050859
0.052811725673
0.109991180547
0.139200369577
0.110957120659
0.0612951996976
0.0228675822099
0.008063500063
0.00205787241191
0.000566964848179
0.00029398177313
6.29960942422e-05
