60
0.0
0.0
0.0
2.09986980807e-05
4.19973961614e-05
4.19973961614e-05
0.000419973961614
0.0023938515812
0.00823148964764
0.0219646381924
0.0332409390618
0.033030952081
0.0184368569149
0.00703456385704
0.00182688673302
0.000503968753937
4.19973961614e-05
4.19973961614e-05
0.0
0.0
0.0
0.0
0.0
0.0
6.29960942422e-05
0.000146990886565
0.000524967452018
0.0022888580908
0.0102053672672
0.0446432321196
0.14453403889
0.233400529167
0.210868926127
0.104384528159
0.0296711603881
0.00640460291462
0.0016378984503
0.000398975263534
0.000167989584646
0.000188988282726
8.39947923229e-05
2.09986980807e-05
0.000167989584646
0.00029398177313
0.000944941413632
0.00325479820251
0.00978539330562
0.0161689975222
0.0189618243669
0.016127000126
0.0107513334173
0.00472470706816
0.00136491537525
0.000377976565453
0.000104993490404
4.19973961614e-05
2.09986980807e-05
0.0
0.0
0.0
