60
0.0
0.0
0.0
0.0
0.000104993490404
0.000608962244341
0.00394775523918
0.021061694175
0.0769392297678
0.174436184957
0.240855066986
0.179601864684
0.0764562597119
0.0180168829533
0.00432573180463
0.000944941413632
0.000188988282726
0.0
2.09986980807e-05
0.0
0.0
0.0
0.0
0.0
0.0
0.0
8.39947923229e-05
0.000188988282726
0.000818949225148
0.00125992188484
0.00195287892151
0.0022888580908
0.00209986980807
0.00155390365797
0.00104993490404
0.000482970055857
0.000167989584646
4.19973961614e-05
4.19973961614e-05
0.0
2.09986980807e-05
2.09986980807e-05
4.19973961614e-05
0.000104993490404
0.000377976565453
0.00113392969636
0.00289782033514
0.00808449876108
0.0177648985763
0.0315190458192
0.0482130107933
0.0412834404267
0.0250724455084
0.00970139851329
0.00310780731595
0.000797950527067
0.000230985678888
4.19973961614e-05
4.19973961614e-05
0.0
