60
0.0
2.09986980807e-05
0.0
2.09986980807e-05
0.0
4.19973961614e-05
0.00029398177313
0.000944941413632
0.00230985678888
0.00447272269119
0.00804250136492
0.0214186720423
0.0461551383814
0.0535466801058
0.0291671916341
0.00848347402461
0.00136491537525
0.000167989584646
4.19973961614e-05
2.09986980807e-05
0.0
0.0
0.0
0.0
0.0
0.0
2.09986980807e-05
0.000146990886565
0.000692957036664
0.00254084246777
0.00915543236319
0.0226995926253
0.0364957372643
0.0389525849397
0.0273823022973
0.0128722019235
0.00455671748352
0.00125992188484
0.000923942715552
0.000314980471211
0.000356977867372
0.000377976565453
0.000692957036664
0.00167989584646
0.00520767712402
0.0119272605098
0.0298391499727
0.0662088950485
0.115177858973
0.152345554576
0.13468564949
0.0858846751501
0.0408214690689
0.0145310990719
0.00438872789887
0.000944941413632
0.000314980471211
4.19973961614e-05
4.19973961614e-05
0.0
