60
0.0
0.0
0.0
0.0
0.0
0.0
0.000146990886565
0.000566964848179
0.00138591407333
0.00256184116585
0.0030448112217
0.00216286590231
0.0010919323002
0.000419973961614
0.000230985678888
4.19973961614e-05
2.09986980807e-05
0.0
2.09986980807e-05
0.0
0.0
0.0
0.0
0.0
0.0
0.0
0.0
4.19973961614e-05
0.000209986980807
0.000671958338583
0.00214186720423
0.00554365629331
0.00791650917643
0.00970139851329
0.00600562765109
0.0023938515812
0.000839947923229
0.000440972659695
4.19973961614e-05
2.09986980807e-05
2.09986980807e-05
0.0
2.09986980807e-05
6.29960942422e-05
0.000272983075049
0.001301919281
0.00501868884129
0.0209567006846
0.0646129939944
0.14102725631
0.216748561589
0.232917559111
0.168220570325
0.0761622779388
0.0204737306287
0.00375876695645
0.000629960942422
6.29960942422e-05
6.29960942422e-05
0.0
