60
0.0
0.0
0.0
0.0
0.0
0.0
0.0
0.0
0.0
0.0
6.29960942422e-05
6.29960942422e-05
2.09986980807e-05
0.0
4.19973961614e-05
0.0
0.0
2.09986980807e-05
0.0
0.0
0.0
0.0
0.0
6.29960942422e-05
0.000167989584646
0.000545966150099
0.00144891016757
0.00409474612574
0.00915543236319
0.0176179076897
0.0221536264752
0.0209776993826
0.0139431355256
0.00569064717987
0.00167989584646
0.000440972659695
0.000209986980807
6.29960942422e-05
8.39947923229e-05
4.19973961614e-05
4.19973961614e-05
0.000146990886565
0.000839947923229
0.00382176305069
0.0158540170509
0.0401285120323
0.0604972491706
0.0688127336105
0.0923942715552
0.161123010373
0.206081222964
0.158141195246
0.0694006971568
0.0198437696863
0.0034857838814
0.000692957036664
8.39947923229e-05
2.09986980807e-05
0.0
0.0
