60
2.09986980807e-05
0.0
2.09986980807e-05
4.19973961614e-05
0.000209986980807
0.0010919323002
0.00545966150099
0.02133467725
0.0635210616942
0.14092226282
0.196673806224
0.183990592583
0.116290789971
0.0500818949225
0.0153710469951
0.00354877997564
0.000650959640502
0.000167989584646
0.0
0.0
0.0
0.0
0.0
0.0
0.0
2.09986980807e-05
0.000188988282726
0.000839947923229
0.00212086850615
0.00541766410483
0.00680357817815
0.00621561463189
0.00382176305069
0.00138591407333
0.000650959640502
8.39947923229e-05
8.39947923229e-05
4.19973961614e-05
2.09986980807e-05
0.0
0.0
6.29960942422e-05
0.000272983075049
0.000566964848179
0.00237285288312
0.0068665742724
0.0139431355256
0.0247364663391
0.0355717945487
0.0347528453236
0.0279492671454
0.0152030574104
0.00650959640502
0.00281382554282
0.00100793750787
0.000188988282726
6.29960942422e-05
0.0
0.0
2.09986980807e-05
