60
0.0
0.0
0.0
0.0
0.0
0.0
0.0
0.0
0.0
0.0
0.0
0.0
0.0
0.0
0.0
0.0
0.0
0.0
0.0
0.0
0.0
0.0
0.0
0.0
4.19973961614e-05
0.000230985678888
0.000545966150099
0.00415774221998
0.0175759102936
0.0604972491706
0.141321238083
0.217105539457
0.206249212549
0.12330435513
0.0478980303221
0.0146990886565
0.00434673050271
0.00125992188484
0.000377976565453
0.00029398177313
0.000167989584646
0.000167989584646
0.000188988282726
0.000167989584646
0.000503968753937
0.00287682163706
0.0123892318676
0.0341018856831
0.0474360589643
0.0375036747722
0.0182688673302
0.00541766410483
0.000755953130906
0.000125992188484
2.09986980807e-05
0.0
0.0
0.0
0.0
0.0
