60
0.0
0.0
0.0
0.0
0.0
0.0
0.0
8.39947923229e-05
0.000146990886565
0.000629960942422
0.00161689975222
0.00224686069464
0.00356977867372
0.00340178908908
0.00251984376969
0.00140691277141
0.000356977867372
4.19973961614e-05
4.19973961614e-05
0.0
0.0
0.0
0.0
0.0
6.29960942422e-05
0.000461971357776
0.00289782033514
0.0137541472429
0.0499769014321
0.117823694931
0.179832850363
0.176242072991
0.11246902692
0.0502918819033
0.0186468438957
0.00501868884129
0.00159590105413
0.000503968753937
0.000209986980807
0.000146990886565
0.000188988282726
0.000167989584646
0.000398975263534
0.000818949225148
0.00312880601403
0.0118642644156
0.0350048297006
0.0616311788669
0.0684977531393
0.0434043089328
0.0200747553652
0.00659359119735
0.00176389063878
0.000398975263534
4.19973961614e-05
2.09986980807e-05
0.0
0.0
0.0
0.0
