60
0.0
0.0
0.0
0.0
0.0
2.09986980807e-05
2.09986980807e-05
6.29960942422e-05
0.000188988282726
0.000335979169292
0.000671958338583
0.000713955734744
0.000335979169292
0.000125992188484
0.000188988282726
2.09986980807e-05
4.19973961614e-05
0.0
0.0
0.0
0.0
0.0
0.0
0.0
0.0
4.19973961614e-05
0.00029398177313
0.0017428919407
0.0102053672672
0.0381756331107
0.0810339758935
0.091302339255
0.064508000504
0.0341228843812
0.0153080509008
0.00543866280291
0.00149090756373
0.000650959640502
0.00029398177313
8.39947923229e-05
0.000125992188484
0.000188988282726
0.000440972659695
0.00128092058292
0.00445172399311
0.0108983243039
0.0275292931838
0.0613581957919
0.115303851161
0.16072403511
0.147179874848
0.0818949225148
0.0312880601403
0.00802150266683
0.00153290495989
0.000251984376969
0.000104993490404
0.0
0.0
0.0
