60
0.0
0.0
2.09986980807e-05
0.000146990886565
0.000125992188484
0.000545966150099
0.000755953130906
0.00186888412918
0.0030448112217
0.00650959640502
0.0299441434631
0.101150728655
0.196211834866
0.194468942926
0.10142371173
0.0305321070094
0.00585863676452
0.000923942715552
6.29960942422e-05
8.39947923229e-05
2.09986980807e-05
0.0
0.0
0.0
0.0
2.09986980807e-05
0.000524967452018
0.00285582293898
0.0104363529461
0.0200117592709
0.0260593843182
0.0215236655327
0.0116752761329
0.0063206081223
0.00224686069464
0.00123892318676
0.000503968753937
0.000251984376969
0.000230985678888
0.000188988282726
0.000104993490404
0.000188988282726
0.000314980471211
0.00088194531939
0.00172189324262
0.00485069925665
0.012998194112
0.0274242996934
0.0457561631179
0.0552895720465
0.0429843349712
0.0212926798538
0.00657259249927
0.00155390365797
0.000251984376969
2.09986980807e-05
0.0
0.0
0.0
0.0
