60
0.0
0.0
0.0
0.0
4.19973961614e-05
0.000608962244341
0.00424173701231
0.0202007475537
0.0827978665323
0.205283272437
0.273298055521
0.206837176095
0.0844567636807
0.0204317332325
0.00354877997564
0.000419973961614
6.29960942422e-05
2.09986980807e-05
0.0
0.0
0.0
0.0
0.0
0.0
0.0
0.0
0.0
0.0
0.0
4.19973961614e-05
0.0
0.000125992188484
0.000188988282726
0.000188988282726
0.000503968753937
0.000377976565453
0.000230985678888
0.000209986980807
0.000125992188484
0.0
0.0
2.09986980807e-05
0.0
0.0
4.19973961614e-05
2.09986980807e-05
0.000440972659695
0.00214186720423
0.00783251438411
0.020032757969
0.0290831968418
0.02133467725
0.0101633698711
0.00346478518332
0.00100793750787
0.000125992188484
4.19973961614e-05
0.0
0.0
0.0
