60
0.0
0.0
0.0
0.0
0.0
0.0
0.0
0.0
0.0
0.0
4.19973961614e-05
2.09986980807e-05
0.0
2.09986980807e-05
6.29960942422e-05
2.09986980807e-05
0.0
0.0
0.0
0.0
0.0
0.0
0.0
0.0
0.0
4.19973961614e-05
0.000209986980807
0.00144891016757
0.00501868884129
0.012494225358
0.0155180378817
0.0149930704296
0.0109403217001
0.00737054302633
0.00529167191634
0.00319180210827
0.00212086850615
0.00134391667717
0.000797950527067
0.000629960942422
0.000839947923229
0.000902944017471
0.00256184116585
0.00579564067028
0.0158540170509
0.0415984208979
0.096782999454
0.175570114653
0.216097601949
0.189072277519
0.108164293814
0.0447272269119
0.0154550417874
0.00377976565453
0.000944941413632
0.000209986980807
4.19973961614e-05
2.09986980807e-05
0.0
0.0
