60
0.0
2.09986980807e-05
0.0
0.0
4.19973961614e-05
4.19973961614e-05
0.000125992188484
0.000125992188484
0.000461971357776
0.000944941413632
0.00205787241191
0.00386376044685
0.00699256646088
0.00734954432825
0.00529167191634
0.0028348242409
0.00102893620596
0.000188988282726
2.09986980807e-05
0.0
0.0
0.0
0.0
0.0
0.0
2.09986980807e-05
8.39947923229e-05
0.000167989584646
0.000566964848179
0.00107093360212
0.00249884507161
0.00346478518332
0.00342278778716
0.0030448112217
0.00188988282726
0.000818949225148
0.000377976565453
0.000251984376969
6.29960942422e-05
4.19973961614e-05
0.000188988282726
0.000230985678888
0.000440972659695
0.000797950527067
0.00180588803494
0.00371676956029
0.00949141153248
0.0335769182311
0.113875939692
0.243479904246
0.278379740456
0.178740918063
0.0680777791777
0.0147620847507
0.00291881903322
0.000335979169292
0.0
0.0
0.0
0.0
