60
0.0
0.0
0.0
0.0
2.09986980807e-05
0.000461971357776
0.00346478518332
0.0187098399899
0.0630380916383
0.100667758599
0.0784301373315
0.0303851161228
0.00833648313805
0.00222586199656
0.000902944017471
0.000713955734744
0.000419973961614
0.000167989584646
0.000104993490404
2.09986980807e-05
0.0
4.19973961614e-05
2.09986980807e-05
6.29960942422e-05
0.000398975263534
0.00132291797909
0.00499769014321
0.0186468438957
0.0576414262316
0.130107933308
0.187224392088
0.164902776028
0.0866616269791
0.029923144765
0.00768552349754
0.00155390365797
0.000272983075049
8.39947923229e-05
0.0
0.0
0.0
0.0
2.09986980807e-05
0.000104993490404
6.29960942422e-05
8.39947923229e-05
4.19973961614e-05
4.19973961614e-05
2.09986980807e-05
0.0
0.0
0.0
0.0
0.0
0.0
0.0
0.0
0.0
0.0
0.0
