60
0.0
0.0
0.0
0.0
0.0
0.0
0.0
0.0
0.0
0.0
0.0
0.0
0.0
4.19973961614e-05
0.0
0.0
0.0
0.0
2.09986980807e-05
6.29960942422e-05
4.19973961614e-05
6.29960942422e-05
0.000146990886565
0.000314980471211
0.000524967452018
0.000860946621309
0.00197387761959
0.00701356515896
0.0240855066986
0.0674478182353
0.127063122086
0.171916341187
0.161249002562
0.101087732561
0.0481920120953
0.0204317332325
0.00804250136492
0.00356977867372
0.00153290495989
0.000545966150099
0.000314980471211
0.000146990886565
0.000167989584646
0.00088194531939
0.00365377346605
0.0128302045273
0.0376506656587
0.0635210616942
0.0658729158792
0.0438242828945
0.0171559363319
0.00634160682038
0.00117592709252
0.000209986980807
0.0
0.0
0.0
0.0
0.0
2.09986980807e-05
