60
0.0
0.0
0.0
0.0
0.000104993490404
0.000314980471211
0.00157490235605
0.00837848053421
0.0312460627441
0.0693796984587
0.0932762168746
0.063227079921
0.0247784637352
0.0064256016127
0.00136491537525
0.000251984376969
2.09986980807e-05
0.0
0.0
0.0
0.0
2.09986980807e-05
2.09986980807e-05
0.0
6.29960942422e-05
6.29960942422e-05
0.000230985678888
0.000482970055857
0.000713955734744
0.000734954432825
0.00058796354626
0.000734954432825
0.000965940111713
0.00176389063878
0.00235185418504
0.00142791146949
0.000755953130906
0.000272983075049
4.19973961614e-05
2.09986980807e-05
0.000104993490404
0.000188988282726
0.000356977867372
0.00117592709252
0.00314980471211
0.00970139851329
0.0318760236865
0.0775061946159
0.12122548402
0.13840241905
0.118915627231
0.0830918483054
0.054365629331
0.0301121330478
0.0125782201504
0.00398975263534
0.00123892318676
0.000314980471211
8.39947923229e-05
2.09986980807e-05
