60
0.0
0.0
0.0
0.0
0.0
6.29960942422e-05
4.19973961614e-05
0.000209986980807
0.000797950527067
0.000818949225148
0.00159590105413
0.00392675654109
0.00768552349754
0.00953340892865
0.00596363025492
0.00220486329848
0.000482970055857
0.000125992188484
0.0
0.0
2.09986980807e-05
2.09986980807e-05
0.0
2.09986980807e-05
0.000104993490404
0.000230985678888
0.000797950527067
0.00260383856201
0.00667758598967
0.010919323002
0.0145101003738
0.0133341732813
0.010667338625
0.00753853261098
0.00566964848179
0.00317080341019
0.00138591407333
0.000650959640502
0.000335979169292
0.000272983075049
0.000209986980807
0.000188988282726
0.000482970055857
0.00237285288312
0.0124102305657
0.0561085212717
0.127084120785
0.169879467473
0.13008693461
0.105266473479
0.106694384948
0.0931502246861
0.0574734366469
0.0209567006846
0.00428373440847
0.000671958338583
0.000272983075049
2.09986980807e-05
0.0
0.0
