60
0.0
0.0
0.0
8.39947923229e-05
0.000272983075049
0.00100793750787
0.00482970055857
0.0228465835118
0.0698416698165
0.15448742178
0.209902986015
0.186531435051
0.106463399269
0.0418084078787
0.0121582461887
0.00268783335433
0.000650959640502
0.000167989584646
2.09986980807e-05
0.0
0.0
2.09986980807e-05
0.0
0.0
6.29960942422e-05
0.000167989584646
0.000839947923229
0.00279282684474
0.00638360421654
0.00865146360926
0.00917643106127
0.00646759900886
0.00296081642938
0.00140691277141
0.000545966150099
0.000251984376969
8.39947923229e-05
2.09986980807e-05
0.0
0.0
0.0
4.19973961614e-05
2.09986980807e-05
4.19973961614e-05
0.000272983075049
0.000944941413632
0.00310780731595
0.0094704128344
0.0215446642308
0.0326319768174
0.0339548947965
0.0253664272815
0.0122422409811
0.00451472008735
0.00155390365797
0.000545966150099
0.000104993490404
4.19973961614e-05
0.0
0.0
