60
4.19973961614e-05
4.19973961614e-05
0.000125992188484
0.000125992188484
0.000440972659695
0.00161689975222
0.00388475914493
0.0113812943597
0.0219016420982
0.0292511864264
0.0279072697493
0.017701902482
0.00898744277855
0.00354877997564
0.00107093360212
0.000188988282726
4.19973961614e-05
2.09986980807e-05
0.0
0.0
0.0
0.0
0.0
0.0
0.0
2.09986980807e-05
0.000188988282726
0.000671958338583
0.00134391667717
0.00308680861787
0.00550165889715
0.0063206081223
0.00732854563017
0.004682709672
0.00331779429675
0.00159590105413
0.000776951828987
0.000314980471211
0.000188988282726
0.000188988282726
0.000146990886565
0.000230985678888
0.000398975263534
0.00140691277141
0.00430473310655
0.011717273529
0.0342698752677
0.0798370501029
0.140754273235
0.18567048843
0.173701230524
0.115198857671
0.0581663936836
0.0214816681366
0.00619461593381
0.00201587501575
0.000503968753937
0.000125992188484
2.09986980807e-05
4.19973961614e-05
