60
0.0
0.0
0.0
2.09986980807e-05
0.0
0.000104993490404
0.000524967452018
0.00180588803494
0.00743353912057
0.0240225106043
0.0524337491076
0.0726554953593
0.0616941749612
0.0295661668977
0.00850447272269
0.00188988282726
0.000125992188484
0.000125992188484
0.0
2.09986980807e-05
0.0
0.0
0.0
0.0
8.39947923229e-05
0.000188988282726
0.000482970055857
0.00256184116585
0.00913443366511
0.0265003569779
0.0511528285246
0.0657049262946
0.0561505186678
0.0386376044685
0.0232035613792
0.0110243164924
0.00459871487968
0.00161689975222
0.000608962244341
0.000377976565453
0.000356977867372
0.000167989584646
0.000440972659695
0.00115492839444
0.00302381252362
0.00835748183613
0.0232875561715
0.05306371005
0.0899164251816
0.107849313343
0.086619629583
0.0469320902104
0.018457855613
0.0058796354626
0.00113392969636
0.000335979169292
4.19973961614e-05
2.09986980807e-05
0.0
0.0
