60
0.0
0.0
0.0
0.0
0.0
0.000188988282726
0.000944941413632
0.00285582293898
0.00821049094956
0.0184158582168
0.0228255848137
0.0211876863634
0.0119272605098
0.00436772920079
0.00209986980807
0.000377976565453
0.000188988282726
8.39947923229e-05
4.19973961614e-05
4.19973961614e-05
0.0
4.19973961614e-05
0.0
0.0
0.000146990886565
0.000734954432825
0.00256184116585
0.0111293099828
0.0360967620008
0.0942841543824
0.171517365923
0.212716811558
0.176851035236
0.0926672546302
0.0347738440217
0.00894544538239
0.00270883205241
0.00058796354626
0.000209986980807
0.000167989584646
6.29960942422e-05
8.39947923229e-05
0.000272983075049
0.000566964848179
0.00159590105413
0.00415774221998
0.00810549745916
0.0136281550544
0.0134811641678
0.010415354248
0.00470370837008
0.00201587501575
0.000671958338583
0.000272983075049
2.09986980807e-05
4.19973961614e-05
0.0
0.0
0.0
0.0
