60
4.19973961614e-05
2.09986980807e-05
0.0
2.09986980807e-05
0.000209986980807
0.000419973961614
0.000608962244341
0.00132291797909
0.00218386460039
0.00382176305069
0.00701356515896
0.0144471042795
0.0211246902692
0.0349838310025
0.0397715341649
0.0302801226324
0.0183948595187
0.00930242324976
0.00508168493553
0.00272983075049
0.00191088152535
0.00226785939272
0.00312880601403
0.00543866280291
0.0119062618118
0.0273823022973
0.053861660577
0.08271387174
0.097034983831
0.0803620175549
0.0471840745874
0.0198017722901
0.00606862374533
0.001301919281
0.000251984376969
2.09986980807e-05
0.0
0.0
0.0
0.0
0.0
0.0
0.0
0.0
2.09986980807e-05
0.000104993490404
0.000944941413632
0.00306580991978
0.00982739070178
0.0264163621855
0.061652177565
0.0936121960438
0.0914703288396
0.0536936709924
0.0206627189114
0.00539666540674
0.000650959640502
2.09986980807e-05
4.19973961614e-05
0.0
