60
0.00888244928814
0.00844147662845
0.00812649615724
0.00671958338583
0.00657259249927
0.0065305951031
0.00804250136492
0.00905043887279
0.01301919281
0.0169669480492
0.0202007475537
0.0238755197178
0.0252614337911
0.0242534962832
0.0226575952291
0.02341354836
0.0244844819621
0.02549241947
0.0251354416026
0.0241695014909
0.0220486329848
0.016399983201
0.0114652891521
0.00766452479946
0.0041367435219
0.00272983075049
0.00144891016757
0.0011969257906
0.000734954432825
0.000335979169292
0.000314980471211
0.000335979169292
0.000356977867372
0.000398975263534
0.000923942715552
0.00188988282726
0.00487169795473
0.0102053672672
0.0167779597665
0.0269623283356
0.0370837008105
0.0434253076309
0.0404854898996
0.0429633362732
0.0433623115367
0.0454831800428
0.0460081474949
0.0461971357776
0.0402755029188
0.0343538700601
0.0272773088069
0.0190038217631
0.012746209735
0.00915543236319
0.0081684935534
0.00674058208391
0.00802150266683
0.00873545840158
0.00900844147663
0.00900844147663
