60
0.00749653521482
0.00432573180463
0.00270883205241
0.0022888580908
0.00165889714838
0.00155390365797
0.00195287892151
0.00256184116585
0.00571164587796
0.0116752761329
0.022636596531
0.0318550249885
0.0364957372643
0.0425853597077
0.051761790769
0.073096468019
0.0938431817227
0.10929822351
0.105644450044
0.0868086178657
0.0615261853765
0.0440342698753
0.0322120028558
0.0292511864264
0.0294611734072
0.0286632228802
0.0260803830163
0.0228045861157
0.0177648985763
0.0122422409811
0.0
0.0
0.0
0.0
0.0
0.0
0.0
0.0
0.0
0.0
0.0
0.0
0.0
0.0
0.0
0.0
0.0
0.0
0.0
0.0
0.0
0.0
0.0
0.0
0.0
0.0
0.0
0.0
0.0
0.0
