60
2.09986980807e-05
0.0
2.09986980807e-05
2.09986980807e-05
6.29960942422e-05
0.000692957036664
0.00180588803494
0.00661458989543
0.0176599050859
0.0313720549326
0.0374196799798
0.0317920288942
0.0213556759481
0.0123892318676
0.00520767712402
0.00237285288312
0.000860946621309
0.000272983075049
0.000167989584646
0.000146990886565
0.000272983075049
0.000125992188484
0.000188988282726
0.000923942715552
0.00226785939272
0.00613161983957
0.0146990886565
0.031225064046
0.0544706228214
0.0786191256142
0.0802780227626
0.057494435345
0.0341648817773
0.0146990886565
0.00625761202805
0.00296081642938
0.00128092058292
0.000608962244341
0.000251984376969
0.000188988282726
0.000272983075049
0.00029398177313
0.000356977867372
0.00113392969636
0.00298181512746
0.00856746881693
0.0240855066986
0.0550165889715
0.0914283314435
0.109676200076
0.0865776321868
0.0439922724791
0.0142581159968
0.00335979169292
0.000524967452018
8.39947923229e-05
0.0
2.09986980807e-05
0.0
0.0
