60
0.0
0.0
2.09986980807e-05
6.29960942422e-05
0.000188988282726
0.000965940111713
0.00230985678888
0.00466171097392
0.00659359119735
0.00726554953593
0.00961740372097
0.0128512032254
0.0126412162446
0.01039435555
0.00718155474361
0.00375876695645
0.00170089454454
0.000650959640502
0.000272983075049
0.000125992188484
0.000146990886565
0.000167989584646
0.000419973961614
0.000755953130906
0.00220486329848
0.0047877031624
0.0146360925623
0.035634790643
0.0721305279073
0.115030868086
0.133383730209
0.104930494309
0.0605182478686
0.0271303179203
0.00984838939986
0.00264583595817
0.00107093360212
0.000314980471211
6.29960942422e-05
6.29960942422e-05
6.29960942422e-05
4.19973961614e-05
0.000566964848179
0.000797950527067
0.00312880601403
0.0111083112847
0.0318550249885
0.0638360421654
0.0832598378901
0.0698626685146
0.0403384990131
0.0185208517072
0.00692957036664
0.00201587501575
0.000314980471211
0.000146990886565
4.19973961614e-05
0.0
0.0
2.09986980807e-05
