60
0.00029398177313
0.000167989584646
0.000272983075049
0.000566964848179
0.000923942715552
0.00197387761959
0.00375876695645
0.00934442064592
0.017680903784
0.0266263491664
0.0339128974004
0.0340178908908
0.0299861408593
0.0169669480492
0.00831548443996
0.00270883205241
0.000839947923229
0.000377976565453
0.000167989584646
6.29960942422e-05
8.39947923229e-05
0.00029398177313
0.000377976565453
0.000860946621309
0.00375876695645
0.0106043425308
0.0282432489186
0.0528537230692
0.0740834068288
0.0801730292722
0.0708916047205
0.0527277308807
0.0349418336063
0.0196547814036
0.00997438158834
0.00384276174877
0.00142791146949
0.00058796354626
0.00029398177313
0.000230985678888
0.000251984376969
0.000314980471211
0.000377976565453
0.00121792448868
0.00270883205241
0.0064256016127
0.0153080509008
0.0326319768174
0.0537566670866
0.0667758598967
0.0651799588426
0.0513208181093
0.0331359455714
0.0181428751417
0.00978539330562
0.0041367435219
0.0018478854311
0.00088194531939
0.000566964848179
0.000356977867372
