60
0.0
0.0
2.09986980807e-05
2.09986980807e-05
4.19973961614e-05
0.000188988282726
0.000818949225148
0.00335979169292
0.00797950527067
0.0136911511486
0.0169879467473
0.0168829532569
0.0127042123388
0.00938641804208
0.00665658729159
0.00354877997564
0.0017428919407
0.000692957036664
0.000419973961614
0.000230985678888
0.000125992188484
0.000167989584646
0.000272983075049
0.00128092058292
0.00281382554282
0.00839947923229
0.025240435093
0.06192516064
0.115933812104
0.16389483852
0.168892528663
0.122380412414
0.0690437192894
0.0301541304439
0.0102473646634
0.00375876695645
0.000818949225148
0.000608962244341
0.000167989584646
0.000104993490404
0.000209986980807
0.000209986980807
0.000923942715552
0.00188988282726
0.00327579690059
0.00497669144513
0.00877745579774
0.0153290495989
0.0219226407963
0.0242534962832
0.0181008777456
0.0111293099828
0.00487169795473
0.00182688673302
0.000461971357776
0.000209986980807
2.09986980807e-05
0.0
0.0
0.0
