60
0.000104993490404
8.39947923229e-05
0.000146990886565
4.19973961614e-05
2.09986980807e-05
0.0
0.0
0.0
2.09986980807e-05
0.000125992188484
0.000419973961614
0.00157490235605
0.00550165889715
0.0169669480492
0.0398765276553
0.0775481920121
0.113371970938
0.145772962076
0.159380118433
0.151211624879
0.118579648062
0.0779471672756
0.0450212086851
0.0232665574734
0.0118642644156
0.00558565368947
0.00275082944857
0.00157490235605
0.000818949225148
0.000419973961614
0.0
0.0
0.0
0.0
0.0
0.0
0.0
0.0
0.0
0.0
0.0
0.0
0.0
0.0
0.0
0.0
0.0
0.0
0.0
0.0
0.0
0.0
0.0
0.0
0.0
0.0
0.0
0.0
0.0
0.0
