60
0.0
0.0
2.09986980807e-05
8.39947923229e-05
0.000860946621309
0.00279282684474
0.0110033177943
0.0276762840704
0.0583343832682
0.0998278106757
0.138885389106
0.150455671748
0.118684641552
0.0607492335475
0.0221536264752
0.00606862374533
0.0018478854311
0.000482970055857
0.000230985678888
0.000251984376969
0.000440972659695
0.000944941413632
0.00254084246777
0.00674058208391
0.0163159884087
0.0309100835748
0.0431313258578
0.048129016001
0.0357397841334
0.023161563983
0.0106043425308
0.00417874091806
0.00153290495989
0.000671958338583
0.000230985678888
6.29960942422e-05
4.19973961614e-05
0.0
0.0
0.0
2.09986980807e-05
0.0
2.09986980807e-05
0.000125992188484
0.000692957036664
0.00275082944857
0.00791650917643
0.0139851329218
0.0184158582168
0.0161689975222
0.00879845449582
0.0035907773718
0.00138591407333
0.000314980471211
2.09986980807e-05
0.0
0.0
0.0
0.0
0.0
