60
0.0
0.0
0.0
0.0
0.000188988282726
0.00136491537525
0.00808449876108
0.0326739742136
0.0938641804208
0.170593423208
0.199298643484
0.16324387888
0.0960270463231
0.0435932972156
0.0163579858049
0.00470370837008
0.00104993490404
0.000230985678888
0.000146990886565
0.000167989584646
0.000125992188484
0.000104993490404
0.000167989584646
0.000314980471211
0.000650959640502
0.0011969257906
0.00254084246777
0.00447272269119
0.00877745579774
0.0102473646634
0.00944941413632
0.00585863676452
0.00159590105413
0.000650959640502
8.39947923229e-05
2.09986980807e-05
0.0
2.09986980807e-05
0.0
2.09986980807e-05
4.19973961614e-05
6.29960942422e-05
0.000503968753937
0.00230985678888
0.00741254042249
0.0167989584646
0.024463483264
0.0229725757003
0.0172189324262
0.0127252110369
0.00892444668431
0.00564864978371
0.00218386460039
0.000629960942422
0.000146990886565
4.19973961614e-05
2.09986980807e-05
0.0
0.0
0.0
