60
0.0329469572886
0.0271933140145
0.0224476082483
0.0190248204611
0.0174919155012
0.0178488933686
0.0166309688799
0.0191508126496
0.0225736004368
0.0274242996934
0.0349628323044
0.0401495107303
0.0493049430935
0.055163579858
0.0582083910798
0.0582923858721
0.0568434757045
0.0518037881651
0.0461971357776
0.0398345302591
0.033828902608
0.0265633530721
0.023665532737
0.0230985678888
0.0236025366427
0.0262273739028
0.0285792280879
0.0313090588384
0.0354458023603
0.0341858804754
0.0
0.0
0.0
0.0
0.0
0.0
0.0
0.0
0.0
0.0
0.0
0.0
0.0
0.0
0.0
0.0
0.0
0.0
0.0
0.0
0.0
0.0
0.0
0.0
0.0
0.0
0.0
0.0
0.0
0.0
