60
0.0
0.0
0.0
0.0
0.0
0.0
0.000167989584646
0.00029398177313
0.00107093360212
0.00220486329848
0.00659359119735
0.0197177774978
0.0544286254252
0.107702322456
0.141909201629
0.107933308135
0.0537566670866
0.0173239259166
0.00569064717987
0.00218386460039
0.00113392969636
0.00102893620596
0.00132291797909
0.0023938515812
0.00482970055857
0.0113392969636
0.0254504220738
0.052811725673
0.0922682793667
0.113539960522
0.0879425475621
0.0439082776868
0.0130401915081
0.00262483726009
0.000377976565453
4.19973961614e-05
0.0
0.0
0.0
0.0
0.0
4.19973961614e-05
2.09986980807e-05
0.000146990886565
0.000419973961614
0.00136491537525
0.00170089454454
0.00247784637352
0.00392675654109
0.00575364327412
0.00497669144513
0.00300281382554
0.000944941413632
0.000146990886565
4.19973961614e-05
0.0
0.0
0.0
0.0
0.0
