60
0.0
2.09986980807e-05
0.000146990886565
0.000440972659695
0.0023938515812
0.0109823190962
0.0365167359624
0.092352274159
0.157427239511
0.166456679686
0.114127924069
0.0495359287724
0.0141321238083
0.00331779429675
0.0010919323002
0.000335979169292
0.000104993490404
0.000146990886565
2.09986980807e-05
0.0
4.19973961614e-05
2.09986980807e-05
8.39947923229e-05
0.000230985678888
0.000566964848179
0.00178488933686
0.00667758598967
0.0259123934316
0.0713955734744
0.101318718239
0.0763512662215
0.0326739742136
0.00909243626895
0.00237285288312
0.000566964848179
0.000104993490404
6.29960942422e-05
2.09986980807e-05
2.09986980807e-05
0.0
0.0
2.09986980807e-05
0.0
8.39947923229e-05
0.000251984376969
0.00107093360212
0.00140691277141
0.00300281382554
0.00464071227584
0.00453571878544
0.0034857838814
0.00178488933686
0.000629960942422
0.000146990886565
0.0
2.09986980807e-05
2.09986980807e-05
0.0
2.09986980807e-05
2.09986980807e-05
