60
0.0
0.0
0.0
0.0
6.29960942422e-05
0.000461971357776
0.00233085548696
0.0110033177943
0.0313090588384
0.0570534626853
0.0623241359036
0.0472470706816
0.0281802528243
0.015350048297
0.00749653521482
0.00275082944857
0.00102893620596
0.000398975263534
0.000167989584646
0.000167989584646
0.000146990886565
0.000230985678888
0.000671958338583
0.000902944017471
0.0030448112217
0.00894544538239
0.0225945991349
0.0498509092436
0.0881105371467
0.122989374659
0.122128428037
0.0860736634329
0.0505228675822
0.0219226407963
0.0094704128344
0.0030448112217
0.00117592709252
0.000524967452018
0.000125992188484
0.000125992188484
0.000251984376969
0.000146990886565
0.000461971357776
0.000776951828987
0.00279282684474
0.00638360421654
0.012221242283
0.0195287892151
0.0253244298853
0.0274242996934
0.022636596531
0.0134391667717
0.00623661332997
0.00167989584646
0.000524967452018
0.000125992188484
6.29960942422e-05
2.09986980807e-05
2.09986980807e-05
0.0
