60
0.0858006803578
0.0621351476208
0.0388475914493
0.0223216160598
0.0135441602621
0.00703456385704
0.00508168493553
0.00342278778716
0.00298181512746
0.00321280080635
0.00350678257948
0.00361177606988
0.00449372138927
0.00571164587796
0.00703456385704
0.00821049094956
0.0107723321154
0.0146150938642
0.0199067657805
0.0266893452606
0.0325479820251
0.0362857502835
0.0397505354668
0.0435932972156
0.0517827894671
0.0619671580362
0.0779681659737
0.0974759564907
0.105854437025
0.103838562009
0.0
0.0
0.0
0.0
0.0
0.0
0.0
0.0
0.0
0.0
0.0
0.0
0.0
0.0
0.0
0.0
0.0
0.0
0.0
0.0
0.0
0.0
0.0
0.0
0.0
0.0
0.0
0.0
0.0
0.0
