60
0.0
0.0
0.0
8.39947923229e-05
0.000524967452018
0.00226785939272
0.00508168493553
0.0104573516442
0.0152870522028
0.0158330183529
0.0128722019235
0.012221242283
0.0131241863004
0.0191508126496
0.0234765444542
0.0222796186636
0.011696274831
0.00482970055857
0.00188988282726
0.000566964848179
0.000209986980807
0.000209986980807
0.000251984376969
0.00144891016757
0.00453571878544
0.0215236655327
0.073873419848
0.167548611986
0.230397715342
0.183675612112
0.0921212884801
0.0274662970896
0.00569064717987
0.00104993490404
0.000146990886565
2.09986980807e-05
0.0
0.0
0.0
0.0
0.0
0.0
0.0
0.0
2.09986980807e-05
4.19973961614e-05
6.29960942422e-05
0.000272983075049
0.00115492839444
0.00249884507161
0.00417874091806
0.00428373440847
0.00333879299483
0.00157490235605
0.000524967452018
0.000146990886565
6.29960942422e-05
0.0
2.09986980807e-05
0.0
