60
6.29960942422e-05
4.19973961614e-05
0.000125992188484
0.00029398177313
0.000671958338583
0.00132291797909
0.00319180210827
0.0101213724749
0.0242324975851
0.0506278610726
0.0837008105497
0.123178362941
0.157595229096
0.167338625005
0.149489731637
0.107912309437
0.0645709965982
0.0317920288942
0.0132921758851
0.00482970055857
0.00235185418504
0.0011969257906
0.000797950527067
0.000398975263534
0.000335979169292
0.000146990886565
0.000125992188484
0.000125992188484
2.09986980807e-05
0.000104993490404
0.0
0.0
0.0
0.0
0.0
0.0
0.0
0.0
0.0
0.0
0.0
0.0
0.0
0.0
0.0
0.0
0.0
0.0
0.0
0.0
0.0
0.0
0.0
0.0
0.0
0.0
0.0
0.0
0.0
0.0
