60
0.0
2.09986980807e-05
0.0
0.0
0.0
4.19973961614e-05
2.09986980807e-05
0.000272983075049
0.00117592709252
0.00556465499139
0.0191088152535
0.0554575616312
0.116836756121
0.174247196674
0.201839485952
0.171097391962
0.117382722271
0.0681197765739
0.0342488765697
0.0166939649742
0.00810549745916
0.00380076435261
0.00264583595817
0.00149090756373
0.000734954432825
0.000503968753937
0.00029398177313
0.000125992188484
6.29960942422e-05
0.000104993490404
0.0
0.0
0.0
0.0
0.0
0.0
0.0
0.0
0.0
0.0
0.0
0.0
0.0
0.0
0.0
0.0
0.0
0.0
0.0
0.0
0.0
0.0
0.0
0.0
0.0
0.0
0.0
0.0
0.0
0.0
