60
0.0
0.0
0.0
0.0
6.29960942422e-05
0.000356977867372
0.00128092058292
0.0058796354626
0.015350048297
0.0284532358994
0.0357817815295
0.0261223804124
0.0143841081853
0.00669858468775
0.00262483726009
0.00117592709252
0.000482970055857
0.000167989584646
4.19973961614e-05
8.39947923229e-05
2.09986980807e-05
0.000125992188484
0.000440972659695
0.00100793750787
0.00386376044685
0.0106253412288
0.0344588635505
0.0889084876738
0.184389567847
0.24190500189
0.186447440259
0.0802570240645
0.0198017722901
0.0035907773718
0.000461971357776
2.09986980807e-05
2.09986980807e-05
0.0
0.0
0.0
0.0
0.0
0.0
4.19973961614e-05
0.0
6.29960942422e-05
0.000104993490404
0.000167989584646
0.000650959640502
0.000650959640502
0.000986938809794
0.000818949225148
0.000713955734744
0.000377976565453
0.000125992188484
0.0
0.0
0.0
0.0
0.0
