60
0.0
0.0
2.09986980807e-05
0.0
0.0
0.0
0.000125992188484
0.000671958338583
0.00136491537525
0.00302381252362
0.00497669144513
0.00482970055857
0.00422073831422
0.00251984376969
0.00142791146949
0.000965940111713
0.000482970055857
0.000104993490404
6.29960942422e-05
0.000188988282726
8.39947923229e-05
0.000272983075049
0.000839947923229
0.00230985678888
0.00869346100542
0.0224056108521
0.0506908571669
0.0957540632481
0.147389861829
0.183549619924
0.175549115955
0.126538154634
0.0666708664063
0.0268153374491
0.00923942715552
0.00321280080635
0.0011969257906
0.000482970055857
8.39947923229e-05
6.29960942422e-05
0.000230985678888
8.39947923229e-05
0.000356977867372
0.000776951828987
0.0017428919407
0.00237285288312
0.00417874091806
0.00655159380118
0.00896644408047
0.00993238419218
0.00793750787451
0.00585863676452
0.00268783335433
0.00100793750787
0.00029398177313
8.39947923229e-05
6.29960942422e-05
2.09986980807e-05
2.09986980807e-05
0.0
