60
0.0
0.0
0.0
8.39947923229e-05
0.000125992188484
0.00102893620596
0.00333879299483
0.00831548443996
0.0119902566041
0.012221242283
0.00997438158834
0.00875645709966
0.00705556255512
0.00613161983957
0.00411574482382
0.00226785939272
0.000944941413632
0.000566964848179
0.000314980471211
0.000209986980807
0.000335979169292
0.000545966150099
0.00153290495989
0.00518667842594
0.0186258451976
0.0602452647936
0.142833144345
0.22111629079
0.220885305111
0.141867204233
0.0650959640502
0.0229095796061
0.00558565368947
0.0017428919407
0.000188988282726
4.19973961614e-05
0.0
2.09986980807e-05
0.0
0.0
0.0
0.0
0.0
2.09986980807e-05
0.000104993490404
0.000398975263534
0.000545966150099
0.00186888412918
0.00241485027928
0.00306580991978
0.00230985678888
0.00167989584646
0.00102893620596
0.000251984376969
0.000104993490404
0.0
0.0
0.0
0.0
0.0
