60
0.0
0.0
0.0
0.0
4.19973961614e-05
4.19973961614e-05
0.000356977867372
0.00088194531939
0.00201587501575
0.00266683465625
0.0029398177313
0.001301919281
0.000860946621309
0.000188988282726
0.000146990886565
0.000104993490404
0.000146990886565
8.39947923229e-05
2.09986980807e-05
2.09986980807e-05
4.19973961614e-05
2.09986980807e-05
0.000335979169292
0.000650959640502
0.00270883205241
0.00722355213977
0.0147830834488
0.0277602788627
0.0387425979589
0.0426273571039
0.0325479820251
0.019780773592
0.00814749485532
0.0028348242409
0.000629960942422
0.000188988282726
0.000104993490404
0.0
0.0
0.0
2.09986980807e-05
0.0
2.09986980807e-05
4.19973961614e-05
0.000272983075049
0.00115492839444
0.00485069925665
0.0222376212675
0.0684347570451
0.158624165302
0.21651757591
0.185817479316
0.0943471504767
0.0301331317458
0.0058796354626
0.000671958338583
2.09986980807e-05
0.0
0.0
0.0
