60
0.0
0.0
0.0
0.0
0.0
2.09986980807e-05
0.000104993490404
0.00029398177313
0.00134391667717
0.00191088152535
0.00230985678888
0.0017428919407
0.00138591407333
0.000713955734744
0.000314980471211
0.000104993490404
0.0
4.19973961614e-05
0.0
0.0
4.19973961614e-05
6.29960942422e-05
0.000125992188484
0.000755953130906
0.00321280080635
0.0133131745832
0.0419763974634
0.106610390156
0.19344000672
0.24190500189
0.198731678636
0.115198857671
0.0457561631179
0.0153290495989
0.00356977867372
0.000902944017471
0.00029398177313
6.29960942422e-05
2.09986980807e-05
4.19973961614e-05
2.09986980807e-05
6.29960942422e-05
0.000104993490404
0.000209986980807
0.000461971357776
0.000755953130906
0.00140691277141
0.00157490235605
0.00132291797909
0.00121792448868
0.000713955734744
0.000398975263534
6.29960942422e-05
2.09986980807e-05
2.09986980807e-05
0.0
0.0
0.0
0.0
0.0
