60
0.000818949225148
0.00172189324262
0.00258283986393
0.00419973961614
0.00829448574188
0.0141531225064
0.0250514468103
0.0386166057704
0.0630800890345
0.0831128470035
0.106463399269
0.116101801688
0.119671580362
0.10864726387
0.0921842845744
0.0737054302633
0.0541976397463
0.036159758095
0.0242534962832
0.0131661836966
0.00663558859351
0.00331779429675
0.00113392969636
0.000629960942422
0.000251984376969
0.000419973961614
0.000230985678888
0.000272983075049
0.000230985678888
0.000692957036664
0.0
0.0
0.0
0.0
0.0
0.0
0.0
0.0
0.0
0.0
0.0
0.0
0.0
0.0
0.0
0.0
0.0
0.0
0.0
0.0
0.0
0.0
0.0
0.0
0.0
0.0
0.0
0.0
0.0
0.0
