60
0.000986938809794
0.00111293099828
0.00117592709252
0.00186888412918
0.0022888580908
0.00306580991978
0.00583763806644
0.00955440762673
0.0154970391836
0.0272563101088
0.0429843349712
0.0607282348494
0.0830498509092
0.110075175339
0.1367645206
0.145604972492
0.131367855193
0.0987568770736
0.0593423207761
0.0308050900844
0.0149720717316
0.00657259249927
0.00268783335433
0.00178488933686
0.00128092058292
0.00111293099828
0.000965940111713
0.000860946621309
0.000839947923229
0.000797950527067
0.0
0.0
0.0
0.0
0.0
0.0
0.0
0.0
0.0
0.0
0.0
0.0
0.0
0.0
0.0
0.0
0.0
0.0
0.0
0.0
0.0
0.0
0.0
0.0
0.0
0.0
0.0
0.0
0.0
0.0
