60
4.19973961614e-05
0.000125992188484
6.29960942422e-05
0.000188988282726
0.000230985678888
0.000608962244341
0.00102893620596
0.00197387761959
0.00491369535089
0.00995338289026
0.0230145730965
0.0497459157532
0.094683129646
0.152828524631
0.184851539205
0.174520179749
0.130506908572
0.0802360253664
0.0399815211457
0.0207887110999
0.0124522279619
0.00743353912057
0.00474570576624
0.00254084246777
0.00104993490404
0.000608962244341
0.000461971357776
0.000272983075049
2.09986980807e-05
0.000125992188484
0.0
0.0
0.0
0.0
0.0
0.0
0.0
0.0
0.0
0.0
0.0
0.0
0.0
0.0
0.0
0.0
0.0
0.0
0.0
0.0
0.0
0.0
0.0
0.0
0.0
0.0
0.0
0.0
0.0
0.0
