60
4.19973961614e-05
2.09986980807e-05
0.000125992188484
0.000230985678888
0.00102893620596
0.00335979169292
0.00928142455168
0.0223006173617
0.050207887111
0.0871865944311
0.131346856495
0.165133761707
0.16488177733
0.141909201629
0.104216538575
0.0640670278443
0.033030952081
0.0143211120911
0.0053336693125
0.00146990886565
0.000377976565453
6.29960942422e-05
4.19973961614e-05
2.09986980807e-05
0.0
0.0
0.0
0.0
0.0
0.0
0.0
0.0
0.0
0.0
0.0
0.0
0.0
0.0
0.0
0.0
0.0
0.0
0.0
0.0
0.0
0.0
0.0
0.0
0.0
0.0
0.0
0.0
0.0
0.0
0.0
0.0
0.0
0.0
0.0
0.0
