60
0.0
0.0
0.0
0.0
0.0
0.0
0.0
0.0
0.0
4.19973961614e-05
0.000125992188484
4.19973961614e-05
6.29960942422e-05
6.29960942422e-05
8.39947923229e-05
0.000230985678888
0.000146990886565
0.000104993490404
0.000167989584646
0.000167989584646
0.000188988282726
0.000356977867372
0.000398975263534
0.00123892318676
0.00386376044685
0.0107723321154
0.024442484566
0.0418504052749
0.0614211918861
0.0856746881693
0.151127630087
0.220738314225
0.20908403679
0.122926378565
0.0450632060812
0.010919323002
0.0018478854311
0.000398975263534
0.000104993490404
4.19973961614e-05
4.19973961614e-05
2.09986980807e-05
0.0
0.000104993490404
0.000104993490404
0.000335979169292
0.000566964848179
0.0010919323002
0.00128092058292
0.00134391667717
0.000797950527067
0.000419973961614
0.000146990886565
4.19973961614e-05
0.0
0.0
0.0
0.0
0.0
0.0
