60
0.0
0.0
0.0
0.000104993490404
0.000503968753937
0.00193188022343
0.00497669144513
0.0126202175465
0.0258073999412
0.0352778127756
0.0355087984545
0.0242114988871
0.015350048297
0.00873545840158
0.00506068623745
0.00256184116585
0.000923942715552
0.000608962244341
0.000188988282726
2.09986980807e-05
0.000104993490404
4.19973961614e-05
0.000167989584646
0.000398975263534
0.00138591407333
0.00640460291462
0.0232245600773
0.0787661165008
0.175528117257
0.24026710344
0.185250514468
0.0829448574188
0.0227835874176
0.00417874091806
0.000839947923229
0.000125992188484
0.0
2.09986980807e-05
0.0
0.0
0.0
0.0
2.09986980807e-05
2.09986980807e-05
0.0
2.09986980807e-05
8.39947923229e-05
0.000146990886565
0.000314980471211
0.000461971357776
0.000671958338583
0.000608962244341
0.000314980471211
0.000398975263534
8.39947923229e-05
2.09986980807e-05
0.0
0.0
0.0
0.0
