60
0.0
0.0
0.0
0.0
0.0
0.0
0.0
0.0
0.0
0.0
0.0
0.0
0.0
0.0
0.0
0.0
0.0
0.0
0.0
0.0
0.0
0.0
0.0
0.0
0.0
0.0
0.0
0.0
0.0
0.0
0.0
0.0
0.0
4.19973961614e-05
0.000251984376969
0.000545966150099
0.00212086850615
0.00608962244341
0.0153290495989
0.0330729494771
0.05930032338
0.0848347402461
0.104447524253
0.121645457982
0.131052874722
0.133005753643
0.116500776952
0.0894544538239
0.0567804796103
0.0288942085591
0.0109613203981
0.00312880601403
0.00111293099828
0.000650959640502
0.000335979169292
0.000167989584646
0.000188988282726
6.29960942422e-05
0.0
2.09986980807e-05
