60
0.0390995758263
0.041094452144
0.041094452144
0.0404434925035
0.0406744781824
0.0431313258578
0.0443702490446
0.0514048129016
0.0555625551216
0.0571584561757
0.0529587165596
0.0421863844442
0.0320650119693
0.020032757969
0.0125152240561
0.00875645709966
0.00592163285876
0.00388475914493
0.00373776825837
0.00209986980807
0.00151190626181
0.00125992188484
0.0011969257906
0.000650959640502
0.000419973961614
0.000251984376969
0.000188988282726
0.000104993490404
0.000104993490404
0.0
4.19973961614e-05
2.09986980807e-05
4.19973961614e-05
4.19973961614e-05
2.09986980807e-05
0.000125992188484
0.000230985678888
0.000566964848179
0.00136491537525
0.00254084246777
0.00432573180463
0.0065305951031
0.00919742975935
0.0118642644156
0.0128932006216
0.0151400613162
0.0165679727857
0.0158330183529
0.0165259753895
0.0173659233128
0.0183318634245
0.0196967787997
0.0201377514594
0.0181638738398
0.0183738608206
0.0200957540632
0.0216076603251
0.0254294233758
0.0297131577842
0.0333249338541
