60
0.00287682163706
0.00753853261098
0.0186888412918
0.0381546344127
0.0671958338583
0.105938431817
0.14157322246
0.158393179623
0.150014699089
0.118810633741
0.0795220696317
0.0430473310655
0.023161563983
0.0130401915081
0.00783251438411
0.00596363025492
0.00428373440847
0.00377976565453
0.00218386460039
0.00277182814665
0.00159590105413
0.0010919323002
0.000419973961614
0.000419973961614
0.000125992188484
0.000188988282726
4.19973961614e-05
8.39947923229e-05
0.000419973961614
0.000839947923229
0.0
0.0
0.0
0.0
0.0
0.0
0.0
0.0
0.0
0.0
0.0
0.0
0.0
0.0
0.0
0.0
0.0
0.0
0.0
0.0
0.0
0.0
0.0
0.0
0.0
0.0
0.0
0.0
0.0
0.0
