60
0.0
2.09986980807e-05
0.0
0.0
0.0
2.09986980807e-05
0.0
6.29960942422e-05
8.39947923229e-05
0.000251984376969
0.000545966150099
0.00088194531939
0.00102893620596
0.000377976565453
0.000209986980807
4.19973961614e-05
2.09986980807e-05
0.0
0.0
0.0
0.0
4.19973961614e-05
8.39947923229e-05
0.00142791146949
0.0100793750787
0.0474570576624
0.127042123388
0.215509638402
0.224014111125
0.145667968586
0.0622611398093
0.0187728360842
0.00432573180463
0.000839947923229
0.000104993490404
0.0
0.0
0.0
0.0
2.09986980807e-05
4.19973961614e-05
0.000167989584646
0.000419973961614
0.00142791146949
0.00491369535089
0.012221242283
0.0235395405485
0.0309100835748
0.028621225484
0.0177438998782
0.00915543236319
0.00539666540674
0.00262483726009
0.00115492839444
0.000377976565453
6.29960942422e-05
2.09986980807e-05
0.0
0.0
0.0
