60
0.0
0.0
0.0
8.39947923229e-05
0.00100793750787
0.00753853261098
0.0383226239973
0.133887698963
0.26170677418
0.289887027004
0.178824912855
0.0640460291462
0.0154760404855
0.00327579690059
0.000503968753937
6.29960942422e-05
4.19973961614e-05
8.39947923229e-05
0.0
0.0
0.0
0.0
0.0
2.09986980807e-05
6.29960942422e-05
8.39947923229e-05
0.000356977867372
0.000629960942422
0.000923942715552
0.000692957036664
0.000377976565453
0.000104993490404
0.000104993490404
0.0
0.0
0.0
0.0
0.0
0.0
0.0
4.19973961614e-05
6.29960942422e-05
0.000167989584646
0.000146990886565
0.000335979169292
0.000545966150099
0.000335979169292
0.000167989584646
8.39947923229e-05
0.0
0.0
0.0
0.0
0.0
0.0
0.0
0.0
0.0
0.0
0.0
