60
0.0
0.0
0.0
0.0
0.0
2.09986980807e-05
0.0
4.19973961614e-05
8.39947923229e-05
0.000230985678888
0.000167989584646
0.000188988282726
0.000188988282726
0.000188988282726
0.000188988282726
0.000356977867372
0.000104993490404
0.000104993490404
6.29960942422e-05
6.29960942422e-05
0.000104993490404
0.000104993490404
0.000209986980807
0.000419973961614
0.00186888412918
0.00650959640502
0.0254714207719
0.0697786737222
0.14890176809
0.212926798538
0.209357019865
0.14934274075
0.0856956868674
0.0421233883499
0.0187728360842
0.00722355213977
0.00237285288312
0.000671958338583
0.000335979169292
0.000188988282726
0.000272983075049
0.000230985678888
0.000440972659695
0.000356977867372
0.000776951828987
0.00123892318676
0.00245684767544
0.00298181512746
0.00291881903322
0.00220486329848
0.00115492839444
0.000419973961614
0.000125992188484
4.19973961614e-05
0.0
0.0
0.0
0.0
0.0
0.0
