60
0.0
0.0
0.0
0.0
4.19973961614e-05
0.000125992188484
0.00088194531939
0.00214186720423
0.00743353912057
0.0158120196548
0.0219436394944
0.0212296837596
0.0128512032254
0.00590063416068
0.00241485027928
0.00100793750787
0.000377976565453
0.000146990886565
0.000209986980807
0.000104993490404
0.000146990886565
0.000209986980807
0.000839947923229
0.00165889714838
0.00592163285876
0.0167779597665
0.0401915081265
0.0854227037924
0.140208307085
0.185208517072
0.174793162824
0.122653395489
0.0661878963504
0.027823274957
0.0132081810928
0.00506068623745
0.00262483726009
0.00121792448868
0.000692957036664
0.000356977867372
0.000272983075049
0.000272983075049
0.000167989584646
0.000314980471211
0.000545966150099
0.0011969257906
0.00216286590231
0.00243584897736
0.00245684767544
0.00243584897736
0.00178488933686
0.000923942715552
0.000545966150099
0.000461971357776
0.000167989584646
2.09986980807e-05
0.0
0.0
0.0
0.0
