60
0.00573264457604
0.00608962244341
0.00724455083785
0.00852547142077
0.0105623451346
0.0132291797909
0.0175549115955
0.0232455587754
0.0297761538785
0.0409894586536
0.0508168493553
0.0629750955441
0.0748183612616
0.0804670110453
0.0858846751501
0.0825458821553
0.0784301373315
0.0707026164378
0.0571794548738
0.047079081097
0.0353198101718
0.0269413296376
0.0196757801016
0.0159170131452
0.011969257906
0.01039435555
0.00781151568603
0.0068665742724
0.00638360421654
0.00487169795473
0.0
0.0
0.0
0.0
0.0
0.0
0.0
0.0
0.0
0.0
0.0
0.0
0.0
0.0
0.0
0.0
0.0
0.0
0.0
0.0
0.0
0.0
0.0
0.0
0.0
0.0
0.0
0.0
0.0
0.0
