60
0.0
2.09986980807e-05
0.0
0.000146990886565
0.000251984376969
0.000944941413632
0.00243584897736
0.00646759900886
0.0164839779934
0.02965016169
0.0394145562975
0.0389315862417
0.0272983075049
0.0129351980177
0.00600562765109
0.00233085548696
0.00144891016757
0.000692957036664
0.000419973961614
0.000440972659695
0.000545966150099
0.000860946621309
0.00144891016757
0.00329679559867
0.00835748183613
0.0185838478014
0.0388475914493
0.0744193859981
0.120700516568
0.146591911301
0.135084624753
0.0943471504767
0.0474150602663
0.0171139389358
0.0058796354626
0.00149090756373
0.000440972659695
0.000125992188484
0.000104993490404
2.09986980807e-05
2.09986980807e-05
2.09986980807e-05
2.09986980807e-05
0.000230985678888
0.000524967452018
0.00191088152535
0.0058796354626
0.0119902566041
0.0203687371383
0.0209986980807
0.0195707866112
0.0105413464365
0.00426273571039
0.00123892318676
0.000314980471211
8.39947923229e-05
0.0
2.09986980807e-05
0.0
0.0
