60
0.00611062114149
0.00793750787451
0.00993238419218
0.0112343034732
0.0143421107891
0.0170929402377
0.0205157280249
0.0243164923775
0.0322120028558
0.0432783167444
0.0586493637394
0.0782411490488
0.0980219226408
0.101738692201
0.0951031036076
0.0794380748394
0.0652009575406
0.052811725673
0.0413884339171
0.031225064046
0.0237705262274
0.0188148334803
0.0143421107891
0.011969257906
0.0103103607576
0.008063500063
0.00644660031078
0.005984628953
0.00585863676452
0.00564864978371
0.0
0.0
0.0
0.0
0.0
0.0
0.0
0.0
0.0
0.0
0.0
0.0
0.0
0.0
0.0
0.0
0.0
0.0
0.0
0.0
0.0
0.0
0.0
0.0
0.0
0.0
0.0
0.0
0.0
0.0
