60
0.0203477384402
0.0191088152535
0.0182268699341
0.0165049766914
0.0141951199026
0.0113392969636
0.0101633698711
0.00802150266683
0.00709755995128
0.00747553651674
0.0082734870438
0.0110873125866
0.0128512032254
0.017428919407
0.0247364663391
0.0339758934946
0.0443702490446
0.0505858636765
0.047079081097
0.0374406786779
0.0258703960354
0.0139851329218
0.00611062114149
0.00281382554282
0.00100793750787
0.000314980471211
0.000146990886565
4.19973961614e-05
0.0
0.0
0.0
2.09986980807e-05
2.09986980807e-05
0.000125992188484
0.00029398177313
0.00102893620596
0.00285582293898
0.00730754693209
0.0162109949183
0.0293561799168
0.0437612868002
0.0560665238755
0.0595523077569
0.0521187686363
0.0408214690689
0.0290202007476
0.0225945991349
0.0162529923145
0.0122842383772
0.010415354248
0.00902944017471
0.00968039981521
0.00953340892865
0.0101843685691
0.0111293099828
0.0125782201504
0.0136491537525
0.0164209818991
0.0178698920667
0.0192138087439
