60
0.0183318634245
0.0161689975222
0.0125152240561
0.0081684935534
0.00560665238755
0.00415774221998
0.00308680861787
0.00199487631767
0.00191088152535
0.0018478854311
0.00272983075049
0.0040317500315
0.00552265759523
0.00760152870522
0.00890344798622
0.00951241023057
0.0104783503423
0.0077275208937
0.00480870186048
0.00405274872958
0.00142791146949
0.000713955734744
0.000167989584646
0.000167989584646
4.19973961614e-05
2.09986980807e-05
2.09986980807e-05
0.0
2.09986980807e-05
2.09986980807e-05
2.09986980807e-05
4.19973961614e-05
0.000146990886565
0.000377976565453
0.0018478854311
0.00625761202805
0.0180378816513
0.0350258283986
0.0638570408635
0.0883205241275
0.10251564403
0.107471336777
0.0959010541346
0.0731174667171
0.0500608962244
0.0323169963462
0.0188568308765
0.0124732266599
0.00825248834572
0.00682457687623
0.00585863676452
0.00659359119735
0.00869346100542
0.00986938809794
0.0122632396791
0.0144471042795
0.0179958842552
0.020032757969
0.0211246902692
0.0196337827055
