60
0.0276132879761
0.0488429717358
0.075973289656
0.102746629709
0.123325353828
0.138045441183
0.142161186006
0.133761706774
0.10043677292
0.056717483516
0.0232035613792
0.00674058208391
0.00104993490404
0.000167989584646
2.09986980807e-05
0.0
0.0
0.0
0.0
0.0
0.0
0.0
0.0
2.09986980807e-05
0.0
8.39947923229e-05
0.000356977867372
0.00170089454454
0.00432573180463
0.0127042123388
0.0
0.0
0.0
0.0
0.0
0.0
0.0
0.0
0.0
0.0
0.0
0.0
0.0
0.0
0.0
0.0
0.0
0.0
0.0
0.0
0.0
0.0
0.0
0.0
0.0
0.0
0.0
0.0
0.0
0.0
