60
0.0
2.09986980807e-05
2.09986980807e-05
8.39947923229e-05
0.000167989584646
0.000545966150099
0.00230985678888
0.00623661332997
0.0131661836966
0.0245474780564
0.0334509260426
0.0331359455714
0.0245054806602
0.0131241863004
0.00518667842594
0.0022888580908
0.000902944017471
0.000419973961614
0.000251984376969
0.000146990886565
8.39947923229e-05
0.000146990886565
0.000524967452018
0.00102893620596
0.00289782033514
0.00961740372097
0.0253664272815
0.0602452647936
0.105560455252
0.142917139137
0.146570912603
0.103691571123
0.0605602452648
0.0238125236235
0.00879845449582
0.00247784637352
0.00100793750787
0.000377976565453
0.000125992188484
0.000146990886565
0.000146990886565
0.000104993490404
0.000356977867372
0.000818949225148
0.00153290495989
0.00453571878544
0.00993238419218
0.0193817983285
0.0291041955399
0.0316240393096
0.0237285288312
0.0132501784889
0.00604762504725
0.00199487631767
0.000755953130906
0.000167989584646
0.0
2.09986980807e-05
2.09986980807e-05
0.0
