60
0.00443072529503
0.00596363025492
0.00911343496703
0.0143841081853
0.0214816681366
0.0286632228802
0.0420393935576
0.051236823317
0.064780983579
0.0798370501029
0.0851077233212
0.0903573978413
0.0863046491118
0.0784931334257
0.0673638234429
0.0578094158162
0.0465961110411
0.0383016252992
0.0282852463147
0.0223006173617
0.0183528621225
0.013271177187
0.00930242324976
0.00741254042249
0.00663558859351
0.00527067321826
0.0045777161816
0.00407374742766
0.00405274872958
0.00419973961614
0.0
0.0
0.0
0.0
0.0
0.0
0.0
0.0
0.0
0.0
0.0
0.0
0.0
0.0
0.0
0.0
0.0
0.0
0.0
0.0
0.0
0.0
0.0
0.0
0.0
0.0
0.0
0.0
0.0
0.0
