60
0.0
2.09986980807e-05
2.09986980807e-05
0.000167989584646
0.000356977867372
0.00104993490404
0.00245684767544
0.00594263155684
0.0112343034732
0.0166099701818
0.0201587501575
0.0178488933686
0.0114862878502
0.00665658729159
0.00310780731595
0.0010919323002
0.000356977867372
0.000188988282726
0.000125992188484
2.09986980807e-05
2.09986980807e-05
6.29960942422e-05
6.29960942422e-05
0.000398975263534
0.00134391667717
0.00585863676452
0.0176179076897
0.0522237621267
0.117823694931
0.184221578262
0.199382638276
0.145310990719
0.0727184914535
0.0264163621855
0.0077275208937
0.00193188022343
0.000398975263534
0.000167989584646
8.39947923229e-05
0.0
6.29960942422e-05
6.29960942422e-05
0.000209986980807
0.000503968753937
0.000755953130906
0.00241485027928
0.00476670446432
0.0107933308135
0.0134391667717
0.0135441602621
0.00938641804208
0.00575364327412
0.00325479820251
0.00151190626181
0.000482970055857
0.000251984376969
2.09986980807e-05
8.39947923229e-05
0.0
2.09986980807e-05
