60
0.00942841543824
0.0102473646634
0.0108353282097
0.0126412162446
0.0133971693755
0.0155390365797
0.0193817983285
0.0253034311873
0.0320230145731
0.0398555289572
0.0495989248667
0.0584603754567
0.0718785435303
0.0767922388812
0.0755113182983
0.0743353912057
0.0687077401201
0.0626601150729
0.0521187686363
0.042144387048
0.0333459325522
0.0287262189744
0.0217966486078
0.0196967787997
0.017428919407
0.0146150938642
0.0119482592079
0.0109403217001
0.0104993490404
0.010142371173
0.0
0.0
0.0
0.0
0.0
0.0
0.0
0.0
0.0
0.0
0.0
0.0
0.0
0.0
0.0
0.0
0.0
0.0
0.0
0.0
0.0
0.0
0.0
0.0
0.0
0.0
0.0
0.0
0.0
0.0
