60
0.00411574482382
0.00417874091806
0.0047877031624
0.00508168493553
0.00709755995128
0.0101843685691
0.0144261055815
0.0197387761959
0.0269413296376
0.0361807567931
0.0464701188526
0.0612532023015
0.0741254042249
0.0840787871152
0.0888664902776
0.0921422871782
0.0866616269791
0.0758472974676
0.0643820083155
0.0510058376381
0.0378816513376
0.0285582293898
0.0207257150057
0.0152030574104
0.0120532526983
0.0077275208937
0.00608962244341
0.0053336693125
0.0051236823317
0.00373776825837
0.0
0.0
0.0
0.0
0.0
0.0
0.0
0.0
0.0
0.0
0.0
0.0
0.0
0.0
0.0
0.0
0.0
0.0
0.0
0.0
0.0
0.0
0.0
0.0
0.0
0.0
0.0
0.0
0.0
0.0
