60
0.00314980471211
0.0022888580908
0.00224686069464
0.0029398177313
0.00281382554282
0.00270883205241
0.00191088152535
0.00167989584646
0.00146990886565
0.00123892318676
0.000839947923229
0.000818949225148
0.000944941413632
0.0011969257906
0.00205787241191
0.00270883205241
0.00327579690059
0.00434673050271
0.00638360421654
0.00753853261098
0.00705556255512
0.00627861072613
0.0035907773718
0.00136491537525
0.000671958338583
0.000125992188484
8.39947923229e-05
0.0
2.09986980807e-05
0.0
0.0
0.0
6.29960942422e-05
6.29960942422e-05
0.00029398177313
0.000482970055857
0.00140691277141
0.00398975263534
0.0131871823947
0.0327999664021
0.0711645877956
0.121414472303
0.16072403511
0.16236193356
0.135693586998
0.0932762168746
0.0538196631809
0.0266683465625
0.0138171433371
0.00787451178027
0.00491369535089
0.00352778127756
0.00296081642938
0.00258283986393
0.0023938515812
0.00235185418504
0.00266683465625
0.00247784637352
0.0028348242409
0.00243584897736
