60
0.0
0.0
0.0
0.0
0.000125992188484
0.000146990886565
0.000398975263534
0.000797950527067
0.0010919323002
0.00155390365797
0.00289782033514
0.00317080341019
0.00268783335433
0.001301919281
0.000671958338583
0.000608962244341
0.000104993490404
0.0
6.29960942422e-05
0.0
4.19973961614e-05
4.19973961614e-05
6.29960942422e-05
0.000398975263534
0.00138591407333
0.00394775523918
0.01509806392
0.0472470706816
0.118558649364
0.198017722901
0.227877871572
0.17592709252
0.0916593171223
0.0362227541892
0.0120322540003
0.00384276174877
0.00134391667717
0.000419973961614
0.000251984376969
0.000125992188484
0.000188988282726
0.000209986980807
0.000230985678888
0.000335979169292
0.00111293099828
0.00266683465625
0.00604762504725
0.00869346100542
0.00972239721137
0.0088194531939
0.00638360421654
0.00329679559867
0.00134391667717
0.000545966150099
0.000125992188484
8.39947923229e-05
4.19973961614e-05
0.0
2.09986980807e-05
0.0
