60
0.0
0.0
0.0
4.19973961614e-05
0.000209986980807
0.000608962244341
0.00226785939272
0.00539666540674
0.01301919281
0.0224476082483
0.0291881903322
0.0274872957877
0.0182268699341
0.00932342194784
0.00390575784301
0.00142791146949
0.000314980471211
0.00029398177313
0.000125992188484
8.39947923229e-05
0.000104993490404
0.000209986980807
0.000398975263534
0.000923942715552
0.00272983075049
0.0105413464365
0.0309310822729
0.066586871614
0.117697702742
0.158267187434
0.151925580614
0.109592205283
0.0595313090588
0.0262483726009
0.00915543236319
0.00262483726009
0.00115492839444
0.000524967452018
0.000146990886565
0.000125992188484
6.29960942422e-05
8.39947923229e-05
0.000188988282726
0.000440972659695
0.00186888412918
0.0041367435219
0.0092604258536
0.0162739910126
0.0233505522658
0.024967452018
0.017953886859
0.01039435555
0.00489269665281
0.00159590105413
0.000503968753937
0.000146990886565
6.29960942422e-05
2.09986980807e-05
0.0
0.0
