60
0.0
2.09986980807e-05
4.19973961614e-05
6.29960942422e-05
0.000251984376969
0.000650959640502
0.00197387761959
0.00699256646088
0.0149510730335
0.0299441434631
0.0428583427827
0.0443702490446
0.0359917685104
0.0231195665869
0.0125572214523
0.00552265759523
0.0023938515812
0.00146990886565
0.000482970055857
0.000398975263534
0.000440972659695
0.000419973961614
0.00123892318676
0.0017428919407
0.00440972659695
0.0102263659653
0.0205997228172
0.039288564109
0.0654739406157
0.0813489563647
0.0825038847591
0.0613161983957
0.0384486161858
0.0180588803494
0.00869346100542
0.00369577086221
0.00155390365797
0.000923942715552
0.000524967452018
0.000440972659695
0.000839947923229
0.000986938809794
0.00212086850615
0.00436772920079
0.00919742975935
0.0181848725379
0.0331989416656
0.048381000378
0.0602242660955
0.0602872621897
0.0475200537567
0.0291881903322
0.0133131745832
0.00466171097392
0.00146990886565
0.000524967452018
8.39947923229e-05
0.0
4.19973961614e-05
0.0
