60
0.0
0.0
0.0
0.0
0.0
4.19973961614e-05
0.000146990886565
0.000545966150099
0.00157490235605
0.00289782033514
0.00541766410483
0.00615261853765
0.0052286758221
0.00333879299483
0.00134391667717
0.000671958338583
0.000314980471211
0.000209986980807
0.000167989584646
0.000146990886565
0.000314980471211
0.000545966150099
0.00128092058292
0.00356977867372
0.00823148964764
0.024715467641
0.0589853429087
0.111839065978
0.163474864558
0.181428751417
0.1597370963
0.107534332871
0.0591533324934
0.024715467641
0.0100373776826
0.00369577086221
0.00140691277141
0.000608962244341
0.000440972659695
0.000230985678888
0.00029398177313
0.000314980471211
0.00058796354626
0.00104993490404
0.00195287892151
0.00394775523918
0.00648859770694
0.00867246230734
0.00961740372097
0.0077275208937
0.00514468102978
0.00247784637352
0.00113392969636
0.000335979169292
8.39947923229e-05
2.09986980807e-05
0.0
0.0
0.0
0.0
