60
0.0
0.0
0.0
0.0
2.09986980807e-05
4.19973961614e-05
0.000146990886565
0.00058796354626
0.00224686069464
0.00644660031078
0.0146360925623
0.0266263491664
0.0381546344127
0.0445382386292
0.0432363193482
0.0394145562975
0.0346898492293
0.0245894754525
0.019507790517
0.0140061316198
0.011717273529
0.00974339590945
0.00982739070178
0.0102473646634
0.0136911511486
0.0169249506531
0.0209986980807
0.027067321826
0.0336189156272
0.0388475914493
0.0434883037252
0.0440132711772
0.044475242535
0.0388265927512
0.0339338960984
0.0284532358994
0.0258283986393
0.0203057410441
0.0178698920667
0.0164419805972
0.016651967578
0.0175339128974
0.0204527319306
0.0216916551174
0.0233715509638
0.0237705262274
0.0237495275293
0.0175759102936
0.0114232917559
0.00571164587796
0.00186888412918
0.000755953130906
0.000209986980807
2.09986980807e-05
0.0
0.0
0.0
0.0
0.0
0.0
