60
0.0
0.0
0.0
0.0
4.19973961614e-05
2.09986980807e-05
0.000188988282726
0.000545966150099
0.00212086850615
0.00499769014321
0.00923942715552
0.0131661836966
0.0139221368275
0.0107093360212
0.00699256646088
0.00329679559867
0.00172189324262
0.00107093360212
0.000356977867372
0.000440972659695
0.00029398177313
0.000545966150099
0.000902944017471
0.00176389063878
0.00583763806644
0.0147200873546
0.0369157112259
0.0789971021797
0.12735710386
0.168031582042
0.164272815085
0.123472344715
0.0736424341691
0.0371256982067
0.0173239259166
0.00753853261098
0.00365377346605
0.00195287892151
0.00128092058292
0.000860946621309
0.00136491537525
0.00186888412918
0.00214186720423
0.00373776825837
0.0053336693125
0.008063500063
0.00957540632481
0.0100583763807
0.00890344798622
0.00644660031078
0.00405274872958
0.00203687371383
0.000839947923229
0.000146990886565
0.000104993490404
0.0
0.0
0.0
0.0
0.0
