60
0.0
0.0
0.0
0.0
0.0
0.0
6.29960942422e-05
0.000209986980807
0.000692957036664
0.00216286590231
0.00424173701231
0.00858846751501
0.0136281550544
0.0178698920667
0.0199067657805
0.0205787241191
0.0192978035362
0.0160430053337
0.0132501784889
0.0121582461887
0.0107933308135
0.0108353282097
0.011717273529
0.0145101003738
0.0195707866112
0.0278862710512
0.0411994456344
0.0573264457604
0.0723825122842
0.0833648313805
0.0835328209651
0.0745663768846
0.0582083910798
0.0441602620638
0.0313300575364
0.0209986980807
0.0148880769392
0.011444290454
0.0103523581538
0.00911343496703
0.0113602956617
0.0133341732813
0.0162739910126
0.0187518373861
0.0194447944227
0.0193188022343
0.0164839779934
0.0125152240561
0.00797950527067
0.00470370837008
0.00188988282726
0.000713955734744
0.000188988282726
0.000125992188484
2.09986980807e-05
2.09986980807e-05
0.0
0.0
0.0
0.0
