60
0.0
0.0
0.0
0.0
4.19973961614e-05
0.000104993490404
0.00029398177313
0.0011969257906
0.00352778127756
0.00900844147663
0.0169459493511
0.0265003569779
0.0340388895888
0.0398975263534
0.0404644912015
0.0390575784301
0.035109823191
0.0323799924405
0.0263953634875
0.0209147032884
0.0163369871068
0.0141531225064
0.0110243164924
0.0119902566041
0.0143841081853
0.0185418504053
0.0220906303809
0.0291881903322
0.0352358153794
0.0396875393726
0.0427743479904
0.0434253076309
0.0409054638612
0.0371676956029
0.0329889546848
0.0283272437109
0.0250724455084
0.0221326277771
0.0201587501575
0.0189618243669
0.0190458191592
0.0195287892151
0.0212926798538
0.0209986980807
0.0175969089916
0.0150350678258
0.0125992188484
0.00921842845744
0.00638360421654
0.00361177606988
0.00216286590231
0.000860946621309
0.00058796354626
0.000230985678888
0.000209986980807
0.000125992188484
2.09986980807e-05
4.19973961614e-05
2.09986980807e-05
0.0
