60
0.0
0.0
2.09986980807e-05
0.0
4.19973961614e-05
0.000398975263534
0.000734954432825
0.00254084246777
0.0065305951031
0.0136911511486
0.0195707866112
0.0240225106043
0.0211666876654
0.0153710469951
0.0110873125866
0.00537566670866
0.00321280080635
0.00186888412918
0.00111293099828
0.000671958338583
0.000545966150099
0.000692957036664
0.00125992188484
0.00224686069464
0.00594263155684
0.0139851329218
0.0331989416656
0.0676158078199
0.113602956617
0.148229809752
0.145898954265
0.110075175339
0.0675948091218
0.031225064046
0.0129351980177
0.00548066019907
0.00195287892151
0.00104993490404
0.000419973961614
0.000335979169292
0.000461971357776
0.000671958338583
0.000839947923229
0.00155390365797
0.00365377346605
0.00726554953593
0.0126622149427
0.0186888412918
0.0199487631767
0.0180378816513
0.0129141993196
0.00768552349754
0.00272983075049
0.000860946621309
0.000209986980807
0.000104993490404
0.0
0.0
0.0
0.0
