60
0.0
0.0
4.19973961614e-05
6.29960942422e-05
0.000335979169292
0.000923942715552
0.00245684767544
0.00734954432825
0.0178068959724
0.0301121330478
0.0417454117845
0.0443072529503
0.0388685901474
0.02965016169
0.0180378816513
0.00898744277855
0.00508168493553
0.00235185418504
0.000923942715552
0.000545966150099
0.000608962244341
0.000713955734744
0.00102893620596
0.00199487631767
0.00455671748352
0.011969257906
0.0282432489186
0.0545336189156
0.0871025996388
0.1083112847
0.105350468271
0.0756583091848
0.0473940615682
0.0210406954769
0.00879845449582
0.00375876695645
0.00138591407333
0.000797950527067
0.000419973961614
0.000272983075049
0.000419973961614
0.000545966150099
0.00100793750787
0.0022888580908
0.00497669144513
0.010667338625
0.0201587501575
0.0334299273445
0.0376716643568
0.0350678257948
0.0230145730965
0.0108563269077
0.00434673050271
0.00138591407333
0.000482970055857
6.29960942422e-05
4.19973961614e-05
0.0
4.19973961614e-05
0.0
