60
0.0
0.0
0.0
0.0
4.19973961614e-05
0.00029398177313
0.000776951828987
0.00249884507161
0.0057746419722
0.01039435555
0.0147200873546
0.0156650287682
0.0124732266599
0.00833648313805
0.00461971357776
0.00237285288312
0.00134391667717
0.000503968753937
0.000335979169292
0.000209986980807
0.000188988282726
0.000251984376969
0.000440972659695
0.00125992188484
0.00344378648524
0.00978539330562
0.0280752593339
0.0649489731637
0.119188610306
0.159275124942
0.159107135358
0.12221242283
0.0709126034186
0.0362437528873
0.0155390365797
0.00617361723573
0.00287682163706
0.000965940111713
0.00088194531939
0.00058796354626
0.00058796354626
0.000755953130906
0.00123892318676
0.0023938515812
0.00464071227584
0.0088194531939
0.0140271303179
0.0199277644786
0.0224896056445
0.0193188022343
0.0125992188484
0.0068665742724
0.00264583595817
0.000692957036664
0.000209986980807
4.19973961614e-05
0.0
0.0
2.09986980807e-05
0.0
