60
0.0
0.0
0.0
0.0
0.0
0.0
0.0
0.0
0.0
0.0
0.0
0.0
0.0
0.0
0.0
0.0
0.0
0.0
0.0
0.0
0.0
0.0
0.0
0.0
0.0
0.0
0.0
0.0
0.0
0.0
0.0
0.0
0.0
0.0
0.0
0.0
0.0
0.0
4.19973961614e-05
4.19973961614e-05
0.000146990886565
0.000272983075049
0.00029398177313
0.000398975263534
0.000524967452018
0.00117592709252
0.00340178908908
0.0113812943597
0.0381546344127
0.091827306707
0.170719415396
0.230271723153
0.216748561589
0.139284364369
0.0650119692579
0.022363613456
0.00636260551846
0.00132291797909
0.000251984376969
0.0
