60
0.0
2.09986980807e-05
0.0
0.0
0.0
0.0
0.0
0.0
0.0
0.0
0.0
0.0
0.0
0.0
0.0
0.0
0.0
0.0
0.0
0.0
0.0
0.0
0.0
0.0
0.0
0.0
0.0
0.0
0.0
0.0
0.0
0.0
0.0
0.0
0.0
2.09986980807e-05
8.39947923229e-05
0.000146990886565
0.000230985678888
0.000398975263534
0.000566964848179
0.000776951828987
0.0010919323002
0.00149090756373
0.00275082944857
0.00770652219562
0.0242324975851
0.0651379614464
0.134769644282
0.221578262148
0.236697324766
0.176137079501
0.086892612658
0.0303641174247
0.00709755995128
0.00138591407333
0.000314980471211
6.29960942422e-05
2.09986980807e-05
2.09986980807e-05
