60
0.0
0.0
0.0
0.0
0.0
0.0
0.0
0.0
0.0
0.0
0.0
0.0
0.0
0.0
0.0
0.0
0.0
0.0
0.0
0.0
0.0
0.0
0.0
0.0
0.0
0.0
0.0
0.0
0.0
0.0
0.0
0.000104993490404
0.000860946621309
0.00485069925665
0.0176389063878
0.052538742598
0.116500776952
0.183549619924
0.214711687875
0.182289698039
0.117571710554
0.05984628953
0.0271303179203
0.011696274831
0.00445172399311
0.00151190626181
0.000713955734744
0.000503968753937
0.000545966150099
0.000860946621309
0.000650959640502
0.000797950527067
0.000461971357776
0.000125992188484
8.39947923229e-05
0.0
0.0
0.0
0.0
0.0
