60
0.0
0.0
0.0
0.0
0.0
0.0
0.0
0.0
0.0
0.0
0.0
0.0
0.0
0.0
0.0
0.0
0.0
0.0
0.0
0.0
0.0
0.0
0.0
0.0
0.0
0.0
0.0
0.0
0.0
0.0
0.0
0.0
2.09986980807e-05
6.29960942422e-05
0.000230985678888
0.000923942715552
0.00300281382554
0.00718155474361
0.0120532526983
0.0191088152535
0.0264583595817
0.0360967620008
0.0501448910168
0.0662718911427
0.0856536894713
0.10711435891
0.121162487926
0.128302045273
0.119482592079
0.0932762168746
0.0647179874848
0.036411742472
0.015875015749
0.00501868884129
0.00117592709252
0.000209986980807
4.19973961614e-05
0.0
0.0
0.0
