60
0.0
0.0
0.0
0.0
0.0
0.0
0.0
0.0
0.0
0.0
0.0
0.0
0.0
0.0
0.0
0.0
0.0
0.0
0.0
0.0
0.0
0.0
0.0
0.0
0.0
0.0
0.0
0.0
4.19973961614e-05
4.19973961614e-05
0.00058796354626
0.00279282684474
0.00907143757087
0.0254084246777
0.0484859938684
0.0726974927554
0.0918483054051
0.0868716139599
0.0785141321238
0.0631010877326
0.0498299105455
0.0420393935576
0.0368317164336
0.0352358153794
0.034605854437
0.0406954768804
0.0441602620638
0.0519507790517
0.0547016085003
0.0507958506573
0.0391835706186
0.0236865314351
0.0110663138885
0.00419973961614
0.00113392969636
0.000377976565453
4.19973961614e-05
0.0
0.0
0.0
