60
4.19973961614e-05
6.29960942422e-05
4.19973961614e-05
6.29960942422e-05
6.29960942422e-05
0.000146990886565
0.000167989584646
8.39947923229e-05
0.000104993490404
4.19973961614e-05
0.0
2.09986980807e-05
0.0
0.0
0.0
0.0
0.0
0.0
0.0
0.0
0.0
0.0
0.0
0.0
0.0
0.0
0.0
0.0
0.0
0.0
0.0
0.0
0.0
0.0
0.0
0.0
6.29960942422e-05
2.09986980807e-05
0.000230985678888
0.000524967452018
0.0011969257906
0.00201587501575
0.00401075133342
0.00650959640502
0.0124732266599
0.0224266095502
0.0436142959137
0.085338709
0.153752467347
0.209021040695
0.208790055017
0.144492041493
0.0717105539457
0.0235395405485
0.00669858468775
0.00167989584646
0.000650959640502
0.000272983075049
0.000104993490404
2.09986980807e-05
