60
0.000902944017471
0.000461971357776
0.000314980471211
0.000167989584646
0.000167989584646
0.000188988282726
4.19973961614e-05
4.19973961614e-05
0.0
0.0
0.0
0.0
0.0
0.0
0.0
0.0
0.0
0.0
0.0
0.0
0.0
0.0
0.0
0.0
0.0
0.0
0.0
0.0
0.0
0.0
0.0
0.0
2.09986980807e-05
2.09986980807e-05
4.19973961614e-05
2.09986980807e-05
0.000146990886565
4.19973961614e-05
0.000104993490404
8.39947923229e-05
8.39947923229e-05
4.19973961614e-05
4.19973961614e-05
8.39947923229e-05
0.000167989584646
0.000251984376969
0.00193188022343
0.00812649615724
0.0292511864264
0.0805510058376
0.155999328042
0.211288900088
0.209776993826
0.149384738146
0.0839317962286
0.0397505354668
0.0159380118433
0.00623661332997
0.00281382554282
0.00157490235605
