60
2.09986980807e-05
0.0
0.0
0.0
0.0
0.0
0.0
0.0
0.0
0.0
0.0
0.0
0.0
0.0
0.0
0.0
0.0
0.0
0.0
0.0
0.0
0.0
0.0
0.0
0.0
0.0
0.0
0.0
0.0
0.0
4.19973961614e-05
0.00029398177313
0.00058796354626
0.00161689975222
0.00272983075049
0.00543866280291
0.00779051698795
0.00867246230734
0.00837848053421
0.00968039981521
0.0119272605098
0.0144891016757
0.021082692873
0.0314980471211
0.0469320902104
0.0692957036664
0.103229599765
0.13775145941
0.156314308513
0.149321742052
0.108017302927
0.0620931502247
0.0287262189744
0.00982739070178
0.00298181512746
0.00088194531939
0.000272983075049
6.29960942422e-05
4.19973961614e-05
0.0
