60
4.19973961614e-05
6.29960942422e-05
6.29960942422e-05
0.000188988282726
0.0011969257906
0.00298181512746
0.0100163789845
0.0256184116585
0.0508168493553
0.0736634328672
0.080655999328
0.0722565200958
0.0480660199068
0.0286632228802
0.0164629792953
0.00850447272269
0.00499769014321
0.00367477216413
0.00361177606988
0.00344378648524
0.00405274872958
0.00485069925665
0.00602662634917
0.00699256646088
0.00781151568603
0.00839947923229
0.00818949225148
0.00718155474361
0.00608962244341
0.00503968753937
0.00375876695645
0.00342278778716
0.00300281382554
0.00254084246777
0.00243584897736
0.00212086850615
0.00199487631767
0.00151190626181
0.00155390365797
0.00117592709252
0.00102893620596
0.00123892318676
0.00100793750787
0.00209986980807
0.00331779429675
0.00644660031078
0.0135651589601
0.0283062450128
0.0546806098022
0.0815379446474
0.101906681786
0.088971483768
0.0561715173659
0.0259963882239
0.00755953130906
0.00212086850615
0.00058796354626
0.000188988282726
0.000104993490404
2.09986980807e-05
