60
0.0
0.0
0.0
0.0
0.0
0.0
0.0
0.0
0.0
0.0
0.0
0.0
0.0
0.0
0.0
0.0
0.0
0.0
0.0
0.0
0.0
0.0
0.0
0.0
0.0
0.0
0.0
0.0
0.0
0.0
0.0
0.0
0.0
0.0
2.09986980807e-05
0.0
0.0
0.0
2.09986980807e-05
2.09986980807e-05
6.29960942422e-05
0.000104993490404
0.000125992188484
0.000356977867372
0.000671958338583
0.00207887110999
0.00884045189198
0.0325479820251
0.0923312754609
0.186195455882
0.261517785897
0.234114484902
0.126202175465
0.0431523245559
0.00968039981521
0.00170089454454
0.000230985678888
2.09986980807e-05
0.0
0.0
