60
0.0
0.0
0.0
0.0
0.0
0.0
0.0
0.0
0.0
0.0
0.0
0.0
0.0
0.0
0.0
0.0
0.0
0.0
0.0
0.0
0.0
0.0
0.0
0.0
0.0
0.0
0.0
0.0
0.0
0.0
0.0
0.0
0.0
0.0
0.0
0.0
0.0
2.09986980807e-05
4.19973961614e-05
4.19973961614e-05
0.000188988282726
0.000356977867372
0.000923942715552
0.00245684767544
0.00455671748352
0.0109403217001
0.0257024064508
0.0547856032926
0.11717273529
0.195224896056
0.236928310445
0.198122716392
0.105812439629
0.0363907437739
0.00831548443996
0.00153290495989
0.000440972659695
4.19973961614e-05
0.0
0.0
