60
0.0
0.0
0.0
0.0
0.0
0.0
0.0
0.0
0.0
0.0
0.0
0.0
0.0
0.0
0.0
0.0
0.0
0.0
0.0
0.0
0.0
0.0
0.0
0.0
0.0
0.0
0.0
0.0
0.0
0.0
0.0
0.0
0.0
0.0
0.000125992188484
0.000356977867372
0.00180588803494
0.00485069925665
0.0105833438327
0.017680903784
0.0263743647894
0.0354038049641
0.0439502750829
0.0538826592751
0.0700516567973
0.0914283314435
0.117382722271
0.139263365671
0.141552223762
0.115576834236
0.0755113182983
0.035382806266
0.0129561967158
0.00443072529503
0.00104993490404
0.000377976565453
2.09986980807e-05
0.0
0.0
0.0
