60
0.0
2.09986980807e-05
2.09986980807e-05
4.19973961614e-05
0.000188988282726
0.00100793750787
0.00459871487968
0.0142371172987
0.0330519507791
0.0510478350342
0.0608542270379
0.0516357985805
0.0351938179833
0.0202637436479
0.00959640502289
0.00472470706816
0.00285582293898
0.00247784637352
0.00216286590231
0.00191088152535
0.00188988282726
0.00197387761959
0.00342278778716
0.00356977867372
0.00459871487968
0.00638360421654
0.00739154172441
0.00894544538239
0.0102683633615
0.0111083112847
0.0144471042795
0.0177438998782
0.0208307084961
0.0254714207719
0.0295031708034
0.0338709000042
0.0331569442695
0.0328419637982
0.0306371004998
0.0292301877284
0.0284952332955
0.0274872957877
0.0294821721053
0.033555919533
0.0411364495401
0.0458191592121
0.0530007139557
0.0480450212087
0.0354877997564
0.0193398009323
0.00886145059006
0.00367477216413
0.00134391667717
0.000629960942422
0.000335979169292
6.29960942422e-05
4.19973961614e-05
2.09986980807e-05
0.0
0.0
