60
0.0
2.09986980807e-05
0.0
0.0
0.0
0.0
0.0
2.09986980807e-05
0.0
6.29960942422e-05
0.0
0.0
0.0
0.0
0.0
0.0
0.0
0.0
0.0
0.0
0.0
0.0
0.0
0.0
0.0
0.0
0.0
0.0
0.0
0.0
0.0
8.39947923229e-05
0.000272983075049
0.000503968753937
0.000965940111713
0.00256184116585
0.00398975263534
0.00581663936836
0.005984628953
0.00657259249927
0.00818949225148
0.00852547142077
0.00986938809794
0.0134391667717
0.0206207215153
0.0341228843812
0.0592793246819
0.100919742976
0.156818277267
0.193880979379
0.174331191466
0.113581957919
0.0537146696905
0.0186678425938
0.00539666540674
0.00134391667717
0.000377976565453
6.29960942422e-05
0.0
0.0
