60
0.0
0.0
0.0
0.0
0.0
0.0
0.0
0.0
0.0
0.0
0.0
0.0
0.0
0.0
0.0
0.0
0.0
0.0
0.0
0.0
0.0
0.0
0.0
0.0
0.0
0.0
0.0
0.0
0.0
0.0
0.0
0.0
0.0
0.0
2.09986980807e-05
0.0
0.000104993490404
0.000356977867372
0.00104993490404
0.0023938515812
0.00701356515896
0.0147620847507
0.0284322372013
0.044475242535
0.0670278442737
0.101087732561
0.138864390408
0.167695602873
0.169270505229
0.133362731511
0.0797110579144
0.0323799924405
0.0092604258536
0.00241485027928
0.000272983075049
4.19973961614e-05
0.0
0.0
0.0
0.0
