60
2.09986980807e-05
0.0
2.09986980807e-05
4.19973961614e-05
6.29960942422e-05
0.000377976565453
0.000797950527067
0.00125992188484
0.00180588803494
0.00176389063878
0.00111293099828
0.000734954432825
0.000146990886565
4.19973961614e-05
2.09986980807e-05
0.0
0.0
0.0
0.0
0.0
0.0
0.0
0.0
0.0
0.0
0.0
0.0
0.0
0.0
0.0
0.0
2.09986980807e-05
6.29960942422e-05
0.00029398177313
0.00088194531939
0.00193188022343
0.00482970055857
0.0104783503423
0.0209567006846
0.0318760236865
0.0449372138927
0.0581873923817
0.0653899458234
0.0750703456386
0.0828818613246
0.0956910671538
0.107492335475
0.113560959221
0.105665448742
0.082734870438
0.051509806392
0.0240435093024
0.00976439460753
0.00260383856201
0.000755953130906
8.39947923229e-05
4.19973961614e-05
4.19973961614e-05
0.0
0.0
