60
0.0
0.0
0.0
0.0
0.0
0.0
0.0
0.0
0.0
0.0
0.0
0.0
0.0
0.0
0.0
0.0
0.0
0.0
0.0
0.0
0.0
0.0
0.0
0.0
0.0
0.0
0.0
0.0
0.0
0.0
0.0
2.09986980807e-05
6.29960942422e-05
0.000629960942422
0.00233085548696
0.00842047793037
0.022384612154
0.0426483558019
0.0737474276595
0.107366343287
0.141552223762
0.158309184831
0.150098693881
0.119986560833
0.0782621477468
0.0461551383814
0.0240225106043
0.0125362227542
0.0063206081223
0.0030448112217
0.00113392969636
0.000671958338583
0.000230985678888
6.29960942422e-05
0.0
0.0
0.0
0.0
0.0
0.0
