60
0.0
0.0
0.0
0.0
0.0
0.0
0.0
0.0
0.0
0.0
0.0
0.0
0.0
0.0
0.0
0.0
0.0
0.0
0.0
0.0
0.0
0.0
0.0
0.0
0.0
0.0
0.0
0.0
0.0
0.0
0.0
0.0
0.0
0.0
2.09986980807e-05
2.09986980807e-05
0.000125992188484
0.000398975263534
0.000818949225148
0.00159590105413
0.00291881903322
0.00529167191634
0.00865146360926
0.0150560665239
0.0276762840704
0.0496199235647
0.0846037545672
0.132480786191
0.178488933686
0.191319138213
0.154277434799
0.0908193691991
0.0405694846919
0.0118012683214
0.00270883205241
0.000545966150099
0.000188988282726
0.0
0.0
0.0
