60
0.0
0.0
0.0
0.0
0.0
0.0
0.0
0.0
0.0
0.0
0.0
0.0
0.0
0.0
0.0
0.0
0.0
0.0
0.0
0.0
0.0
0.0
0.0
0.0
0.0
0.0
0.0
0.0
0.0
0.0
0.0
0.0
0.0
0.0
0.0
0.0
0.0
2.09986980807e-05
2.09986980807e-05
4.19973961614e-05
0.000104993490404
0.000524967452018
0.000860946621309
0.00268783335433
0.00545966150099
0.0141951199026
0.0349418336063
0.0786191256142
0.148481794129
0.218176473059
0.230250724455
0.162613917937
0.0753643274117
0.0222586199656
0.00466171097392
0.000566964848179
0.000125992188484
2.09986980807e-05
0.0
0.0
