60
0.0
0.0
0.0
0.0
0.0
0.0
0.0
0.0
0.0
0.0
0.0
0.0
0.0
0.0
0.0
0.0
0.0
0.0
0.0
0.0
0.0
0.0
0.0
0.0
0.0
0.0
0.0
0.0
0.0
0.0
0.0
0.0
2.09986980807e-05
0.00058796354626
0.00401075133342
0.0149720717316
0.0478980303221
0.0989458653563
0.15339548948
0.182583679812
0.173176263072
0.136911511486
0.0909873587838
0.0496409222628
0.0257234051489
0.0110873125866
0.00562765108563
0.0022888580908
0.00121792448868
0.000419973961614
0.000272983075049
0.000209986980807
0.0
0.0
0.0
2.09986980807e-05
0.0
0.0
0.0
0.0
