60
0.0
0.0
4.19973961614e-05
8.39947923229e-05
0.000167989584646
0.000839947923229
0.00218386460039
0.00396875393726
0.00608962244341
0.00566964848179
0.00327579690059
0.00151190626181
0.000272983075049
4.19973961614e-05
0.0
0.0
0.0
0.0
0.0
0.0
0.0
0.0
0.0
0.0
0.0
0.0
0.0
0.0
0.0
2.09986980807e-05
4.19973961614e-05
0.000146990886565
0.000818949225148
0.00209986980807
0.00464071227584
0.00951241023057
0.0150560665239
0.0221956238713
0.0281802528243
0.0342278778716
0.0362437528873
0.0366007307547
0.0357187854353
0.0399815211457
0.0476670446432
0.0578094158162
0.0736844315652
0.0927722481206
0.104867498215
0.111839065978
0.0969509890387
0.0669228507833
0.0358447776238
0.0150350678258
0.00520767712402
0.00134391667717
0.000272983075049
8.39947923229e-05
6.29960942422e-05
0.0
