60
0.0
0.0
0.0
0.0
0.0
0.0
0.0
0.0
0.0
0.0
0.0
0.0
0.0
0.0
0.0
0.0
0.0
0.0
0.0
0.0
0.0
0.0
0.0
0.0
0.0
0.0
0.0
0.0
0.0
0.000125992188484
0.000377976565453
0.00281382554282
0.0104573516442
0.0270883205241
0.0561715173659
0.0877745579774
0.112826004788
0.117571710554
0.103460585444
0.0826298769476
0.0620091554324
0.0438872789887
0.0344588635505
0.0253454285834
0.0241695014909
0.0244004871698
0.0300491369535
0.0350258283986
0.0373566838856
0.0345008609466
0.0241485027928
0.0142161186006
0.00627861072613
0.00209986980807
0.000503968753937
0.000188988282726
6.29960942422e-05
0.0
0.0
0.0
