60
2.09986980807e-05
0.0
0.0
0.0
0.000125992188484
0.000251984376969
0.000713955734744
0.00308680861787
0.00997438158834
0.0213976733443
0.0241275040947
0.0160010079375
0.00650959640502
0.00182688673302
0.000230985678888
4.19973961614e-05
0.0
0.0
0.0
0.0
0.0
0.0
0.0
0.0
0.0
0.0
0.0
0.0
0.0
2.09986980807e-05
6.29960942422e-05
0.000524967452018
0.00180588803494
0.00480870186048
0.0139851329218
0.0335979169292
0.0619671580362
0.0919742975935
0.102389651842
0.0932762168746
0.073369451094
0.0555415564235
0.0388055940532
0.0294821721053
0.0255344168662
0.0240855066986
0.0250934442065
0.0280542606358
0.0337449078157
0.0399395237495
0.0452521943639
0.03851161228
0.0287892150687
0.0164839779934
0.0057746419722
0.00193188022343
0.000629960942422
0.000167989584646
6.29960942422e-05
2.09986980807e-05
