60
0.0
0.0
0.0
0.0
0.0
0.0
0.0
0.0
0.0
0.0
0.0
0.0
0.0
0.0
0.0
0.0
0.0
0.0
0.0
0.0
0.0
0.0
0.0
0.0
0.0
0.0
0.0
0.0
0.0
0.0
2.09986980807e-05
6.29960942422e-05
0.000419973961614
0.00146990886565
0.00422073831422
0.0141111251102
0.0337449078157
0.0680147830834
0.101696694805
0.118411658477
0.121204485322
0.119671580362
0.11805468061
0.110138171433
0.0893704590315
0.0574314392508
0.0280542606358
0.0101633698711
0.00312880601403
0.000524967452018
6.29960942422e-05
2.09986980807e-05
0.0
0.0
0.0
0.0
0.0
0.0
0.0
0.0
