60
0.0
0.0
0.0
0.0
0.0
0.0
0.0
0.0
0.0
0.0
0.0
0.0
0.0
0.0
0.0
0.0
0.0
0.0
0.0
0.0
0.0
0.0
0.0
0.0
0.0
0.0
0.0
0.0
0.0
0.0
0.0
0.0
4.19973961614e-05
0.000230985678888
0.00207887110999
0.00718155474361
0.0226155978329
0.0519507790517
0.0895384486162
0.124585275713
0.144786023267
0.138759396917
0.120847507455
0.0940321700055
0.0703456385704
0.0509218428457
0.0326529755155
0.0215446642308
0.0134181680736
0.0077275208937
0.00354877997564
0.00203687371383
0.000755953130906
0.000314980471211
6.29960942422e-05
2.09986980807e-05
0.0
0.0
0.0
0.0
