60
0.0
0.0
0.0
0.0
0.0
0.0
0.0
0.0
0.0
0.0
0.0
0.0
0.0
0.0
0.0
0.0
0.0
0.0
0.0
0.0
0.0
0.0
0.0
0.0
0.0
0.0
0.0
2.09986980807e-05
0.000125992188484
0.000251984376969
0.0016378984503
0.0053336693125
0.0175549115955
0.0370837008105
0.0711435890975
0.115240855067
0.150791650918
0.152534542858
0.123913317374
0.0881105371467
0.0574734366469
0.0340178908908
0.023938515812
0.0186468438957
0.0163369871068
0.0161060014279
0.0156230313721
0.0153920456932
0.0136491537525
0.0114022930578
0.00783251438411
0.00396875393726
0.00132291797909
0.000440972659695
6.29960942422e-05
4.19973961614e-05
0.0
0.0
0.0
0.0
