60
0.0
0.0
0.0
0.0
0.0
0.0
0.0
0.0
0.0
0.0
0.0
0.0
4.19973961614e-05
0.000125992188484
0.000146990886565
0.000314980471211
0.000335979169292
0.000734954432825
0.000650959640502
0.00121792448868
0.00262483726009
0.00430473310655
0.00354877997564
0.0023938515812
0.0028348242409
0.00554365629331
0.0128512032254
0.0333669312503
0.0757633026752
0.150896644408
0.215992608458
0.217672504305
0.154151442611
0.0769182310697
0.0262063752047
0.00661458989543
0.00153290495989
0.000314980471211
8.39947923229e-05
2.09986980807e-05
0.0
4.19973961614e-05
6.29960942422e-05
0.000104993490404
0.000230985678888
0.000566964848179
0.000524967452018
0.000545966150099
0.000335979169292
0.000230985678888
0.000104993490404
4.19973961614e-05
0.0
0.0
0.0
0.0
0.0
0.0
0.0
0.0
