60
0.0126412162446
0.00644660031078
0.00352778127756
0.00113392969636
0.000503968753937
0.000125992188484
0.000104993490404
6.29960942422e-05
0.0
0.0
0.0
0.0
0.0
2.09986980807e-05
0.0
0.0
0.0
0.0
0.0
0.0
0.0
0.0
0.0
0.0
0.0
0.0
0.0
0.0
0.0
0.0
0.0
0.0
0.0
0.0
4.19973961614e-05
0.0
2.09986980807e-05
4.19973961614e-05
4.19973961614e-05
0.000272983075049
0.000188988282726
0.000461971357776
0.00115492839444
0.0016378984503
0.00222586199656
0.00256184116585
0.00233085548696
0.00323379950443
0.00758053000714
0.0209776993826
0.055919532989
0.104888496913
0.149363739448
0.163852841124
0.147914829281
0.114169921465
0.0835538196632
0.0539876527655
0.0361387593969
0.0228675822099
