60
8.39947923229e-05
0.000104993490404
0.000167989584646
0.000167989584646
0.000608962244341
0.00100793750787
0.00182688673302
0.00241485027928
0.00277182814665
0.00172189324262
0.00157490235605
0.00111293099828
0.000608962244341
0.000461971357776
0.000650959640502
0.00128092058292
0.0028348242409
0.00661458989543
0.0128512032254
0.0243164923775
0.045525177439
0.0817899290244
0.133236739322
0.171496367225
0.180798790475
0.152345554576
0.096782999454
0.0488219730377
0.0186048464995
0.00566964848179
0.00123892318676
0.000335979169292
4.19973961614e-05
2.09986980807e-05
0.0
0.0
0.0
0.0
0.0
0.0
0.0
0.0
0.0
0.0
0.0
0.0
0.0
0.0
0.0
0.0
0.0
0.0
0.0
0.0
0.0
2.09986980807e-05
2.09986980807e-05
0.0
4.19973961614e-05
2.09986980807e-05
