60
0.000104993490404
8.39947923229e-05
0.000440972659695
0.00140691277141
0.00543866280291
0.0154970391836
0.0330939481752
0.0573474444584
0.0797950527067
0.0958800554366
0.104741506027
0.105392465667
0.104384528159
0.0930662298937
0.0780101633699
0.0618831632439
0.0528537230692
0.0408214690689
0.030952080971
0.0196967787997
0.0114232917559
0.00440972659695
0.00197387761959
0.000419973961614
0.00029398177313
0.000188988282726
0.0
0.0
0.0
0.0
0.0
0.0
0.0
0.0
0.0
0.0
0.0
0.0
0.0
0.0
0.0
0.0
0.0
0.0
0.0
0.0
0.0
0.0
0.0
0.0
0.0
0.0
0.0
0.0
0.0
0.0
4.19973961614e-05
6.29960942422e-05
0.000104993490404
0.000188988282726
