60
0.000545966150099
0.000503968753937
0.000482970055857
0.000566964848179
0.000755953130906
0.00100793750787
0.00107093360212
0.00176389063878
0.00226785939272
0.00323379950443
0.00388475914493
0.0034857838814
0.00329679559867
0.00285582293898
0.00266683465625
0.00258283986393
0.00256184116585
0.00285582293898
0.00419973961614
0.0051236823317
0.00667758598967
0.00783251438411
0.0126832136408
0.0232875561715
0.0501238923187
0.0980009239427
0.156419302003
0.188169333501
0.169942463567
0.12013355172
0.0645709965982
0.0295871655957
0.0117802696233
0.00489269665281
0.00178488933686
0.000944941413632
0.000272983075049
0.000125992188484
8.39947923229e-05
4.19973961614e-05
8.39947923229e-05
6.29960942422e-05
0.000104993490404
6.29960942422e-05
0.000125992188484
0.000125992188484
0.000167989584646
2.09986980807e-05
0.000125992188484
0.000188988282726
0.000251984376969
0.000335979169292
0.00058796354626
0.000692957036664
0.000734954432825
0.000755953130906
0.000692957036664
0.000734954432825
0.000461971357776
0.000608962244341
