60
0.0270043257318
0.0142371172987
0.00564864978371
0.00243584897736
0.0011969257906
0.000377976565453
0.000167989584646
2.09986980807e-05
0.0
0.0
0.0
0.0
0.0
0.0
0.0
0.0
0.0
0.0
0.0
2.09986980807e-05
0.0
0.0
0.0
4.19973961614e-05
0.000314980471211
0.00102893620596
0.00138591407333
0.00146990886565
0.00155390365797
0.00144891016757
0.00125992188484
0.000755953130906
0.000902944017471
0.00058796354626
0.000377976565453
0.00029398177313
0.000440972659695
0.000188988282726
0.000230985678888
0.00029398177313
0.000104993490404
0.000167989584646
0.000419973961614
0.000503968753937
0.00146990886565
0.0017428919407
0.00356977867372
0.00682457687623
0.0128092058292
0.0272563101088
0.0516357985805
0.0821259081937
0.110033177943
0.124711267901
0.125740204107
0.113266977447
0.0942211582882
0.0782201503507
0.0598882869262
0.0415984208979
