60
0.00529167191634
0.00562765108563
0.00569064717987
0.00659359119735
0.00753853261098
0.00793750787451
0.00709755995128
0.00802150266683
0.00688757297048
0.00665658729159
0.00573264457604
0.00491369535089
0.00499769014321
0.00646759900886
0.00873545840158
0.0122632396791
0.0159800092394
0.0202427449498
0.0250514468103
0.0309730796691
0.0371046995086
0.0495989248667
0.0595103103608
0.0631430851287
0.0582083910798
0.0456091722313
0.0309100835748
0.0191088152535
0.0102683633615
0.00554365629331
0.00401075133342
0.00214186720423
0.00172189324262
0.00178488933686
0.00138591407333
0.00113392969636
0.000860946621309
0.000335979169292
0.000398975263534
0.000377976565453
0.000335979169292
0.000188988282726
0.000377976565453
0.000314980471211
0.000230985678888
0.00107093360212
0.00333879299483
0.0087144597035
0.0214186720423
0.0399605224476
0.0579984040989
0.0640250304481
0.0619671580362
0.0489899626223
0.0347108479274
0.0216706564193
0.0143841081853
0.0103523581538
0.00711855864936
0.0069715677628
