60
0.0
0.0
2.09986980807e-05
4.19973961614e-05
6.29960942422e-05
0.000146990886565
0.000125992188484
0.000125992188484
2.09986980807e-05
4.19973961614e-05
2.09986980807e-05
4.19973961614e-05
4.19973961614e-05
4.19973961614e-05
0.000146990886565
0.000188988282726
0.000272983075049
0.000650959640502
0.00155390365797
0.00342278778716
0.00730754693209
0.0133551719793
0.0226785939272
0.0301541304439
0.0358447776238
0.040065515938
0.0439922724791
0.0477300407375
0.0513418168074
0.0584813741548
0.0685397505355
0.0804460123472
0.0871235983369
0.0934442064592
0.0880265423544
0.0754273235059
0.059321322078
0.0399815211457
0.0242744949813
0.0144471042795
0.00619461593381
0.00331779429675
0.000776951828987
0.000524967452018
0.000125992188484
2.09986980807e-05
4.19973961614e-05
4.19973961614e-05
0.0
0.0
0.0
0.0
0.0
0.0
0.0
0.0
0.0
0.0
0.0
0.0
