60
0.0
0.0
0.0
0.0
0.0
0.0
0.0
0.0
0.0
0.0
0.0
0.0
0.0
0.0
0.0
2.09986980807e-05
0.000230985678888
0.001301919281
0.00430473310655
0.01301919281
0.0321700054597
0.0657259249927
0.110999118055
0.157259249927
0.175696106841
0.167296627609
0.124081306959
0.0727184914535
0.0362647515854
0.0173239259166
0.00800050396875
0.00474570576624
0.00323379950443
0.0022888580908
0.00176389063878
0.000860946621309
0.000503968753937
0.000167989584646
2.09986980807e-05
0.0
0.0
0.0
0.0
0.0
0.0
0.0
0.0
0.0
0.0
0.0
0.0
0.0
0.0
0.0
0.0
0.0
0.0
0.0
0.0
0.0
