60
0.00125992188484
0.00058796354626
0.000503968753937
0.000167989584646
0.000251984376969
8.39947923229e-05
0.000251984376969
0.000209986980807
0.000440972659695
0.000398975263534
0.000524967452018
0.000482970055857
0.000356977867372
0.000713955734744
0.000545966150099
0.00104993490404
0.00186888412918
0.00350678257948
0.00592163285876
0.0119062618118
0.0194447944227
0.0305741044055
0.0469740876066
0.0615471840746
0.0755113182983
0.0779681659737
0.0644240057116
0.0416404182941
0.0201167527613
0.00768552349754
0.00264583595817
0.000902944017471
0.000188988282726
2.09986980807e-05
4.19973961614e-05
2.09986980807e-05
0.0
0.0
0.0
2.09986980807e-05
0.0
0.0
0.0
0.0
8.39947923229e-05
2.09986980807e-05
0.000167989584646
0.000524967452018
0.00319180210827
0.0128512032254
0.0432783167444
0.090000419974
0.125005249675
0.110201167528
0.0691067153836
0.0330099533829
0.0171349376339
0.00842047793037
0.00424173701231
0.00199487631767
