60
6.29960942422e-05
4.19973961614e-05
0.0
0.0
4.19973961614e-05
2.09986980807e-05
6.29960942422e-05
6.29960942422e-05
0.00029398177313
0.00058796354626
0.000755953130906
0.00088194531939
0.00115492839444
0.00140691277141
0.00201587501575
0.00361177606988
0.00527067321826
0.0124522279619
0.0242744949813
0.0417664104826
0.0708496073243
0.105161479988
0.130926882533
0.14409306623
0.14463903238
0.122716391584
0.088719499391
0.053840661879
0.0254714207719
0.0112553021713
0.00430473310655
0.00128092058292
0.000314980471211
4.19973961614e-05
4.19973961614e-05
0.0
0.0
0.0
0.0
0.0
2.09986980807e-05
0.0
0.0
2.09986980807e-05
4.19973961614e-05
2.09986980807e-05
0.0
0.0
0.0
0.0
0.0
2.09986980807e-05
6.29960942422e-05
0.000188988282726
0.000251984376969
0.000356977867372
0.000167989584646
0.000251984376969
8.39947923229e-05
8.39947923229e-05
