60
0.0157490235605
0.00942841543824
0.00579564067028
0.00300281382554
0.00205787241191
0.000671958338583
0.000650959640502
0.000461971357776
6.29960942422e-05
4.19973961614e-05
0.0
0.0
0.0
0.0
0.0
0.0
0.0
0.0
0.0
0.0
0.0
0.0
0.0
0.0
0.0
0.0
0.0
0.0
0.0
0.0
0.0
0.0
0.0
0.0
0.0
0.0
0.0
0.0
0.0
0.0
0.0
0.0
6.29960942422e-05
4.19973961614e-05
0.000272983075049
0.000944941413632
0.00365377346605
0.00890344798622
0.0209986980807
0.0426693545
0.0750283482424
0.110159170131
0.13315274453
0.142035193818
0.125572214523
0.103985552896
0.078031162068
0.0547226071984
0.0366427281509
0.0251984376969
