60
0.00554365629331
0.00266683465625
0.00153290495989
0.000755953130906
0.000188988282726
4.19973961614e-05
8.39947923229e-05
0.0
2.09986980807e-05
0.0
0.0
0.0
0.0
0.0
0.0
0.0
0.0
0.0
0.0
0.0
0.0
0.0
0.0
0.0
0.0
0.0
0.0
0.0
0.0
0.0
0.0
0.0
0.0
0.0
0.0
0.0
0.0
0.0
0.0
0.0
0.0
0.0
0.0
0.0
0.0
0.0
2.09986980807e-05
0.000167989584646
0.000965940111713
0.00617361723573
0.0251984376969
0.0765192558061
0.160703036412
0.221641258242
0.204317332325
0.145122002436
0.0795010709336
0.0388475914493
0.0193607996304
0.0106253412288
