60
0.0
0.0
0.0
0.0
0.0
0.0
0.0
0.0
0.0
4.19973961614e-05
0.000188988282726
0.000755953130906
0.00115492839444
0.00203687371383
0.00386376044685
0.00921842845744
0.0198017722901
0.049178950905
0.0958800554366
0.158372180925
0.195833858301
0.188442316576
0.140565284952
0.0783671412372
0.0362647515854
0.0139221368275
0.004682709672
0.00115492839444
0.000230985678888
2.09986980807e-05
2.09986980807e-05
0.0
0.0
0.0
0.0
0.0
0.0
0.0
0.0
0.0
0.0
0.0
0.0
0.0
0.0
0.0
0.0
0.0
0.0
0.0
0.0
0.0
0.0
0.0
0.0
0.0
0.0
0.0
0.0
0.0
