60
0.00151190626181
0.00088194531939
0.000482970055857
0.000377976565453
0.000125992188484
0.000167989584646
0.000104993490404
2.09986980807e-05
8.39947923229e-05
6.29960942422e-05
8.39947923229e-05
6.29960942422e-05
2.09986980807e-05
2.09986980807e-05
0.0
0.0
0.0
0.0
0.0
0.0
0.0
0.0
0.0
0.0
0.0
0.0
0.0
0.0
0.0
0.0
0.0
0.0
0.0
0.0
0.0
0.0
0.0
0.0
0.0
0.0
0.0
0.0
2.09986980807e-05
2.09986980807e-05
0.000167989584646
0.000944941413632
0.0040317500315
0.0131871823947
0.0369157112259
0.0796270631221
0.134223678132
0.177334005292
0.179412876402
0.149531729033
0.102746629709
0.0598042921339
0.0303641174247
0.0162529923145
0.00808449876108
0.00331779429675
