60
0.00209986980807
0.000650959640502
0.000251984376969
0.000125992188484
2.09986980807e-05
0.0
0.0
2.09986980807e-05
0.0
0.0
0.0
0.0
0.0
0.0
0.0
0.0
0.0
0.0
0.0
0.0
0.0
0.0
0.0
0.0
0.0
0.0
0.0
0.0
0.0
0.0
0.0
0.0
0.0
0.0
0.0
0.0
0.0
0.0
0.0
0.0
0.0
0.0
0.0
0.0
2.09986980807e-05
0.00029398177313
0.00167989584646
0.0111083112847
0.0468060980219
0.12439628743
0.206795178699
0.22953676872
0.179139893327
0.0987148796775
0.0466591071354
0.0224896056445
0.012221242283
0.00818949225148
0.0053336693125
0.00344378648524
