60
0.0154760404855
0.0111293099828
0.00974339590945
0.00716055604553
0.00531267061442
0.0035907773718
0.00247784637352
0.00136491537525
0.00113392969636
0.000860946621309
0.000776951828987
0.00100793750787
0.00111293099828
0.00115492839444
0.00149090756373
0.00266683465625
0.00382176305069
0.00726554953593
0.0131241863004
0.0229095796061
0.0363067489816
0.0484859938684
0.0641510226366
0.0737264289614
0.0813279576666
0.0760572844484
0.0662088950485
0.0479400277183
0.0287262189744
0.0146780899584
0.00602662634917
0.00199487631767
0.000776951828987
0.000251984376969
4.19973961614e-05
2.09986980807e-05
0.0
0.0
0.0
2.09986980807e-05
0.0
2.09986980807e-05
8.39947923229e-05
2.09986980807e-05
0.000125992188484
0.000356977867372
0.000314980471211
0.000797950527067
0.003380790391
0.0088194531939
0.0185418504053
0.0324429885347
0.0433833102348
0.0464281214565
0.0447902230062
0.0392045693167
0.0326739742136
0.0279072697493
0.0221326277771
0.0182478686321
