60
0.00262483726009
0.00369577086221
0.00405274872958
0.00455671748352
0.00453571878544
0.00411574482382
0.0052286758221
0.0068665742724
0.00743353912057
0.00646759900886
0.00661458989543
0.00585863676452
0.00600562765109
0.00608962244341
0.00917643106127
0.0142581159968
0.0230775691907
0.0354458023603
0.0531477048423
0.0789131073873
0.100709755995
0.117592709252
0.124585275713
0.119650581664
0.0949981101172
0.0675108143295
0.0409474612574
0.0196127840074
0.00671958338583
0.00201587501575
0.000503968753937
0.000188988282726
2.09986980807e-05
0.0
0.0
0.0
0.0
0.0
0.0
0.0
0.0
0.0
0.0
0.0
2.09986980807e-05
4.19973961614e-05
8.39947923229e-05
0.000482970055857
0.000860946621309
0.00167989584646
0.00251984376969
0.00302381252362
0.00205787241191
0.00159590105413
0.000839947923229
0.000356977867372
0.000377976565453
0.000503968753937
0.000734954432825
0.00159590105413
