60
4.19973961614e-05
0.000125992188484
0.000167989584646
0.000377976565453
0.000650959640502
0.000839947923229
0.000671958338583
0.000398975263534
0.000209986980807
6.29960942422e-05
6.29960942422e-05
2.09986980807e-05
4.19973961614e-05
4.19973961614e-05
0.000104993490404
0.000314980471211
0.000188988282726
0.000545966150099
0.00149090756373
0.00333879299483
0.00745453781866
0.0159590105413
0.0322330015539
0.0602662634917
0.115156860275
0.185922472807
0.224371088992
0.189954222838
0.10864726387
0.039813531561
0.0092604258536
0.00107093360212
0.000167989584646
0.0
0.0
0.0
0.0
0.0
0.0
0.0
0.0
0.0
0.0
0.0
0.0
0.0
0.0
0.0
0.0
0.0
0.0
0.0
0.0
0.0
0.0
0.0
0.0
0.0
0.0
2.09986980807e-05
