60
0.0
0.0
0.0
0.0
0.0
0.0
0.0
0.0
0.0
6.29960942422e-05
0.000125992188484
0.000230985678888
0.000377976565453
0.00115492839444
0.00279282684474
0.00516567972786
0.00755953130906
0.013523161564
0.0216286590231
0.034857838814
0.0512158246189
0.079333081349
0.108899248247
0.143736088363
0.160850027298
0.155327369703
0.116143799084
0.0636680525807
0.0256184116585
0.0065305951031
0.00111293099828
8.39947923229e-05
0.0
0.0
0.0
0.0
0.0
0.0
0.0
0.0
0.0
0.0
0.0
0.0
0.0
0.0
0.0
0.0
0.0
0.0
0.0
0.0
0.0
0.0
0.0
0.0
0.0
0.0
0.0
0.0
