60
0.0815589433455
0.0575784301373
0.0330729494771
0.0155390365797
0.00493469404897
0.00136491537525
0.000335979169292
8.39947923229e-05
2.09986980807e-05
0.0
0.0
0.0
0.0
2.09986980807e-05
0.0
0.0
0.0
0.0
0.0
0.0
0.0
0.0
0.0
0.0
0.0
0.0
0.0
0.0
0.0
0.0
0.0
0.0
0.0
0.0
0.0
0.0
0.0
0.0
0.0
0.0
0.0
0.0
0.0
2.09986980807e-05
4.19973961614e-05
6.29960942422e-05
0.000146990886565
0.000503968753937
0.00115492839444
0.00272983075049
0.00699256646088
0.0168199571627
0.0343748687581
0.0605392465667
0.0862836504137
0.108773256058
0.124459283524
0.132774767964
0.122590399395
0.1072193524
