60
0.000125992188484
4.19973961614e-05
0.0
4.19973961614e-05
0.0
4.19973961614e-05
6.29960942422e-05
8.39947923229e-05
0.000104993490404
0.000167989584646
0.000440972659695
0.000776951828987
0.00159590105413
0.00314980471211
0.00684557557431
0.0130821889043
0.0245684767544
0.0447272269119
0.0699046659107
0.0960270463231
0.113728948805
0.11137709462
0.0854856998866
0.0548485993868
0.0294821721053
0.0123052370753
0.0045777161816
0.00167989584646
0.000503968753937
0.000419973961614
0.000104993490404
0.000125992188484
8.39947923229e-05
2.09986980807e-05
2.09986980807e-05
2.09986980807e-05
0.0
0.000104993490404
2.09986980807e-05
0.000188988282726
0.000398975263534
0.000650959640502
0.00144891016757
0.00380076435261
0.00739154172441
0.0131031876024
0.0187098399899
0.028096258032
0.0373986812818
0.0446852295158
0.0480870186048
0.0435303011213
0.0331779429675
0.0208727058922
0.0127672084331
0.00535466801058
0.00226785939272
0.000902944017471
0.00029398177313
0.000167989584646
