60
0.00608962244341
0.00182688673302
0.000776951828987
0.000251984376969
2.09986980807e-05
0.0
0.0
0.0
0.0
0.0
0.0
0.0
0.0
0.0
0.0
0.0
0.0
0.0
0.0
0.0
0.0
0.0
0.0
0.0
0.0
0.0
0.0
0.0
0.0
0.0
0.0
0.0
0.0
0.0
0.0
0.0
2.09986980807e-05
0.0
0.0
2.09986980807e-05
2.09986980807e-05
0.000104993490404
0.000251984376969
0.00058796354626
0.00132291797909
0.00321280080635
0.00531267061442
0.0110243164924
0.0243794884717
0.0509428415438
0.0869136113561
0.126769140313
0.155075385326
0.151211624879
0.126979127294
0.0986518835832
0.0674058208391
0.0425013649154
0.0251354416026
0.0131871823947
