60
2.09986980807e-05
6.29960942422e-05
6.29960942422e-05
4.19973961614e-05
0.000125992188484
0.000104993490404
0.000146990886565
0.00058796354626
0.00167989584646
0.00279282684474
0.00443072529503
0.00779051698795
0.011717273529
0.0158960144471
0.0230355717945
0.0346898492293
0.0519087816555
0.0811389693839
0.113728948805
0.13632354794
0.131325857797
0.111125110243
0.0811809667801
0.0660619041619
0.0549535928772
0.0389315862417
0.0204527319306
0.00688757297048
0.00178488933686
0.00029398177313
2.09986980807e-05
0.0
0.0
0.0
0.0
0.0
0.0
0.0
0.0
0.0
0.0
0.0
0.0
0.0
0.0
0.0
0.0
0.0
0.0
0.0
0.0
0.0
2.09986980807e-05
2.09986980807e-05
0.000125992188484
6.29960942422e-05
0.000146990886565
0.000188988282726
6.29960942422e-05
6.29960942422e-05
