60
2.09986980807e-05
0.0
0.0
0.0
0.0
0.0
0.0
0.0
0.0
0.0
0.0
0.0
0.0
0.0
0.0
4.19973961614e-05
8.39947923229e-05
0.00029398177313
0.0010919323002
0.00314980471211
0.00982739070178
0.0242324975851
0.0546596111041
0.0949771114191
0.13632354794
0.168346562513
0.167296627609
0.134307672924
0.0864306413002
0.0432363193482
0.0199907605728
0.00699256646088
0.00241485027928
0.000839947923229
0.00029398177313
0.000125992188484
2.09986980807e-05
0.0
4.19973961614e-05
2.09986980807e-05
4.19973961614e-05
0.0
0.000125992188484
0.000356977867372
0.000209986980807
0.000797950527067
0.0018478854311
0.0035907773718
0.00539666540674
0.00636260551846
0.00650959640502
0.00636260551846
0.00499769014321
0.00344378648524
0.00222586199656
0.00113392969636
0.000860946621309
0.000356977867372
0.000209986980807
0.000104993490404
