60
0.0255344168662
0.0272773088069
0.0284322372013
0.0324219898366
0.0397715341649
0.0618201671496
0.0924362689513
0.119377598589
0.12756709084
0.102788627105
0.0693167023645
0.0398765276553
0.0261433791105
0.0186048464995
0.0157280248625
0.0162739910126
0.0182478686321
0.0199697618748
0.0215026668347
0.0187938347822
0.0144891016757
0.010142371173
0.00592163285876
0.00277182814665
0.00146990886565
0.000503968753937
0.000146990886565
2.09986980807e-05
0.0
0.0
0.0
0.0
0.0
0.0
0.0
0.0
0.0
0.0
0.0
0.0
0.0
0.0
0.0
0.0
0.0
0.0
0.0
0.0
0.0
0.0
0.0
2.09986980807e-05
4.19973961614e-05
6.29960942422e-05
0.000419973961614
0.00157490235605
0.00254084246777
0.00684557557431
0.0121372474907
0.0190038217631
