60
0.000524967452018
0.000125992188484
2.09986980807e-05
2.09986980807e-05
0.0
0.0
0.0
0.0
0.0
0.0
0.0
0.0
0.0
0.0
0.0
0.0
0.0
0.0
0.0
0.0
0.0
0.0
0.0
0.0
0.0
0.0
0.0
0.0
0.0
0.0
0.0
0.0
0.0
0.0
0.0
0.0
0.0
0.0
0.0
0.0
0.0
0.0
0.0
2.09986980807e-05
0.000209986980807
0.000356977867372
0.00104993490404
0.00564864978371
0.0246104741506
0.0784091386334
0.166183696611
0.227877871572
0.220192348074
0.148439796733
0.0724455083785
0.0318760236865
0.0129141993196
0.00573264457604
0.0023938515812
0.000944941413632
