60
0.0
4.19973961614e-05
2.09986980807e-05
2.09986980807e-05
0.0
0.0
4.19973961614e-05
8.39947923229e-05
4.19973961614e-05
2.09986980807e-05
0.0
0.0
6.29960942422e-05
0.000230985678888
0.000650959640502
0.00203687371383
0.00451472008735
0.0104573516442
0.0238545210197
0.0488429717358
0.0873335853177
0.132837764059
0.160010079375
0.167737600269
0.140733274537
0.103124606274
0.0658519171811
0.0329889546848
0.0131451849985
0.00426273571039
0.000776951828987
0.000146990886565
8.39947923229e-05
0.0
0.0
0.0
0.0
0.0
0.0
0.0
0.0
0.0
0.0
0.0
0.0
0.0
0.0
0.0
0.0
0.0
0.0
0.0
0.0
0.0
0.0
2.09986980807e-05
0.0
0.0
0.0
2.09986980807e-05
