#ILE161-3  Hist_01702
     -180 0.011150000
     -174 0.011070000
     -168 0.008240000
     -162 0.004650000
     -156 0.001828000
     -150 0.000632000
     -144 0.000206000
     -138 0.000054000
     -132 0.000022000
     -126 0.000028000
     -120 0.000026000
     -114 0.000044000
     -108 0.000094000
     -102 0.000306000
      -96 0.001100000
      -90 0.004200000
      -84 0.017454000
      -78 0.061102000
      -72 0.156222000
      -66 0.256418000
      -60 0.250106000
      -54 0.139524000
      -48 0.045458000
      -42 0.009098000
      -36 0.001372000
      -30 0.000098000
      -24 0.000012000
      -18 0.000002000
      -12 0.000000000
       -6 0.000000000
        0 0.000000000
        6 0.000000000
       12 0.000000000
       18 0.000004000
       24 0.000014000
       30 0.000034000
       36 0.000118000
       42 0.000316000
       48 0.000542000
       54 0.001014000
       60 0.001012000
       66 0.000876000
       72 0.000490000
       78 0.000284000
       84 0.000124000
       90 0.000066000
       96 0.000024000
      102 0.000002000
      108 0.000000000
      114 0.000000000
      120 0.000002000
      126 0.000000000
      132 0.000002000
      138 0.000002000
      144 0.000014000
      150 0.000060000
      156 0.000364000
      162 0.001630000
      168 0.004538000
      174 0.007952000
