#ILE192-3  Hist_02014
     -180 0.000484000
     -174 0.000990000
     -168 0.001228000
     -162 0.000736000
     -156 0.000286000
     -150 0.000102000
     -144 0.000014000
     -138 0.000018000
     -132 0.000020000
     -126 0.000024000
     -120 0.000040000
     -114 0.000052000
     -108 0.000110000
     -102 0.000228000
      -96 0.000414000
      -90 0.000786000
      -84 0.001840000
      -78 0.004650000
      -72 0.009972000
      -66 0.014296000
      -60 0.013828000
      -54 0.010096000
      -48 0.004944000
      -42 0.001906000
      -36 0.000722000
      -30 0.000220000
      -24 0.000110000
      -18 0.000050000
      -12 0.000022000
       -6 0.000006000
        0 0.000008000
        6 0.000006000
       12 0.000004000
       18 0.000008000
       24 0.000014000
       30 0.000042000
       36 0.000256000
       42 0.001574000
       48 0.010094000
       54 0.049474000
       60 0.151272000
       66 0.261754000
       72 0.252664000
       78 0.141248000
       84 0.049716000
       90 0.011348000
       96 0.001850000
      102 0.000254000
      108 0.000014000
      114 0.000004000
      120 0.000000000
      126 0.000000000
      132 0.000000000
      138 0.000000000
      144 0.000000000
      150 0.000000000
      156 0.000000000
      162 0.000008000
      168 0.000026000
      174 0.000168000
