#ILE66-3  Hist_00706
    -180 0.001060000
    -174 0.000658000
    -168 0.000300000
    -162 0.000088000
    -156 0.000048000
    -150 0.000014000
    -144 0.000002000
    -138 0.000000000
    -132 0.000000000
    -126 0.000002000
    -120 0.000000000
    -114 0.000000000
    -108 0.000002000
    -102 0.000006000
     -96 0.000112000
     -90 0.001210000
     -84 0.008870000
     -78 0.041198000
     -72 0.117286000
     -66 0.211378000
     -60 0.242820000
     -54 0.188002000
     -48 0.108098000
     -42 0.049578000
     -36 0.017766000
     -30 0.005028000
     -24 0.001286000
     -18 0.000360000
     -12 0.000096000
      -6 0.000066000
       0 0.000024000
       6 0.000016000
      12 0.000012000
      18 0.000008000
      24 0.000026000
      30 0.000048000
      36 0.000080000
      42 0.000150000
      48 0.000194000
      54 0.000160000
      60 0.000124000
      66 0.000140000
      72 0.000138000
      78 0.000084000
      84 0.000044000
      90 0.000024000
      96 0.000004000
     102 0.000002000
     108 0.000000000
     114 0.000000000
     120 0.000002000
     126 0.000002000
     132 0.000000000
     138 0.000002000
     144 0.000018000
     150 0.000052000
     156 0.000248000
     162 0.000638000
     168 0.001074000
     174 0.001352000
