#GLU133-3  Hist_01390
     -180 0.043690000
     -174 0.033442000
     -168 0.019490000
     -162 0.008736000
     -156 0.003428000
     -150 0.001214000
     -144 0.000442000
     -138 0.000208000
     -132 0.000144000
     -126 0.000130000
     -120 0.000214000
     -114 0.000284000
     -108 0.000352000
     -102 0.000848000
      -96 0.002896000
      -90 0.010358000
      -84 0.028934000
      -78 0.061020000
      -72 0.090816000
      -66 0.097246000
      -60 0.075978000
      -54 0.042760000
      -48 0.018398000
      -42 0.006002000
      -36 0.001850000
      -30 0.000488000
      -24 0.000140000
      -18 0.000040000
      -12 0.000008000
       -6 0.000006000
        0 0.000012000
        6 0.000014000
       12 0.000006000
       18 0.000024000
       24 0.000082000
       30 0.000250000
       36 0.001000000
       42 0.002784000
       48 0.008242000
       54 0.023302000
       60 0.055066000
       66 0.088734000
       72 0.087996000
       78 0.054092000
       84 0.021974000
       90 0.006638000
       96 0.001978000
      102 0.000594000
      108 0.000226000
      114 0.000120000
      120 0.000082000
      126 0.000068000
      132 0.000138000
      138 0.000338000
      144 0.000856000
      150 0.002104000
      156 0.006116000
      162 0.015210000
      168 0.029750000
      174 0.042642000
