#ALA71-3  Hist_00758
    -180 0.069132000
    -174 0.057012000
    -168 0.036184000
    -162 0.018074000
    -156 0.007680000
    -150 0.002746000
    -144 0.001038000
    -138 0.000450000
    -132 0.000170000
    -126 0.000150000
    -120 0.000104000
    -114 0.000148000
    -108 0.000274000
    -102 0.000664000
     -96 0.001592000
     -90 0.004262000
     -84 0.011128000
     -78 0.024752000
     -72 0.044260000
     -66 0.062450000
     -60 0.065018000
     -54 0.051846000
     -48 0.031972000
     -42 0.016236000
     -36 0.006824000
     -30 0.002734000
     -24 0.000998000
     -18 0.000428000
     -12 0.000198000
      -6 0.000140000
       0 0.000114000
       6 0.000166000
      12 0.000222000
      18 0.000690000
      24 0.001632000
      30 0.004390000
      36 0.011518000
      42 0.024804000
      48 0.044550000
      54 0.062658000
      60 0.066726000
      66 0.053874000
      72 0.034290000
      78 0.017380000
      84 0.007308000
      90 0.002794000
      96 0.001060000
     102 0.000366000
     108 0.000230000
     114 0.000156000
     120 0.000142000
     126 0.000188000
     132 0.000220000
     138 0.000554000
     144 0.001396000
     150 0.003792000
     156 0.010112000
     162 0.023128000
     168 0.043460000
     174 0.063416000
