#ARG107-3  Hist_01124
     -180 0.150904302
     -174 0.228948458
     -168 0.205322411
     -162 0.105562211
     -156 0.033456067
     -150 0.007236014
     -144 0.001288003
     -138 0.000282001
     -132 0.000066000
     -126 0.000024000
     -120 0.000010000
     -114 0.000008000
     -108 0.000040000
     -102 0.000130000
      -96 0.000580001
      -90 0.002148004
      -84 0.006046012
      -78 0.011516023
      -72 0.013024026
      -66 0.009968020
      -60 0.004700009
      -54 0.001652003
      -48 0.000372001
      -42 0.000098000
      -36 0.000016000
      -30 0.000004000
      -24 0.000000000
      -18 0.000002000
      -12 0.000000000
       -6 0.000000000
        0 0.000000000
        6 0.000000000
       12 0.000000000
       18 0.000008000
       24 0.000024000
       30 0.000068000
       36 0.000262001
       42 0.001152002
       48 0.004738009
       54 0.014626029
       60 0.027548055
       66 0.033134066
       72 0.024910050
       78 0.013010026
       84 0.005300011
       90 0.001592003
       96 0.000426001
      102 0.000080000
      108 0.000034000
      114 0.000004000
      120 0.000000000
      126 0.000002000
      132 0.000000000
      138 0.000008000
      144 0.000052000
      150 0.000256001
      156 0.001076002
      162 0.004988010
      168 0.019242038
      174 0.064056128
