#ILE93-3  Hist_00976
    -180 0.000040000
    -174 0.000032000
    -168 0.000036000
    -162 0.000056000
    -156 0.000042000
    -150 0.000038000
    -144 0.000030000
    -138 0.000024000
    -132 0.000018000
    -126 0.000016000
    -120 0.000022000
    -114 0.000052000
    -108 0.000170000
    -102 0.000480000
     -96 0.001510000
     -90 0.004184000
     -84 0.011318000
     -78 0.026192000
     -72 0.045002000
     -66 0.058902000
     -60 0.058730000
     -54 0.049274000
     -48 0.032870000
     -42 0.017708000
     -36 0.007698000
     -30 0.002792000
     -24 0.000782000
     -18 0.000264000
     -12 0.000050000
      -6 0.000002000
       0 0.000004000
       6 0.000002000
      12 0.000002000
      18 0.000006000
      24 0.000010000
      30 0.000018000
      36 0.000178000
      42 0.001106000
      48 0.007704000
      54 0.036452000
      60 0.107758000
      66 0.184748000
      72 0.180824000
      78 0.107934000
      84 0.041302000
      90 0.011152000
      96 0.002090000
     102 0.000254000
     108 0.000042000
     114 0.000000000
     120 0.000000000
     126 0.000000000
     132 0.000000000
     138 0.000000000
     144 0.000002000
     150 0.000000000
     156 0.000004000
     162 0.000006000
     168 0.000028000
     174 0.000040000
