#ILE50-4  Hist_00534
    -180 0.058080000
    -174 0.032374000
    -168 0.014700000
    -162 0.006198000
    -156 0.002054000
    -150 0.000674000
    -144 0.000210000
    -138 0.000072000
    -132 0.000038000
    -126 0.000028000
    -120 0.000016000
    -114 0.000058000
    -108 0.000112000
    -102 0.000256000
     -96 0.000876000
     -90 0.002556000
     -84 0.007324000
     -78 0.016906000
     -72 0.029196000
     -66 0.037768000
     -60 0.036116000
     -54 0.025034000
     -48 0.012038000
     -42 0.003976000
     -36 0.000958000
     -30 0.000200000
     -24 0.000058000
     -18 0.000014000
     -12 0.000006000
      -6 0.000004000
       0 0.000000000
       6 0.000004000
      12 0.000006000
      18 0.000018000
      24 0.000062000
      30 0.000294000
      36 0.001352000
      42 0.004788000
      48 0.012792000
      54 0.024548000
      60 0.030984000
      66 0.028602000
      72 0.020840000
      78 0.013670000
      84 0.008690000
      90 0.005428000
      96 0.003330000
     102 0.002224000
     108 0.001634000
     114 0.001534000
     120 0.002004000
     126 0.003324000
     132 0.006870000
     138 0.016074000
     144 0.035740000
     150 0.067492000
     156 0.101540000
     162 0.119004000
     168 0.112030000
     174 0.087222000
