#ASP124-4  Hist_01310
     -180 0.089018000
     -174 0.138344000
     -168 0.159086000
     -162 0.140906000
     -156 0.098096000
     -150 0.055438000
     -144 0.025400000
     -138 0.010082000
     -132 0.003386000
     -126 0.001140000
     -120 0.000368000
     -114 0.000280000
     -108 0.000282000
     -102 0.000470000
      -96 0.000852000
      -90 0.001452000
      -84 0.002120000
      -78 0.002684000
      -72 0.003528000
      -66 0.003910000
      -60 0.004758000
      -54 0.004948000
      -48 0.005000000
      -42 0.004550000
      -36 0.004380000
      -30 0.004210000
      -24 0.004732000
      -18 0.005236000
      -12 0.006132000
       -6 0.007070000
        0 0.007156000
        6 0.006190000
       12 0.004752000
       18 0.003108000
       24 0.001708000
       30 0.000930000
       36 0.000384000
       42 0.000180000
       48 0.000108000
       54 0.000098000
       60 0.000164000
       66 0.000316000
       72 0.000600000
       78 0.001090000
       84 0.001512000
       90 0.002116000
       96 0.003046000
      102 0.004768000
      108 0.007416000
      114 0.011640000
      120 0.015660000
      126 0.017772000
      132 0.016274000
      138 0.013022000
      144 0.008844000
      150 0.006860000
      156 0.006234000
      162 0.008974000
      168 0.018294000
      174 0.042926000
