#ILE114-4  Hist_01208
     -180 0.079758000
     -174 0.038310000
     -168 0.014722000
     -162 0.004268000
     -156 0.001076000
     -150 0.000190000
     -144 0.000032000
     -138 0.000006000
     -132 0.000004000
     -126 0.000000000
     -120 0.000014000
     -114 0.000018000
     -108 0.000094000
     -102 0.000308000
      -96 0.000790000
      -90 0.001418000
      -84 0.002102000
      -78 0.003352000
      -72 0.004514000
      -66 0.004128000
      -60 0.002368000
      -54 0.000990000
      -48 0.000278000
      -42 0.000054000
      -36 0.000016000
      -30 0.000006000
      -24 0.000000000
      -18 0.000000000
      -12 0.000000000
       -6 0.000000000
        0 0.000000000
        6 0.000000000
       12 0.000008000
       18 0.000014000
       24 0.000068000
       30 0.000340000
       36 0.001508000
       42 0.005600000
       48 0.016108000
       54 0.034472000
       60 0.052370000
       66 0.055900000
       72 0.044950000
       78 0.030398000
       84 0.018176000
       90 0.012150000
       96 0.008202000
      102 0.004882000
      108 0.002952000
      114 0.001948000
      120 0.001736000
      126 0.002162000
      132 0.003828000
      138 0.008916000
      144 0.021068000
      150 0.044586000
      156 0.082610000
      162 0.122866000
      168 0.141320000
      174 0.122046000
