#ASP159-4  Hist_01680
     -180 0.023216000
     -174 0.024914000
     -168 0.025596000
     -162 0.025080000
     -156 0.021886000
     -150 0.017752000
     -144 0.013272000
     -138 0.008532000
     -132 0.005248000
     -126 0.003436000
     -120 0.002368000
     -114 0.002036000
     -108 0.002454000
     -102 0.003628000
      -96 0.005570000
      -90 0.009222000
      -84 0.015130000
      -78 0.020948000
      -72 0.026894000
      -66 0.030376000
      -60 0.030620000
      -54 0.028560000
      -48 0.025102000
      -42 0.021736000
      -36 0.019344000
      -30 0.018056000
      -24 0.016796000
      -18 0.016308000
      -12 0.016436000
       -6 0.017492000
        0 0.019790000
        6 0.021878000
       12 0.023036000
       18 0.023374000
       24 0.021270000
       30 0.017290000
       36 0.012680000
       42 0.008568000
       48 0.005208000
       54 0.003414000
       60 0.002334000
       66 0.001912000
       72 0.002102000
       78 0.002832000
       84 0.004300000
       90 0.007348000
       96 0.012240000
      102 0.018364000
      108 0.024870000
      114 0.029682000
      120 0.032052000
      126 0.031070000
      132 0.028168000
      138 0.024862000
      144 0.021976000
      150 0.020136000
      156 0.019768000
      162 0.019960000
      168 0.020094000
      174 0.021414000
