#ILE161-4  Hist_01704
     -180 0.002676000
     -174 0.001486000
     -168 0.000852000
     -162 0.000420000
     -156 0.000216000
     -150 0.000108000
     -144 0.000034000
     -138 0.000018000
     -132 0.000012000
     -126 0.000010000
     -120 0.000010000
     -114 0.000028000
     -108 0.000086000
     -102 0.000408000
      -96 0.001754000
      -90 0.008058000
      -84 0.030064000
      -78 0.081310000
      -72 0.158382000
      -66 0.222496000
      -60 0.217548000
      -54 0.141042000
      -48 0.057384000
      -42 0.014380000
      -36 0.002362000
      -30 0.000308000
      -24 0.000030000
      -18 0.000002000
      -12 0.000000000
       -6 0.000000000
        0 0.000000000
        6 0.000000000
       12 0.000000000
       18 0.000002000
       24 0.000002000
       30 0.000020000
       36 0.000066000
       42 0.000166000
       48 0.000362000
       54 0.000652000
       60 0.001096000
       66 0.001636000
       72 0.001854000
       78 0.001580000
       84 0.000838000
       90 0.000418000
       96 0.000160000
      102 0.000122000
      108 0.000106000
      114 0.000074000
      120 0.000144000
      126 0.000276000
      132 0.000704000
      138 0.001758000
      144 0.004358000
      150 0.007824000
      156 0.010388000
      162 0.010746000
      168 0.008030000
      174 0.005134000
