#ILE102-4  Hist_01072
     -180 0.100682000
     -174 0.061066000
     -168 0.028336000
     -162 0.010176000
     -156 0.002782000
     -150 0.000664000
     -144 0.000198000
     -138 0.000028000
     -132 0.000012000
     -126 0.000008000
     -120 0.000002000
     -114 0.000014000
     -108 0.000032000
     -102 0.000086000
      -96 0.000406000
      -90 0.001842000
      -84 0.006364000
      -78 0.016702000
      -72 0.030242000
      -66 0.034288000
      -60 0.025556000
      -54 0.012758000
      -48 0.004324000
      -42 0.001070000
      -36 0.000216000
      -30 0.000042000
      -24 0.000010000
      -18 0.000002000
      -12 0.000000000
       -6 0.000000000
        0 0.000000000
        6 0.000000000
       12 0.000000000
       18 0.000002000
       24 0.000024000
       30 0.000096000
       36 0.000282000
       42 0.000798000
       48 0.001950000
       54 0.003638000
       60 0.005146000
       66 0.005786000
       72 0.006228000
       78 0.007506000
       84 0.010260000
       90 0.012718000
       96 0.012190000
      102 0.008956000
      108 0.006180000
      114 0.004472000
      120 0.004606000
      126 0.006000000
      132 0.009840000
      138 0.018266000
      144 0.032836000
      150 0.056224000
      156 0.083584000
      162 0.111010000
      168 0.128308000
      174 0.125186000
