#ASP128-4  Hist_01344
     -180 0.025422000
     -174 0.017652000
     -168 0.011042000
     -162 0.005846000
     -156 0.002902000
     -150 0.001318000
     -144 0.000588000
     -138 0.000328000
     -132 0.000368000
     -126 0.000514000
     -120 0.001058000
     -114 0.001794000
     -108 0.003484000
     -102 0.005178000
      -96 0.007372000
      -90 0.008944000
      -84 0.010280000
      -78 0.012644000
      -72 0.014864000
      -66 0.017784000
      -60 0.021494000
      -54 0.025090000
      -48 0.029412000
      -42 0.034828000
      -36 0.039186000
      -30 0.042708000
      -24 0.044000000
      -18 0.041868000
      -12 0.036644000
       -6 0.029478000
        0 0.021526000
        6 0.014322000
       12 0.007968000
       18 0.004230000
       24 0.002114000
       30 0.000944000
       36 0.000446000
       42 0.000342000
       48 0.000400000
       54 0.000682000
       60 0.001348000
       66 0.002606000
       72 0.004468000
       78 0.006602000
       84 0.008524000
       90 0.010294000
       96 0.012090000
      102 0.013504000
      108 0.015010000
      114 0.017552000
      120 0.020100000
      126 0.022844000
      132 0.027642000
      138 0.032922000
      144 0.038980000
      150 0.045590000
      156 0.048640000
      162 0.047684000
      168 0.042318000
      174 0.034218000
