#THR74-4  Hist_00784
    -180 0.004542000
    -174 0.003188000
    -168 0.002224000
    -162 0.001468000
    -156 0.001010000
    -150 0.000696000
    -144 0.000596000
    -138 0.000660000
    -132 0.000924000
    -126 0.001456000
    -120 0.002558000
    -114 0.005172000
    -108 0.010020000
    -102 0.018398000
     -96 0.030526000
     -90 0.044358000
     -84 0.055546000
     -78 0.059622000
     -72 0.055028000
     -66 0.044412000
     -60 0.031144000
     -54 0.019868000
     -48 0.011828000
     -42 0.007444000
     -36 0.005144000
     -30 0.003854000
     -24 0.003038000
     -18 0.002544000
     -12 0.002464000
      -6 0.002438000
       0 0.003018000
       6 0.003864000
      12 0.005558000
      18 0.008876000
      24 0.014940000
      30 0.024070000
      36 0.036796000
      42 0.050156000
      48 0.059512000
      54 0.060336000
      60 0.055008000
      66 0.046604000
      72 0.038388000
      78 0.030886000
      84 0.023406000
      90 0.017004000
      96 0.011596000
     102 0.008070000
     108 0.006250000
     114 0.004958000
     120 0.004560000
     126 0.004692000
     132 0.005030000
     138 0.005376000
     144 0.005774000
     150 0.006428000
     156 0.007020000
     162 0.007102000
     168 0.006628000
     174 0.005924000
