#GLN7-2   Hist_00070
    -180 0.139354000
    -174 0.050274000
    -168 0.012028000
    -162 0.001884000
    -156 0.000180000
    -150 0.000006000
    -144 0.000000000
    -138 0.000000000
    -132 0.000000000
    -126 0.000000000
    -120 0.000000000
    -114 0.000000000
    -108 0.000000000
    -102 0.000000000
     -96 0.000000000
     -90 0.000000000
     -84 0.000000000
     -78 0.000000000
     -72 0.000000000
     -66 0.000000000
     -60 0.000000000
     -54 0.000000000
     -48 0.000000000
     -42 0.000000000
     -36 0.000000000
     -30 0.000000000
     -24 0.000000000
     -18 0.000000000
     -12 0.000000000
      -6 0.000000000
       0 0.000000000
       6 0.000000000
      12 0.000000000
      18 0.000000000
      24 0.000000000
      30 0.000000000
      36 0.000000000
      42 0.000000000
      48 0.000000000
      54 0.000000000
      60 0.000000000
      66 0.000000000
      72 0.000000000
      78 0.000000000
      84 0.000000000
      90 0.000000000
      96 0.000000000
     102 0.000000000
     108 0.000000000
     114 0.000000000
     120 0.000000000
     126 0.000000000
     132 0.000046000
     138 0.000522000
     144 0.004412000
     150 0.022230000
     156 0.078194000
     162 0.180944000
     168 0.266034000
     174 0.243892000
