#ILE171-2  Hist_01802
     -180 0.246744000
     -174 0.183116000
     -168 0.089344000
     -162 0.029332000
     -156 0.006448000
     -150 0.000988000
     -144 0.000120000
     -138 0.000014000
     -132 0.000002000
     -126 0.000000000
     -120 0.000000000
     -114 0.000000000
     -108 0.000000000
     -102 0.000000000
      -96 0.000000000
      -90 0.000000000
      -84 0.000000000
      -78 0.000000000
      -72 0.000000000
      -66 0.000000000
      -60 0.000000000
      -54 0.000000000
      -48 0.000000000
      -42 0.000000000
      -36 0.000000000
      -30 0.000000000
      -24 0.000000000
      -18 0.000000000
      -12 0.000000000
       -6 0.000000000
        0 0.000000000
        6 0.000000000
       12 0.000000000
       18 0.000000000
       24 0.000000000
       30 0.000000000
       36 0.000000000
       42 0.000000000
       48 0.000000000
       54 0.000000000
       60 0.000000000
       66 0.000000000
       72 0.000000000
       78 0.000000000
       84 0.000000000
       90 0.000000000
       96 0.000000000
      102 0.000000000
      108 0.000000000
      114 0.000000000
      120 0.000000000
      126 0.000000000
      132 0.000008000
      138 0.000100000
      144 0.000686000
      150 0.003976000
      156 0.018264000
      162 0.059332000
      168 0.137192000
      174 0.224334000
