#PHE53-2  Hist_00552
    -180 0.187338000
    -174 0.109600000
    -168 0.047230000
    -162 0.014156000
    -156 0.003230000
    -150 0.000578000
    -144 0.000060000
    -138 0.000014000
    -132 0.000000000
    -126 0.000000000
    -120 0.000000000
    -114 0.000000000
    -108 0.000000000
    -102 0.000000000
     -96 0.000000000
     -90 0.000000000
     -84 0.000000000
     -78 0.000000000
     -72 0.000000000
     -66 0.000000000
     -60 0.000000000
     -54 0.000000000
     -48 0.000000000
     -42 0.000000000
     -36 0.000000000
     -30 0.000000000
     -24 0.000000000
     -18 0.000000000
     -12 0.000000000
      -6 0.000000000
       0 0.000000000
       6 0.000000000
      12 0.000000000
      18 0.000000000
      24 0.000000000
      30 0.000000000
      36 0.000000000
      42 0.000000000
      48 0.000000000
      54 0.000000000
      60 0.000000000
      66 0.000000000
      72 0.000000000
      78 0.000000000
      84 0.000000000
      90 0.000000000
      96 0.000000000
     102 0.000000000
     108 0.000000000
     114 0.000000000
     120 0.000000000
     126 0.000000000
     132 0.000056000
     138 0.000548000
     144 0.003448000
     150 0.016218000
     156 0.055668000
     162 0.127666000
     168 0.203974000
     174 0.230216000
