#LEU5-2   Hist_00050
    -180 0.198978000
    -174 0.060060000
    -168 0.009154000
    -162 0.000764000
    -156 0.000038000
    -150 0.000000000
    -144 0.000000000
    -138 0.000000000
    -132 0.000000000
    -126 0.000000000
    -120 0.000000000
    -114 0.000000000
    -108 0.000000000
    -102 0.000000000
     -96 0.000000000
     -90 0.000000000
     -84 0.000000000
     -78 0.000000000
     -72 0.000000000
     -66 0.000000000
     -60 0.000000000
     -54 0.000000000
     -48 0.000000000
     -42 0.000000000
     -36 0.000000000
     -30 0.000000000
     -24 0.000000000
     -18 0.000000000
     -12 0.000000000
      -6 0.000000000
       0 0.000000000
       6 0.000000000
      12 0.000000000
      18 0.000000000
      24 0.000000000
      30 0.000000000
      36 0.000000000
      42 0.000000000
      48 0.000000000
      54 0.000000000
      60 0.000000000
      66 0.000000000
      72 0.000000000
      78 0.000000000
      84 0.000000000
      90 0.000000000
      96 0.000000000
     102 0.000000000
     108 0.000000000
     114 0.000000000
     120 0.000000000
     126 0.000000000
     132 0.000000000
     138 0.000030000
     144 0.000272000
     150 0.003106000
     156 0.025236000
     162 0.110964000
     168 0.265130000
     174 0.326268000
