#ASP124-2  Hist_01306
     -180 0.204038000
     -174 0.073000000
     -168 0.013006000
     -162 0.000998000
     -156 0.000052000
     -150 0.000000000
     -144 0.000000000
     -138 0.000000000
     -132 0.000000000
     -126 0.000000000
     -120 0.000000000
     -114 0.000000000
     -108 0.000000000
     -102 0.000000000
      -96 0.000000000
      -90 0.000000000
      -84 0.000000000
      -78 0.000000000
      -72 0.000000000
      -66 0.000000000
      -60 0.000000000
      -54 0.000000000
      -48 0.000000000
      -42 0.000000000
      -36 0.000000000
      -30 0.000000000
      -24 0.000000000
      -18 0.000000000
      -12 0.000000000
       -6 0.000000000
        0 0.000000000
        6 0.000000000
       12 0.000000000
       18 0.000000000
       24 0.000000000
       30 0.000000000
       36 0.000000000
       42 0.000000000
       48 0.000000000
       54 0.000000000
       60 0.000000000
       66 0.000000000
       72 0.000000000
       78 0.000000000
       84 0.000000000
       90 0.000000000
       96 0.000000000
      102 0.000000000
      108 0.000000000
      114 0.000000000
      120 0.000000000
      126 0.000000000
      132 0.000000000
      138 0.000004000
      144 0.000246000
      150 0.004028000
      156 0.030836000
      162 0.120364000
      168 0.251366000
      174 0.302062000
