#CYS67-0  Hist_00710
    -180 0.000000000
    -174 0.000000000
    -168 0.000000000
    -162 0.000000000
    -156 0.000000000
    -150 0.000000000
    -144 0.000000000
    -138 0.000000000
    -132 0.000000000
    -126 0.000000000
    -120 0.000000000
    -114 0.000000000
    -108 0.000000000
    -102 0.000000000
     -96 0.000000000
     -90 0.000000000
     -84 0.000000000
     -78 0.000000000
     -72 0.000000000
     -66 0.000000000
     -60 0.000000000
     -54 0.000000000
     -48 0.000000000
     -42 0.000000000
     -36 0.000000000
     -30 0.000000000
     -24 0.000000000
     -18 0.000000000
     -12 0.000004000
      -6 0.000002000
       0 0.000002000
       6 0.000034000
      12 0.000206000
      18 0.001198000
      24 0.006850000
      30 0.030238000
      36 0.104004000
      42 0.232912000
      48 0.309946000
      54 0.220842000
      60 0.078692000
      66 0.013872000
      72 0.001150000
      78 0.000046000
      84 0.000002000
      90 0.000000000
      96 0.000000000
     102 0.000000000
     108 0.000000000
     114 0.000000000
     120 0.000000000
     126 0.000000000
     132 0.000000000
     138 0.000000000
     144 0.000000000
     150 0.000000000
     156 0.000000000
     162 0.000000000
     168 0.000000000
     174 0.000000000
