#GLU34-1  Hist_00348
    -180 0.011446000
    -174 0.002818000
    -168 0.000560000
    -162 0.000088000
    -156 0.000012000
    -150 0.000002000
    -144 0.000000000
    -138 0.000000000
    -132 0.000000000
    -126 0.000000000
    -120 0.000000000
    -114 0.000000000
    -108 0.000000000
    -102 0.000000000
     -96 0.000000000
     -90 0.000000000
     -84 0.000000000
     -78 0.000000000
     -72 0.000000000
     -66 0.000000000
     -60 0.000000000
     -54 0.000000000
     -48 0.000000000
     -42 0.000000000
     -36 0.000000000
     -30 0.000000000
     -24 0.000000000
     -18 0.000000000
     -12 0.000000000
      -6 0.000000000
       0 0.000000000
       6 0.000000000
      12 0.000000000
      18 0.000000000
      24 0.000000000
      30 0.000000000
      36 0.000000000
      42 0.000012000
      48 0.000022000
      54 0.000066000
      60 0.000218000
      66 0.000700000
      72 0.002074000
      78 0.006060000
      84 0.016166000
      90 0.037356000
      96 0.065316000
     102 0.081078000
     108 0.073886000
     114 0.049960000
     120 0.027318000
     126 0.015520000
     132 0.015692000
     138 0.029674000
     144 0.064486000
     150 0.112110000
     156 0.142376000
     162 0.127704000
     168 0.081132000
     174 0.036148000
