#ILE3-1   Hist_00028
    -180 0.000002000
    -174 0.000000000
    -168 0.000000000
    -162 0.000000000
    -156 0.000000000
    -150 0.000000000
    -144 0.000000000
    -138 0.000000000
    -132 0.000000000
    -126 0.000000000
    -120 0.000000000
    -114 0.000000000
    -108 0.000000000
    -102 0.000000000
     -96 0.000000000
     -90 0.000000000
     -84 0.000000000
     -78 0.000000000
     -72 0.000000000
     -66 0.000000000
     -60 0.000000000
     -54 0.000000000
     -48 0.000000000
     -42 0.000000000
     -36 0.000000000
     -30 0.000000000
     -24 0.000000000
     -18 0.000000000
     -12 0.000000000
      -6 0.000000000
       0 0.000000000
       6 0.000000000
      12 0.000000000
      18 0.000000000
      24 0.000000000
      30 0.000000000
      36 0.000000000
      42 0.000000000
      48 0.000000000
      54 0.000000000
      60 0.000004000
      66 0.000022000
      72 0.000144000
      78 0.000540000
      84 0.002124000
      90 0.007670000
      96 0.023690000
     102 0.061066000
     108 0.122340000
     114 0.190010000
     120 0.221326000
     126 0.186648000
     132 0.113992000
     138 0.049726000
     144 0.015948000
     150 0.003928000
     156 0.000670000
     162 0.000138000
     168 0.000010000
     174 0.000002000
