#ILE112-1  Hist_01176
     -180 0.010148000
     -174 0.001730000
     -168 0.000206000
     -162 0.000018000
     -156 0.000000000
     -150 0.000000000
     -144 0.000000000
     -138 0.000000000
     -132 0.000000000
     -126 0.000000000
     -120 0.000000000
     -114 0.000000000
     -108 0.000000000
     -102 0.000000000
      -96 0.000000000
      -90 0.000000000
      -84 0.000000000
      -78 0.000000000
      -72 0.000000000
      -66 0.000000000
      -60 0.000000000
      -54 0.000000000
      -48 0.000000000
      -42 0.000000000
      -36 0.000000000
      -30 0.000000000
      -24 0.000000000
      -18 0.000000000
      -12 0.000000000
       -6 0.000000000
        0 0.000000000
        6 0.000000000
       12 0.000000000
       18 0.000000000
       24 0.000000000
       30 0.000000000
       36 0.000000000
       42 0.000000000
       48 0.000000000
       54 0.000000000
       60 0.000000000
       66 0.000000000
       72 0.000004000
       78 0.000002000
       84 0.000016000
       90 0.000070000
       96 0.000372000
      102 0.001608000
      108 0.006546000
      114 0.019390000
      120 0.042906000
      126 0.070248000
      132 0.087746000
      138 0.091452000
      144 0.101274000
      150 0.128270000
      156 0.156734000
      162 0.147324000
      168 0.094874000
      174 0.039062000
