#ILE50-1  Hist_00528
    -180 0.000000000
    -174 0.000000000
    -168 0.000000000
    -162 0.000000000
    -156 0.000000000
    -150 0.000000000
    -144 0.000000000
    -138 0.000000000
    -132 0.000000000
    -126 0.000000000
    -120 0.000004000
    -114 0.000002000
    -108 0.000000000
    -102 0.000006000
     -96 0.000044000
     -90 0.000070000
     -84 0.000196000
     -78 0.000696000
     -72 0.001964000
     -66 0.005182000
     -60 0.010926000
     -54 0.020644000
     -48 0.034790000
     -42 0.054502000
     -36 0.071814000
     -30 0.074076000
     -24 0.058052000
     -18 0.037286000
     -12 0.020804000
      -6 0.011596000
       0 0.007120000
       6 0.004356000
      12 0.003006000
      18 0.002254000
      24 0.001644000
      30 0.001302000
      36 0.001142000
      42 0.000952000
      48 0.000790000
      54 0.000732000
      60 0.000836000
      66 0.000924000
      72 0.001126000
      78 0.001526000
      84 0.002804000
      90 0.005960000
      96 0.016190000
     102 0.038194000
     108 0.075294000
     114 0.113290000
     120 0.126438000
     126 0.100410000
     132 0.058932000
     138 0.023600000
     144 0.006874000
     150 0.001346000
     156 0.000258000
     162 0.000034000
     168 0.000012000
     174 0.000000000
