#ILE84-1  Hist_00874
    -180 0.000002000
    -174 0.000000000
    -168 0.000000000
    -162 0.000000000
    -156 0.000000000
    -150 0.000000000
    -144 0.000000000
    -138 0.000000000
    -132 0.000000000
    -126 0.000000000
    -120 0.000000000
    -114 0.000000000
    -108 0.000000000
    -102 0.000000000
     -96 0.000000000
     -90 0.000000000
     -84 0.000000000
     -78 0.000000000
     -72 0.000000000
     -66 0.000000000
     -60 0.000000000
     -54 0.000000000
     -48 0.000000000
     -42 0.000000000
     -36 0.000000000
     -30 0.000000000
     -24 0.000000000
     -18 0.000000000
     -12 0.000000000
      -6 0.000000000
       0 0.000000000
       6 0.000000000
      12 0.000000000
      18 0.000000000
      24 0.000000000
      30 0.000000000
      36 0.000000000
      42 0.000000000
      48 0.000000000
      54 0.000000000
      60 0.000002000
      66 0.000042000
      72 0.000310000
      78 0.001600000
      84 0.005838000
      90 0.016494000
      96 0.035010000
     102 0.058006000
     108 0.087854000
     114 0.132144000
     120 0.187040000
     126 0.204988000
     132 0.157248000
     138 0.079176000
     144 0.026888000
     150 0.006192000
     156 0.000996000
     162 0.000132000
     168 0.000032000
     174 0.000006000
