#PRO200-1  Hist_02094
     -180 0.012154000
     -174 0.003538000
     -168 0.000838000
     -162 0.000172000
     -156 0.000026000
     -150 0.000012000
     -144 0.000000000
     -138 0.000000000
     -132 0.000002000
     -126 0.000000000
     -120 0.000000000
     -114 0.000000000
     -108 0.000000000
     -102 0.000000000
      -96 0.000000000
      -90 0.000000000
      -84 0.000000000
      -78 0.000004000
      -72 0.000008000
      -66 0.000024000
      -60 0.000080000
      -54 0.000142000
      -48 0.000276000
      -42 0.000348000
      -36 0.000488000
      -30 0.000566000
      -24 0.000454000
      -18 0.000308000
      -12 0.000192000
       -6 0.000090000
        0 0.000034000
        6 0.000018000
       12 0.000008000
       18 0.000000000
       24 0.000004000
       30 0.000002000
       36 0.000006000
       42 0.000002000
       48 0.000006000
       54 0.000012000
       60 0.000014000
       66 0.000026000
       72 0.000062000
       78 0.000156000
       84 0.000362000
       90 0.001024000
       96 0.002236000
      102 0.004468000
      108 0.007758000
      114 0.013994000
      120 0.026782000
      126 0.050570000
      132 0.085978000
      138 0.123422000
      144 0.151306000
      150 0.159896000
      156 0.144212000
      162 0.109132000
      168 0.066886000
      174 0.031902000
