6.000000000000000000e+01
0.000000000000000000e+00
0.000000000000000000e+00
0.000000000000000000e+00
0.000000000000000000e+00
5.249674520180000058e-05
4.724707068159999970e-04
2.341354835998999979e-03
9.386418042083500418e-03
3.181302759230000138e-02
5.953130905859999739e-02
6.968417958107998855e-02
4.924194699924999696e-02
2.307756919070000010e-02
8.189492251500000985e-03
2.824324891855000026e-03
1.018436856913499961e-03
4.409726596955000286e-04
2.414850279285000035e-04
1.259921884843499904e-04
1.259921884841000005e-04
1.574902356050000124e-04
2.834824240895000022e-04
7.139557347459999943e-04
2.131367855193500114e-03
5.344168661545000039e-03
1.196925790600500070e-02
2.411700474569999919e-02
4.355129981940000089e-02
6.834026290370000256e-02
8.482424089710000059e-02
8.482424089710000059e-02
6.834026290370000256e-02
4.355129981940000089e-02
2.411700474569999919e-02
1.196925790600500070e-02
5.344168661545000039e-03
2.131367855193500114e-03
7.139557347459999943e-04
2.834824240895000022e-04
1.574902356050000124e-04
1.259921884841000005e-04
1.259921884843499904e-04
2.414850279285000035e-04
4.409726596955000286e-04
1.018436856913499961e-03
2.824324891855000026e-03
8.189492251500000985e-03
2.307756919070000010e-02
4.924194699924999696e-02
6.968417958107998855e-02
5.953130905859999739e-02
3.181302759230000138e-02
9.386418042083500418e-03
2.341354835998999979e-03
4.724707068159999970e-04
5.249674520180000058e-05
0.000000000000000000e+00
0.000000000000000000e+00
0.000000000000000000e+00
0.000000000000000000e+00
