6.000000000000000000e+01
0.000000000000000000e+00
0.000000000000000000e+00
0.000000000000000000e+00
0.000000000000000000e+00
0.000000000000000000e+00
0.000000000000000000e+00
0.000000000000000000e+00
0.000000000000000000e+00
0.000000000000000000e+00
0.000000000000000000e+00
0.000000000000000000e+00
0.000000000000000000e+00
0.000000000000000000e+00
0.000000000000000000e+00
0.000000000000000000e+00
0.000000000000000000e+00
1.049934904035000038e-05
3.149804712109999981e-05
1.049934904035000038e-05
3.149804712109999981e-05
7.349544328249999457e-05
4.199739616144999681e-05
1.574902356054999923e-04
8.084498761100000156e-04
3.874259795895000202e-03
1.940279702659999939e-02
8.201041535399999916e-02
1.707089160470000033e-01
1.592016294989684888e-01
6.363655453345000435e-02
6.363655453345000435e-02
1.592016294989684888e-01
1.707089160470000033e-01
8.201041535399999916e-02
1.940279702659999939e-02
3.874259795895000202e-03
8.084498761100000156e-04
1.574902356054999923e-04
4.199739616144999681e-05
7.349544328249999457e-05
3.149804712109999981e-05
1.049934904035000038e-05
3.149804712109999981e-05
1.049934904035000038e-05
0.000000000000000000e+00
0.000000000000000000e+00
0.000000000000000000e+00
0.000000000000000000e+00
0.000000000000000000e+00
0.000000000000000000e+00
0.000000000000000000e+00
0.000000000000000000e+00
0.000000000000000000e+00
0.000000000000000000e+00
0.000000000000000000e+00
0.000000000000000000e+00
0.000000000000000000e+00
0.000000000000000000e+00
0.000000000000000000e+00
0.000000000000000000e+00
