6.000000000000000000e+01
0.000000000000000000e+00
0.000000000000000000e+00
0.000000000000000000e+00
0.000000000000000000e+00
0.000000000000000000e+00
1.049934904035000038e-05
1.679895846459999954e-04
1.049934904035700013e-03
5.323169963447499722e-03
1.945529377180999983e-02
4.875897694345000116e-02
8.189492251499999598e-02
8.819453193904999710e-02
6.005627651084999991e-02
2.853723069169999960e-02
8.861450590084999843e-03
2.089370459029999891e-03
4.094746125739999920e-04
1.364915375249999929e-04
8.399479232310000181e-05
4.199739616144999681e-05
1.469908865648500169e-04
3.569778673719999833e-04
1.270421233885349983e-03
3.212800806351450052e-03
7.717021544653500376e-03
1.609550207888999981e-02
2.934568056781499887e-02
4.468522951574999819e-02
5.209776993824999369e-02
5.209776993824999369e-02
4.468522951574999819e-02
2.934568056781499887e-02
1.609550207888999981e-02
7.717021544653500376e-03
3.212800806351450052e-03
1.270421233885349983e-03
3.569778673719999833e-04
1.469908865648500169e-04
4.199739616144999681e-05
8.399479232310000181e-05
1.364915375249999929e-04
4.094746125739999920e-04
2.089370459029999891e-03
8.861450590084999843e-03
2.853723069169999960e-02
6.005627651084999991e-02
8.819453193904999710e-02
8.189492251499999598e-02
4.875897694345000116e-02
1.945529377180999983e-02
5.323169963447499722e-03
1.049934904035700013e-03
1.679895846459999954e-04
1.049934904035000038e-05
0.000000000000000000e+00
0.000000000000000000e+00
0.000000000000000000e+00
0.000000000000000000e+00
0.000000000000000000e+00
