6.000000000000000000e+01
0.000000000000000000e+00
0.000000000000000000e+00
0.000000000000000000e+00
0.000000000000000000e+00
0.000000000000000000e+00
0.000000000000000000e+00
0.000000000000000000e+00
1.049934904035000038e-05
1.049934904035000038e-05
1.994876317669499891e-04
3.989752635334499801e-04
6.404602914644999187e-04
1.228423837723500132e-03
8.504472722670000130e-04
4.409726596949999945e-04
2.414850279279999966e-04
5.249674520180000058e-05
1.049934904035000038e-05
1.049934904035000038e-05
2.099869808070000077e-05
1.049934904035000038e-05
5.249674520180000058e-05
1.154928394440000002e-04
3.779765654531000072e-04
2.047373062869499872e-03
8.567468816939999982e-03
2.982865062367499875e-02
8.025702406465000383e-02
1.569022720591499998e-01
2.177250010499999777e-01
2.177250010499999777e-01
1.569022720591499998e-01
8.025702406465000383e-02
2.982865062367499875e-02
8.567468816939999982e-03
2.047373062869499872e-03
3.779765654531000072e-04
1.154928394440000002e-04
5.249674520180000058e-05
1.049934904035000038e-05
2.099869808070000077e-05
1.049934904035000038e-05
1.049934904035000038e-05
5.249674520180000058e-05
2.414850279279999966e-04
4.409726596949999945e-04
8.504472722670000130e-04
1.228423837723500132e-03
6.404602914644999187e-04
3.989752635334499801e-04
1.994876317669499891e-04
1.049934904035000038e-05
1.049934904035000038e-05
0.000000000000000000e+00
0.000000000000000000e+00
0.000000000000000000e+00
0.000000000000000000e+00
0.000000000000000000e+00
0.000000000000000000e+00
0.000000000000000000e+00
