6.000000000000000000e+01
0.000000000000000000e+00
0.000000000000000000e+00
0.000000000000000000e+00
0.000000000000000000e+00
0.000000000000000000e+00
0.000000000000000000e+00
7.349544328249999457e-05
7.874511780250000080e-04
6.919071017600000179e-03
3.593927176515000071e-02
9.516609970200000379e-02
1.460354458024999968e-01
1.225274033009999958e-01
6.195665868700000328e-02
2.217462517325000104e-02
6.100121792449999733e-03
1.658897148374999892e-03
4.934694048970000033e-04
1.259921884844999898e-04
4.199739616144999681e-05
0.000000000000000000e+00
0.000000000000000000e+00
0.000000000000000000e+00
0.000000000000000000e+00
0.000000000000000000e+00
0.000000000000000000e+00
0.000000000000000000e+00
0.000000000000000000e+00
0.000000000000000000e+00
0.000000000000000000e+00
0.000000000000000000e+00
0.000000000000000000e+00
0.000000000000000000e+00
0.000000000000000000e+00
0.000000000000000000e+00
0.000000000000000000e+00
0.000000000000000000e+00
0.000000000000000000e+00
0.000000000000000000e+00
0.000000000000000000e+00
4.199739616144999681e-05
1.259921884844999898e-04
4.934694048970000033e-04
1.658897148374999892e-03
6.100121792449999733e-03
2.217462517325000104e-02
6.195665868700000328e-02
1.225274033009999958e-01
1.460354458024999968e-01
9.516609970200000379e-02
3.593927176515000071e-02
6.919071017600000179e-03
7.874511780250000080e-04
7.349544328249999457e-05
0.000000000000000000e+00
0.000000000000000000e+00
0.000000000000000000e+00
0.000000000000000000e+00
0.000000000000000000e+00
0.000000000000000000e+00
