6.000000000000000000e+01
0.000000000000000000e+00
3.149804712109999981e-05
5.249674520200000200e-05
3.674772164125000135e-04
1.238923186760699851e-03
5.018688841289499318e-03
1.739742135989399974e-02
4.752005375664350439e-02
1.009617403719350048e-01
1.353261097813319991e-01
1.160178068957670033e-01
5.732644576032300265e-02
1.586451639999034852e-02
2.624837260089999975e-03
2.414850279285000035e-04
1.049934904035000038e-05
0.000000000000000000e+00
0.000000000000000000e+00
0.000000000000000000e+00
0.000000000000000000e+00
0.000000000000000000e+00
0.000000000000000000e+00
0.000000000000000000e+00
0.000000000000000000e+00
0.000000000000000000e+00
0.000000000000000000e+00
0.000000000000000000e+00
0.000000000000000000e+00
0.000000000000000000e+00
0.000000000000000000e+00
0.000000000000000000e+00
0.000000000000000000e+00
0.000000000000000000e+00
0.000000000000000000e+00
0.000000000000000000e+00
0.000000000000000000e+00
0.000000000000000000e+00
0.000000000000000000e+00
0.000000000000000000e+00
0.000000000000000000e+00
0.000000000000000000e+00
0.000000000000000000e+00
0.000000000000000000e+00
0.000000000000000000e+00
1.049934904035000038e-05
2.414850279285000035e-04
2.624837260089999975e-03
1.586451639999034852e-02
5.732644576032300265e-02
1.160178068957670033e-01
1.353261097813319991e-01
1.009617403719350048e-01
4.752005375664350439e-02
1.739742135989399974e-02
5.018688841289499318e-03
1.238923186760699851e-03
3.674772164125000135e-04
5.249674520200000200e-05
3.149804712109999981e-05
0.000000000000000000e+00
