6.000000000000000000e+01
0.000000000000000000e+00
1.049934904035000038e-05
0.000000000000000000e+00
0.000000000000000000e+00
5.249674520200000200e-05
4.199739616145000223e-04
2.435848977365000136e-03
9.774893956580699844e-03
3.117256730082650085e-02
6.635588593513000455e-02
9.704548318017498787e-02
8.826802738226499634e-02
5.535256814087999994e-02
2.513544160264499783e-02
9.648901768080000302e-03
3.590777371799999933e-03
1.112930998278500051e-03
4.199739616145000223e-04
1.994876317668499985e-04
1.889882827267000030e-04
1.679895846458499961e-04
2.624837260088499764e-04
5.774641972203499408e-04
1.280920582921450104e-03
2.488345722563000198e-03
5.134181680738500106e-03
1.061484187979499887e-02
1.876233673512500005e-02
3.144555037590000129e-02
3.808113896935000353e-02
3.808113896935000353e-02
3.144555037590000129e-02
1.876233673512500005e-02
1.061484187979499887e-02
5.134181680738500106e-03
2.488345722563000198e-03
1.280920582921450104e-03
5.774641972203499408e-04
2.624837260088499764e-04
1.679895846458499961e-04
1.889882827267000030e-04
1.994876317668499985e-04
4.199739616145000223e-04
1.112930998278500051e-03
3.590777371799999933e-03
9.648901768080000302e-03
2.513544160264499783e-02
5.535256814087999994e-02
8.826802738226499634e-02
9.704548318017498787e-02
6.635588593513000455e-02
3.117256730082650085e-02
9.774893956580699844e-03
2.435848977365000136e-03
4.199739616145000223e-04
5.249674520200000200e-05
0.000000000000000000e+00
0.000000000000000000e+00
1.049934904035000038e-05
0.000000000000000000e+00
