6.000000000000000000e+01
0.000000000000000000e+00
0.000000000000000000e+00
0.000000000000000000e+00
0.000000000000000000e+00
0.000000000000000000e+00
0.000000000000000000e+00
0.000000000000000000e+00
5.249674520180000058e-05
4.304733106549999983e-04
9.344420645915000722e-04
1.795388685899999967e-03
2.173365251351999997e-03
2.687833354333499757e-03
1.039435554995000056e-03
5.249674520179999516e-04
9.449414136335000148e-05
9.449414136319998856e-05
3.149804712104999776e-05
0.000000000000000000e+00
5.249674520180000058e-05
1.049934904035000038e-05
4.199739616144999681e-05
3.464785183318499877e-04
1.312418630045699948e-03
5.890134811651999945e-03
2.139767334424599876e-02
5.690647179878000061e-02
1.075553315693649897e-01
1.431061274201000100e-01
1.535214816684999928e-01
1.535214816684999928e-01
1.431061274201000100e-01
1.075553315693649897e-01
5.690647179878000061e-02
2.139767334424599876e-02
5.890134811651999945e-03
1.312418630045699948e-03
3.464785183318499877e-04
4.199739616144999681e-05
1.049934904035000038e-05
5.249674520180000058e-05
0.000000000000000000e+00
3.149804712104999776e-05
9.449414136319998856e-05
9.449414136335000148e-05
5.249674520179999516e-04
1.039435554995000056e-03
2.687833354333499757e-03
2.173365251351999997e-03
1.795388685899999967e-03
9.344420645915000722e-04
4.304733106549999983e-04
5.249674520180000058e-05
0.000000000000000000e+00
0.000000000000000000e+00
0.000000000000000000e+00
0.000000000000000000e+00
0.000000000000000000e+00
0.000000000000000000e+00
0.000000000000000000e+00
