6.000000000000000000e+01
0.000000000000000000e+00
0.000000000000000000e+00
0.000000000000000000e+00
0.000000000000000000e+00
1.049934904035000038e-05
4.199739616144999681e-05
1.364915375244500043e-04
9.869388097945000406e-04
3.139305363070000066e-03
9.344420645940000256e-03
2.037923648735500207e-02
3.268447356264499865e-02
3.251648397799000029e-02
2.120868506151999885e-02
9.092436268973999938e-03
3.107807315944499920e-03
1.060434253077000184e-03
4.304733106546000361e-04
2.729830750493499525e-04
1.364915375245000131e-04
2.519843769684999998e-04
3.359791692915000110e-04
7.034563857050000384e-04
1.837386082065350056e-03
4.693209021037999737e-03
1.205325269835449964e-02
3.057410440550999836e-02
6.508546470124999817e-02
1.092772248118999978e-01
1.406387803954999849e-01
1.406387803954999849e-01
1.092772248118999978e-01
6.508546470124999817e-02
3.057410440550999836e-02
1.205325269835449964e-02
4.693209021037999737e-03
1.837386082065350056e-03
7.034563857050000384e-04
3.359791692915000110e-04
2.519843769684999998e-04
1.364915375245000131e-04
2.729830750493499525e-04
4.304733106546000361e-04
1.060434253077000184e-03
3.107807315944499920e-03
9.092436268973999938e-03
2.120868506151999885e-02
3.251648397799000029e-02
3.268447356264499865e-02
2.037923648735500207e-02
9.344420645940000256e-03
3.139305363070000066e-03
9.869388097945000406e-04
1.364915375244500043e-04
4.199739616144999681e-05
1.049934904035000038e-05
0.000000000000000000e+00
0.000000000000000000e+00
0.000000000000000000e+00
0.000000000000000000e+00
