6.000000000000000000e+01
0.000000000000000000e+00
1.049934904035000038e-05
0.000000000000000000e+00
0.000000000000000000e+00
1.889882827267000030e-04
1.480408214690700011e-03
7.444038469591999878e-03
3.410188568309199808e-02
8.960144471038800074e-02
1.396623409348159983e-01
1.227688883289549948e-01
5.886985006942499488e-02
2.028474234598999851e-02
8.420477930364999447e-03
4.504220738315000035e-03
2.320356137920000054e-03
9.134433665134999991e-04
3.149804712105000047e-04
1.259921884843499904e-04
9.449414136299999392e-05
2.099869808070000077e-05
3.149804712109999981e-05
1.259921884844999898e-04
1.889882827264999948e-04
4.094746125739999920e-04
9.554407626703499429e-04
1.564403007011450032e-03
1.795388685902999954e-03
2.015875015749500100e-03
1.784889336864999877e-03
1.784889336864999877e-03
2.015875015749500100e-03
1.795388685902999954e-03
1.564403007011450032e-03
9.554407626703499429e-04
4.094746125739999920e-04
1.889882827264999948e-04
1.259921884844999898e-04
3.149804712109999981e-05
2.099869808070000077e-05
9.449414136299999392e-05
1.259921884843499904e-04
3.149804712105000047e-04
9.134433665134999991e-04
2.320356137920000054e-03
4.504220738315000035e-03
8.420477930364999447e-03
2.028474234598999851e-02
5.886985006942499488e-02
1.227688883289549948e-01
1.396623409348159983e-01
8.960144471038800074e-02
3.410188568309199808e-02
7.444038469591999878e-03
1.480408214690700011e-03
1.889882827267000030e-04
0.000000000000000000e+00
0.000000000000000000e+00
1.049934904035000038e-05
0.000000000000000000e+00
