6.000000000000000000e+01
0.000000000000000000e+00
0.000000000000000000e+00
0.000000000000000000e+00
0.000000000000000000e+00
0.000000000000000000e+00
0.000000000000000000e+00
0.000000000000000000e+00
0.000000000000000000e+00
4.199739616144999681e-05
8.399479232299999771e-05
2.309856788880000004e-04
6.404602914600000460e-04
6.299609424200000498e-04
4.094746125739999920e-04
2.939817731299999783e-04
8.399479232299999771e-05
5.249674520200000200e-05
1.049934904035000038e-05
2.099869808070000077e-05
4.199739616144999681e-05
6.299609424200000498e-05
6.299609424200000498e-05
1.574902356054999923e-04
2.624837260089999758e-04
8.924446684303499657e-04
4.420225945991500260e-03
1.990676578051000026e-02
6.636638528430000017e-02
1.575007349545499979e-01
2.478266347484999743e-01
2.478266347484999743e-01
1.575007349545499979e-01
6.636638528430000017e-02
1.990676578051000026e-02
4.420225945991500260e-03
8.924446684303499657e-04
2.624837260089999758e-04
1.574902356054999923e-04
6.299609424200000498e-05
6.299609424200000498e-05
4.199739616144999681e-05
2.099869808070000077e-05
1.049934904035000038e-05
5.249674520200000200e-05
8.399479232299999771e-05
2.939817731299999783e-04
4.094746125739999920e-04
6.299609424200000498e-04
6.404602914600000460e-04
2.309856788880000004e-04
8.399479232299999771e-05
4.199739616144999681e-05
0.000000000000000000e+00
0.000000000000000000e+00
0.000000000000000000e+00
0.000000000000000000e+00
0.000000000000000000e+00
0.000000000000000000e+00
0.000000000000000000e+00
0.000000000000000000e+00
