6.000000000000000000e+01
0.000000000000000000e+00
0.000000000000000000e+00
0.000000000000000000e+00
0.000000000000000000e+00
4.199739616144999681e-05
2.939817731299999783e-04
8.294485741900000080e-04
2.887320986099999910e-03
1.307168955524999968e-02
5.297971525749999716e-02
1.367960186470000006e-01
1.754441224645000019e-01
9.386418042100000414e-02
2.159716097600000023e-02
2.110369157109999883e-03
8.399479232299999771e-05
0.000000000000000000e+00
0.000000000000000000e+00
0.000000000000000000e+00
0.000000000000000000e+00
0.000000000000000000e+00
0.000000000000000000e+00
0.000000000000000000e+00
0.000000000000000000e+00
0.000000000000000000e+00
0.000000000000000000e+00
0.000000000000000000e+00
0.000000000000000000e+00
0.000000000000000000e+00
0.000000000000000000e+00
0.000000000000000000e+00
0.000000000000000000e+00
0.000000000000000000e+00
0.000000000000000000e+00
0.000000000000000000e+00
0.000000000000000000e+00
0.000000000000000000e+00
0.000000000000000000e+00
0.000000000000000000e+00
0.000000000000000000e+00
0.000000000000000000e+00
0.000000000000000000e+00
0.000000000000000000e+00
0.000000000000000000e+00
8.399479232299999771e-05
2.110369157109999883e-03
2.159716097600000023e-02
9.386418042100000414e-02
1.754441224645000019e-01
1.367960186470000006e-01
5.297971525749999716e-02
1.307168955524999968e-02
2.887320986099999910e-03
8.294485741900000080e-04
2.939817731299999783e-04
4.199739616144999681e-05
0.000000000000000000e+00
0.000000000000000000e+00
0.000000000000000000e+00
0.000000000000000000e+00
