6.000000000000000000e+01
4.199739616144999681e-05
8.399479232284999834e-05
1.259921884841999911e-04
4.514720087355000248e-04
1.333417328124500163e-03
5.081684935534999670e-03
1.435261013819499887e-02
3.605476460459999810e-02
7.191004157739999680e-02
1.058859350717999970e-01
1.092667254629499929e-01
7.963756247109998743e-02
4.026500356980000639e-02
1.653647473855000133e-02
5.428163453865000009e-03
1.795388685899999750e-03
3.989752635339999958e-04
1.574902356054500106e-04
4.199739616144999681e-05
7.349544328249999457e-05
4.199739616144999681e-05
8.399479232299999771e-05
9.449414136299999392e-05
1.889882827264999948e-04
4.724707068159999970e-04
8.399479232303499847e-04
1.711393893581100029e-03
2.204863298472999836e-03
2.687833354331000020e-03
2.750829448574999836e-03
2.750829448574999836e-03
2.687833354331000020e-03
2.204863298472999836e-03
1.711393893581100029e-03
8.399479232303499847e-04
4.724707068159999970e-04
1.889882827264999948e-04
9.449414136299999392e-05
8.399479232299999771e-05
4.199739616144999681e-05
7.349544328249999457e-05
4.199739616144999681e-05
1.574902356054500106e-04
3.989752635339999958e-04
1.795388685899999750e-03
5.428163453865000009e-03
1.653647473855000133e-02
4.026500356980000639e-02
7.963756247109998743e-02
1.092667254629499929e-01
1.058859350717999970e-01
7.191004157739999680e-02
3.605476460459999810e-02
1.435261013819499887e-02
5.081684935534999670e-03
1.333417328124500163e-03
4.514720087355000248e-04
1.259921884841999911e-04
8.399479232284999834e-05
4.199739616144999681e-05
