6.000000000000000000e+01
0.000000000000000000e+00
0.000000000000000000e+00
0.000000000000000000e+00
0.000000000000000000e+00
2.099869808070000077e-05
1.049934904033499977e-04
6.089622443404999830e-04
1.763890638781500080e-03
5.113182982654999875e-03
1.155978329343999855e-02
1.662046953085000167e-02
1.733442526560000085e-02
1.277770778209999861e-02
6.236613329974999807e-03
3.128806014025000380e-03
9.869388097915000532e-04
3.779765654525000097e-04
1.784889336859500099e-04
6.299609424215000435e-05
5.249674520180000058e-05
8.399479232299999771e-05
1.259921884841999911e-04
2.939817731299999783e-04
1.354416026204999972e-03
4.546218134477499756e-03
1.775439922726250105e-02
4.761454789802499477e-02
9.399017260939999951e-02
1.244067867794000082e-01
1.329007601526999982e-01
1.329007601526999982e-01
1.244067867794000082e-01
9.399017260939999951e-02
4.761454789802499477e-02
1.775439922726250105e-02
4.546218134477499756e-03
1.354416026204999972e-03
2.939817731299999783e-04
1.259921884841999911e-04
8.399479232299999771e-05
5.249674520180000058e-05
6.299609424215000435e-05
1.784889336859500099e-04
3.779765654525000097e-04
9.869388097915000532e-04
3.128806014025000380e-03
6.236613329974999807e-03
1.277770778209999861e-02
1.733442526560000085e-02
1.662046953085000167e-02
1.155978329343999855e-02
5.113182982654999875e-03
1.763890638781500080e-03
6.089622443404999830e-04
1.049934904033499977e-04
2.099869808070000077e-05
0.000000000000000000e+00
0.000000000000000000e+00
0.000000000000000000e+00
0.000000000000000000e+00
