6.000000000000000000e+01
0.000000000000000000e+00
0.000000000000000000e+00
2.099869808070000077e-05
1.994876317669999979e-04
1.459409516610000058e-03
8.105497459150000708e-03
3.419637982445000030e-02
9.825290831949999582e-02
1.588971483770000026e-01
1.308743857880000083e-01
5.547856032949999988e-02
1.097181974720000050e-02
1.375414724284999965e-03
1.364915375245000131e-04
2.099869808070000077e-05
1.049934904035000038e-05
0.000000000000000000e+00
0.000000000000000000e+00
0.000000000000000000e+00
0.000000000000000000e+00
0.000000000000000000e+00
0.000000000000000000e+00
0.000000000000000000e+00
0.000000000000000000e+00
0.000000000000000000e+00
0.000000000000000000e+00
0.000000000000000000e+00
0.000000000000000000e+00
0.000000000000000000e+00
0.000000000000000000e+00
0.000000000000000000e+00
0.000000000000000000e+00
0.000000000000000000e+00
0.000000000000000000e+00
0.000000000000000000e+00
0.000000000000000000e+00
0.000000000000000000e+00
0.000000000000000000e+00
0.000000000000000000e+00
0.000000000000000000e+00
0.000000000000000000e+00
0.000000000000000000e+00
0.000000000000000000e+00
0.000000000000000000e+00
1.049934904035000038e-05
2.099869808070000077e-05
1.364915375245000131e-04
1.375414724284999965e-03
1.097181974720000050e-02
5.547856032949999988e-02
1.308743857880000083e-01
1.588971483770000026e-01
9.825290831949999582e-02
3.419637982445000030e-02
8.105497459150000708e-03
1.459409516610000058e-03
1.994876317669999979e-04
2.099869808070000077e-05
0.000000000000000000e+00
0.000000000000000000e+00
