6.000000000000000000e+01
0.000000000000000000e+00
0.000000000000000000e+00
0.000000000000000000e+00
0.000000000000000000e+00
0.000000000000000000e+00
1.049934904035000038e-05
1.049934904034999971e-04
8.084498761100000156e-04
6.950569064699999890e-03
3.578178152954999969e-02
9.628953004899999668e-02
1.413212380830000114e-01
1.157343244719999942e-01
5.137331485450000179e-02
1.542354374029034948e-02
4.430725295030000371e-03
2.099869808070000104e-03
8.294485741900000080e-04
5.039687539349999718e-04
1.994876317669999979e-04
9.449414136299999392e-05
1.154928394440000002e-04
1.364915375245000131e-04
1.679895846459999954e-04
3.674772164123499599e-04
9.449414136310999978e-04
2.362353534083000244e-03
5.176179076899999759e-03
8.966444080455000798e-03
9.806392003690000275e-03
9.806392003690000275e-03
8.966444080455000798e-03
5.176179076899999759e-03
2.362353534083000244e-03
9.449414136310999978e-04
3.674772164123499599e-04
1.679895846459999954e-04
1.364915375245000131e-04
1.154928394440000002e-04
9.449414136299999392e-05
1.994876317669999979e-04
5.039687539349999718e-04
8.294485741900000080e-04
2.099869808070000104e-03
4.430725295030000371e-03
1.542354374029034948e-02
5.137331485450000179e-02
1.157343244719999942e-01
1.413212380830000114e-01
9.628953004899999668e-02
3.578178152954999969e-02
6.950569064699999890e-03
8.084498761100000156e-04
1.049934904034999971e-04
1.049934904035000038e-05
0.000000000000000000e+00
0.000000000000000000e+00
0.000000000000000000e+00
0.000000000000000000e+00
0.000000000000000000e+00
