6.000000000000000000e+01
0.000000000000000000e+00
3.149804712104999776e-05
2.099869808070000077e-05
1.679895846458499961e-04
4.724707068159999970e-04
2.215362647515700147e-03
7.412540422514999998e-03
2.088320524126600214e-02
4.409726596948999877e-02
6.957918609059500492e-02
8.019402797045999121e-02
6.829826550765000226e-02
5.618201671495000327e-02
4.169291503925000308e-02
2.054722607194999981e-02
6.845575574314999648e-03
1.522405610854999942e-03
4.304733106549999983e-04
2.099869808072000023e-04
1.889882827263499954e-04
1.574902356054999923e-04
4.619713577760000008e-04
6.299609424200000498e-04
2.278358741760000070e-03
6.436100961750000106e-03
1.369115114865000066e-02
1.948679181889034773e-02
1.832136407543250023e-02
1.169627483098199978e-02
5.848137415480000011e-03
5.848137415480000011e-03
1.169627483098199978e-02
1.832136407543250023e-02
1.948679181889034773e-02
1.369115114865000066e-02
6.436100961750000106e-03
2.278358741760000070e-03
6.299609424200000498e-04
4.619713577760000008e-04
1.574902356054999923e-04
1.889882827263499954e-04
2.099869808072000023e-04
4.304733106549999983e-04
1.522405610854999942e-03
6.845575574314999648e-03
2.054722607194999981e-02
4.169291503925000308e-02
5.618201671495000327e-02
6.829826550765000226e-02
8.019402797045999121e-02
6.957918609059500492e-02
4.409726596948999877e-02
2.088320524126600214e-02
7.412540422514999998e-03
2.215362647515700147e-03
4.724707068159999970e-04
1.679895846458499961e-04
2.099869808070000077e-05
3.149804712104999776e-05
0.000000000000000000e+00
