6.000000000000000000e+01
0.000000000000000000e+00
0.000000000000000000e+00
0.000000000000000000e+00
0.000000000000000000e+00
1.049934904035000038e-05
1.049934904035000038e-05
3.149804712109999981e-05
2.729830750495000060e-04
1.301919281006100023e-03
3.874259795894499734e-03
1.277770778213950000e-02
2.820125152239999836e-02
4.140943261518500312e-02
3.757717021543000024e-02
2.347654445423500227e-02
1.035235815381450007e-02
3.128806014028500185e-03
7.874511780261000396e-04
1.469908865649999891e-04
5.249674520180000058e-05
5.249674520200000200e-05
8.399479232299999771e-05
1.259921884843499904e-04
1.259921884844500081e-04
9.239427155510000420e-04
7.622527403295000295e-03
3.391289740034999362e-02
8.492923438735000552e-02
1.147683843603500009e-01
9.404266935454999587e-02
9.404266935454999587e-02
1.147683843603500009e-01
8.492923438735000552e-02
3.391289740034999362e-02
7.622527403295000295e-03
9.239427155510000420e-04
1.259921884844500081e-04
1.259921884843499904e-04
8.399479232299999771e-05
5.249674520200000200e-05
5.249674520180000058e-05
1.469908865649999891e-04
7.874511780261000396e-04
3.128806014028500185e-03
1.035235815381450007e-02
2.347654445423500227e-02
3.757717021543000024e-02
4.140943261518500312e-02
2.820125152239999836e-02
1.277770778213950000e-02
3.874259795894499734e-03
1.301919281006100023e-03
2.729830750495000060e-04
3.149804712109999981e-05
1.049934904035000038e-05
1.049934904035000038e-05
0.000000000000000000e+00
0.000000000000000000e+00
0.000000000000000000e+00
0.000000000000000000e+00
