6.000000000000000000e+01
0.000000000000000000e+00
0.000000000000000000e+00
0.000000000000000000e+00
1.259921884844999898e-04
1.133929696359999928e-03
6.037125698200000376e-03
2.773928016465000007e-02
7.922808785849999591e-02
1.382764268615403469e-01
1.364810381755000024e-01
7.883961194404034978e-02
2.581789929024999944e-02
5.270673218249999695e-03
8.714459703499999928e-04
1.049934904034999971e-04
3.149804712109999981e-05
1.049934904035000038e-05
2.099869808070000077e-05
0.000000000000000000e+00
0.000000000000000000e+00
0.000000000000000000e+00
1.049934904035000038e-05
0.000000000000000000e+00
0.000000000000000000e+00
0.000000000000000000e+00
0.000000000000000000e+00
0.000000000000000000e+00
0.000000000000000000e+00
0.000000000000000000e+00
0.000000000000000000e+00
0.000000000000000000e+00
0.000000000000000000e+00
0.000000000000000000e+00
0.000000000000000000e+00
0.000000000000000000e+00
0.000000000000000000e+00
0.000000000000000000e+00
0.000000000000000000e+00
1.049934904035000038e-05
0.000000000000000000e+00
0.000000000000000000e+00
0.000000000000000000e+00
2.099869808070000077e-05
1.049934904035000038e-05
3.149804712109999981e-05
1.049934904034999971e-04
8.714459703499999928e-04
5.270673218249999695e-03
2.581789929024999944e-02
7.883961194404034978e-02
1.364810381755000024e-01
1.382764268615403469e-01
7.922808785849999591e-02
2.773928016465000007e-02
6.037125698200000376e-03
1.133929696359999928e-03
1.259921884844999898e-04
0.000000000000000000e+00
0.000000000000000000e+00
0.000000000000000000e+00
