6.000000000000000000e+01
0.000000000000000000e+00
1.049934904035000038e-05
1.049934904035000038e-05
4.199739616144999681e-05
5.249674520180000058e-05
3.044811221705000085e-04
1.091932300198000024e-03
3.349292343874999897e-03
1.081432951158499932e-02
2.370753013310000074e-02
4.101045735159999928e-02
4.948343202725000167e-02
3.969803872159999997e-02
2.195413884340000066e-02
8.640964260195000204e-03
2.981815127465000000e-03
9.554407626745000520e-04
2.729830750495000060e-04
1.994876317666999992e-04
6.299609424234999899e-05
5.249674520200000200e-05
7.349544328249999457e-05
3.884759144933499662e-04
1.028936205955700020e-03
4.031750031497499664e-03
1.241023056570549933e-02
2.950317080343500126e-02
5.934232077610500367e-02
8.656713283750000487e-02
1.019591785309000020e-01
1.019591785309000020e-01
8.656713283750000487e-02
5.934232077610500367e-02
2.950317080343500126e-02
1.241023056570549933e-02
4.031750031497499664e-03
1.028936205955700020e-03
3.884759144933499662e-04
7.349544328249999457e-05
5.249674520200000200e-05
6.299609424234999899e-05
1.994876317666999992e-04
2.729830750495000060e-04
9.554407626745000520e-04
2.981815127465000000e-03
8.640964260195000204e-03
2.195413884340000066e-02
3.969803872159999997e-02
4.948343202725000167e-02
4.101045735159999928e-02
2.370753013310000074e-02
1.081432951158499932e-02
3.349292343874999897e-03
1.091932300198000024e-03
3.044811221705000085e-04
5.249674520180000058e-05
4.199739616144999681e-05
1.049934904035000038e-05
1.049934904035000038e-05
0.000000000000000000e+00
