6.000000000000000000e+01
0.000000000000000000e+00
0.000000000000000000e+00
0.000000000000000000e+00
0.000000000000000000e+00
0.000000000000000000e+00
4.199739616144999681e-05
1.679895846459999954e-04
5.039687539349999718e-04
9.974381588350000709e-04
1.301919281004999991e-03
7.454537818650000232e-04
3.149804712109999846e-04
8.399479232299999771e-05
5.249674520200000200e-05
3.149804712109999981e-05
0.000000000000000000e+00
1.049934904035000038e-05
0.000000000000000000e+00
0.000000000000000000e+00
0.000000000000000000e+00
0.000000000000000000e+00
0.000000000000000000e+00
2.099869808070000077e-05
1.049934904034999971e-04
5.774641972206999213e-04
2.803326193773500365e-03
1.305069085718500027e-02
5.439712737809999921e-02
1.544454243835000073e-01
2.703477384399999850e-01
2.703477384399999850e-01
1.544454243835000073e-01
5.439712737809999921e-02
1.305069085718500027e-02
2.803326193773500365e-03
5.774641972206999213e-04
1.049934904034999971e-04
2.099869808070000077e-05
0.000000000000000000e+00
0.000000000000000000e+00
0.000000000000000000e+00
0.000000000000000000e+00
0.000000000000000000e+00
1.049934904035000038e-05
0.000000000000000000e+00
3.149804712109999981e-05
5.249674520200000200e-05
8.399479232299999771e-05
3.149804712109999846e-04
7.454537818650000232e-04
1.301919281004999991e-03
9.974381588350000709e-04
5.039687539349999718e-04
1.679895846459999954e-04
4.199739616144999681e-05
0.000000000000000000e+00
0.000000000000000000e+00
0.000000000000000000e+00
0.000000000000000000e+00
0.000000000000000000e+00
