6.000000000000000000e+01
0.000000000000000000e+00
0.000000000000000000e+00
0.000000000000000000e+00
0.000000000000000000e+00
2.099869808070000077e-05
1.574902356052000206e-04
7.349544328270000548e-04
1.721893242620999845e-03
3.422787787157000224e-03
5.627651085652999458e-03
5.743143925089500695e-03
5.197177774996000407e-03
4.714207719122500036e-03
3.611776069885350247e-03
2.110369157110699844e-03
8.609466213099999966e-04
3.254798202509999808e-04
8.399479232299999771e-05
3.149804712109999981e-05
2.099869808070000077e-05
2.099869808070000077e-05
4.199739616140000153e-05
6.299609424215000435e-05
1.679895846459999954e-04
8.609466213094999626e-04
4.021250682459999622e-03
1.779639662344999901e-02
6.352106169415000503e-02
1.477888370920000249e-01
2.313321574064999830e-01
2.313321574064999830e-01
1.477888370920000249e-01
6.352106169415000503e-02
1.779639662344999901e-02
4.021250682459999622e-03
8.609466213094999626e-04
1.679895846459999954e-04
6.299609424215000435e-05
4.199739616140000153e-05
2.099869808070000077e-05
2.099869808070000077e-05
3.149804712109999981e-05
8.399479232299999771e-05
3.254798202509999808e-04
8.609466213099999966e-04
2.110369157110699844e-03
3.611776069885350247e-03
4.714207719122500036e-03
5.197177774996000407e-03
5.743143925089500695e-03
5.627651085652999458e-03
3.422787787157000224e-03
1.721893242620999845e-03
7.349544328270000548e-04
1.574902356052000206e-04
2.099869808070000077e-05
0.000000000000000000e+00
0.000000000000000000e+00
0.000000000000000000e+00
0.000000000000000000e+00
