6.000000000000000000e+01
0.000000000000000000e+00
0.000000000000000000e+00
0.000000000000000000e+00
0.000000000000000000e+00
2.099869808070000077e-05
1.574902356054999923e-04
1.007937507875000067e-03
6.289110075190350140e-03
2.085170719413069820e-02
5.059636302548449482e-02
6.732182604702449669e-02
5.456511696292849767e-02
2.676284070385349934e-02
9.071437570894000380e-03
2.183864600395699941e-03
4.619713577756000386e-04
6.299609424234999899e-05
2.099869808070000077e-05
0.000000000000000000e+00
1.049934904035000038e-05
1.049934904035000038e-05
7.349544328249999457e-05
3.884759144935000198e-04
1.448910167570350042e-03
5.722145226980700390e-03
1.915081264963069962e-02
4.416026206376300056e-02
7.090210406955999023e-02
6.996766200515000533e-02
4.879047499055000348e-02
4.879047499055000348e-02
6.996766200515000533e-02
7.090210406955999023e-02
4.416026206376300056e-02
1.915081264963069962e-02
5.722145226980700390e-03
1.448910167570350042e-03
3.884759144935000198e-04
7.349544328249999457e-05
1.049934904035000038e-05
1.049934904035000038e-05
0.000000000000000000e+00
2.099869808070000077e-05
6.299609424234999899e-05
4.619713577756000386e-04
2.183864600395699941e-03
9.071437570894000380e-03
2.676284070385349934e-02
5.456511696292849767e-02
6.732182604702449669e-02
5.059636302548449482e-02
2.085170719413069820e-02
6.289110075190350140e-03
1.007937507875000067e-03
1.574902356054999923e-04
2.099869808070000077e-05
0.000000000000000000e+00
0.000000000000000000e+00
0.000000000000000000e+00
0.000000000000000000e+00
