6.000000000000000000e+01
0.000000000000000000e+00
0.000000000000000000e+00
1.049934904035000038e-05
4.199739616144999681e-05
2.099869808070000212e-04
1.154928394440000138e-03
6.352106169414999982e-03
2.449498131115000060e-02
6.763680651799999777e-02
1.201965478142499877e-01
1.223174163202000037e-01
7.658225190015000017e-02
3.524631472850500019e-02
1.442610558145999977e-02
5.764142623174000127e-03
2.036873713831450355e-03
6.719583385850000498e-04
2.729830750493499525e-04
1.784889336863499992e-04
1.364915375245000131e-04
1.364915375245000131e-04
2.414850279285000035e-04
3.254798202509999808e-04
5.669648481803499446e-04
1.028936205955700020e-03
1.385914073327999948e-03
2.362353534079500005e-03
3.601276720844999620e-03
6.068623745329999528e-03
6.551593801184999941e-03
6.551593801184999941e-03
6.068623745329999528e-03
3.601276720844999620e-03
2.362353534079500005e-03
1.385914073327999948e-03
1.028936205955700020e-03
5.669648481803499446e-04
3.254798202509999808e-04
2.414850279285000035e-04
1.364915375245000131e-04
1.364915375245000131e-04
1.784889336863499992e-04
2.729830750493499525e-04
6.719583385850000498e-04
2.036873713831450355e-03
5.764142623174000127e-03
1.442610558145999977e-02
3.524631472850500019e-02
7.658225190015000017e-02
1.223174163202000037e-01
1.201965478142499877e-01
6.763680651799999777e-02
2.449498131115000060e-02
6.352106169414999982e-03
1.154928394440000138e-03
2.099869808070000212e-04
4.199739616144999681e-05
1.049934904035000038e-05
0.000000000000000000e+00
0.000000000000000000e+00
