6.000000000000000000e+01
0.000000000000000000e+00
1.049934904035000038e-05
6.299609424200000498e-05
1.679895846459999954e-04
1.070933602116999964e-03
4.651211624879999888e-03
1.702994414344000118e-02
4.545168199573999812e-02
8.280836588145000510e-02
1.052139767332000014e-01
9.267775397930000381e-02
5.890134811639999302e-02
2.983914997269999925e-02
1.169627483095499881e-02
3.769266305489999899e-03
8.714459703480000735e-04
1.574902356055999828e-04
5.249674520180000058e-05
2.099869808070000077e-05
0.000000000000000000e+00
1.049934904035000038e-05
1.049934904035000038e-05
1.259921884844999898e-04
3.569778673719999833e-04
1.301919281005349972e-03
3.569778673719999941e-03
7.024064508021100016e-03
1.075133341733599916e-02
1.213724749064499890e-02
1.025786401244500011e-02
1.025786401244500011e-02
1.213724749064499890e-02
1.075133341733599916e-02
7.024064508021100016e-03
3.569778673719999941e-03
1.301919281005349972e-03
3.569778673719999833e-04
1.259921884844999898e-04
1.049934904035000038e-05
1.049934904035000038e-05
0.000000000000000000e+00
2.099869808070000077e-05
5.249674520180000058e-05
1.574902356055999828e-04
8.714459703480000735e-04
3.769266305489999899e-03
1.169627483095499881e-02
2.983914997269999925e-02
5.890134811639999302e-02
9.267775397930000381e-02
1.052139767332000014e-01
8.280836588145000510e-02
4.545168199573999812e-02
1.702994414344000118e-02
4.651211624879999888e-03
1.070933602116999964e-03
1.679895846459999954e-04
6.299609424200000498e-05
1.049934904035000038e-05
0.000000000000000000e+00
