6.000000000000000000e+01
1.049934904035000038e-05
1.049934904035000038e-05
5.249674520200000200e-05
1.994876317668499985e-04
7.664524799461000472e-04
3.160304061147499888e-03
1.224224098106999926e-02
3.675822099030000289e-02
7.724371089004999913e-02
1.081747931629999937e-01
9.008441476644998835e-02
4.742555961529999753e-02
2.232161605981500263e-02
1.582251900382000004e-02
1.600100793753200107e-02
1.117130737895550077e-02
5.627651085621099628e-03
1.921380874385350025e-03
5.879635462599999566e-04
2.204863298474999973e-04
1.364915375245000131e-04
2.309856788880000004e-04
7.349544328250000270e-04
2.120868506155000003e-03
5.890134811649999809e-03
1.076183276639034944e-02
1.337617067742109984e-02
9.753895258501999593e-03
4.703708370079500052e-03
2.488345722564999900e-03
2.488345722564999900e-03
4.703708370079500052e-03
9.753895258501999593e-03
1.337617067742109984e-02
1.076183276639034944e-02
5.890134811649999809e-03
2.120868506155000003e-03
7.349544328250000270e-04
2.309856788880000004e-04
1.364915375245000131e-04
2.204863298474999973e-04
5.879635462599999566e-04
1.921380874385350025e-03
5.627651085621099628e-03
1.117130737895550077e-02
1.600100793753200107e-02
1.582251900382000004e-02
2.232161605981500263e-02
4.742555961529999753e-02
9.008441476644998835e-02
1.081747931629999937e-01
7.724371089004999913e-02
3.675822099030000289e-02
1.224224098106999926e-02
3.160304061147499888e-03
7.664524799461000472e-04
1.994876317668499985e-04
5.249674520200000200e-05
1.049934904035000038e-05
1.049934904035000038e-05
