6.000000000000000000e+01
0.000000000000000000e+00
0.000000000000000000e+00
0.000000000000000000e+00
1.049934904035000038e-05
3.149804712109999981e-05
3.779765654529999895e-04
1.301919281005999842e-03
5.491159548105000419e-03
1.584351770188999892e-02
3.632774767964999652e-02
5.331569442694999994e-02
5.582503884759999757e-02
3.871109991180000237e-02
1.804838100035000004e-02
6.446600310780000072e-03
1.816387383985000083e-03
4.409726596949999945e-04
1.154928394438500008e-04
1.259921884843499904e-04
4.199739616144999681e-05
1.364915375245000131e-04
1.469908865649999891e-04
4.199739616142000235e-04
1.112930998280349916e-03
3.958254588217999942e-03
1.136029566165700118e-02
2.773928016461000082e-02
5.290621981437500232e-02
7.781067573804999193e-02
9.013691151155001080e-02
9.013691151155001080e-02
7.781067573804999193e-02
5.290621981437500232e-02
2.773928016461000082e-02
1.136029566165700118e-02
3.958254588217999942e-03
1.112930998280349916e-03
4.199739616142000235e-04
1.469908865649999891e-04
1.364915375245000131e-04
4.199739616144999681e-05
1.259921884843499904e-04
1.154928394438500008e-04
4.409726596949999945e-04
1.816387383985000083e-03
6.446600310780000072e-03
1.804838100035000004e-02
3.871109991180000237e-02
5.582503884759999757e-02
5.331569442694999994e-02
3.632774767964999652e-02
1.584351770188999892e-02
5.491159548105000419e-03
1.301919281005999842e-03
3.779765654529999895e-04
3.149804712109999981e-05
1.049934904035000038e-05
0.000000000000000000e+00
0.000000000000000000e+00
0.000000000000000000e+00
