6.000000000000000000e+01
0.000000000000000000e+00
0.000000000000000000e+00
1.049934904035000038e-05
8.399479232299999771e-05
5.144681029799999831e-04
2.141867204234999995e-03
9.102935617999999632e-03
2.876821637060000131e-02
6.675486119850000677e-02
1.020221746250000033e-01
1.100961740370000053e-01
8.124396287450000309e-02
5.190878165550000256e-02
2.697282768469999939e-02
1.168577548189999975e-02
3.979253286295000164e-03
1.385914073324999961e-03
4.934694048970000033e-04
1.994876317669999979e-04
1.364915375245000131e-04
6.299609424200000498e-05
8.399479232299999771e-05
9.449414136299999392e-05
9.449414136299999392e-05
2.834824240895000022e-04
2.834824240895000022e-04
3.464785183318499877e-04
5.354668010606999365e-04
3.674772164125000135e-04
3.464785183319999871e-04
3.464785183319999871e-04
3.674772164125000135e-04
5.354668010606999365e-04
3.464785183318499877e-04
2.834824240895000022e-04
2.834824240895000022e-04
9.449414136299999392e-05
9.449414136299999392e-05
8.399479232299999771e-05
6.299609424200000498e-05
1.364915375245000131e-04
1.994876317669999979e-04
4.934694048970000033e-04
1.385914073324999961e-03
3.979253286295000164e-03
1.168577548189999975e-02
2.697282768469999939e-02
5.190878165550000256e-02
8.124396287450000309e-02
1.100961740370000053e-01
1.020221746250000033e-01
6.675486119850000677e-02
2.876821637060000131e-02
9.102935617999999632e-03
2.141867204234999995e-03
5.144681029799999831e-04
8.399479232299999771e-05
1.049934904035000038e-05
0.000000000000000000e+00
0.000000000000000000e+00
