6.000000000000000000e+01
0.000000000000000000e+00
0.000000000000000000e+00
0.000000000000000000e+00
0.000000000000000000e+00
2.099869808070000077e-05
3.149804712109999981e-05
1.469908865649999891e-04
1.406912771410000077e-03
9.155432363199999396e-03
3.492083490825000081e-02
7.976355465949999668e-02
1.123955314770000019e-01
1.023161563985000022e-01
6.136869514099999728e-02
2.560791230945000038e-02
9.228927806500000081e-03
2.792826844734999821e-03
1.007937507875000067e-03
3.989752635335000160e-04
1.889882827264999948e-04
1.994876317669999979e-04
1.154928394440000002e-04
1.784889336859999916e-04
2.414850279285000035e-04
7.139557347450000346e-04
1.616899752215349888e-03
3.811263701650999952e-03
8.367981185155000737e-03
1.714543698290000098e-02
2.685733484524999853e-02
2.685733484524999853e-02
1.714543698290000098e-02
8.367981185155000737e-03
3.811263701650999952e-03
1.616899752215349888e-03
7.139557347450000346e-04
2.414850279285000035e-04
1.784889336859999916e-04
1.154928394440000002e-04
1.994876317669999979e-04
1.889882827264999948e-04
3.989752635335000160e-04
1.007937507875000067e-03
2.792826844734999821e-03
9.228927806500000081e-03
2.560791230945000038e-02
6.136869514099999728e-02
1.023161563985000022e-01
1.123955314770000019e-01
7.976355465949999668e-02
3.492083490825000081e-02
9.155432363199999396e-03
1.406912771410000077e-03
1.469908865649999891e-04
3.149804712109999981e-05
2.099869808070000077e-05
0.000000000000000000e+00
0.000000000000000000e+00
0.000000000000000000e+00
0.000000000000000000e+00
