6.000000000000000000e+01
0.000000000000000000e+00
0.000000000000000000e+00
2.099869808070000077e-05
3.149804712109999981e-05
2.834824240898499827e-04
1.070933602116999964e-03
5.596153038503500279e-03
1.807987904751700084e-02
3.724119104614950077e-02
4.419176011085299699e-02
2.826424761664749971e-02
1.058334383269200069e-02
3.496283230440700145e-03
9.974381588353500513e-04
4.199739616145000223e-04
5.249674520200000200e-05
4.199739616144999681e-05
4.199739616144999681e-05
4.199739616144999681e-05
9.449414136299999392e-05
1.259921884844999898e-04
2.834824240895000022e-04
6.089622443399999490e-04
1.049934904035000052e-03
3.401789089075000095e-03
1.057284448363070110e-02
2.852673134265900148e-02
6.606190416208999883e-02
1.083847801437499980e-01
1.304334131284000109e-01
1.304334131284000109e-01
1.083847801437499980e-01
6.606190416208999883e-02
2.852673134265900148e-02
1.057284448363070110e-02
3.401789089075000095e-03
1.049934904035000052e-03
6.089622443399999490e-04
2.834824240895000022e-04
1.259921884844999898e-04
9.449414136299999392e-05
4.199739616144999681e-05
4.199739616144999681e-05
4.199739616144999681e-05
5.249674520200000200e-05
4.199739616145000223e-04
9.974381588353500513e-04
3.496283230440700145e-03
1.058334383269200069e-02
2.826424761664749971e-02
4.419176011085299699e-02
3.724119104614950077e-02
1.807987904751700084e-02
5.596153038503500279e-03
1.070933602116999964e-03
2.834824240898499827e-04
3.149804712109999981e-05
2.099869808070000077e-05
0.000000000000000000e+00
0.000000000000000000e+00
