6.000000000000000000e+01
0.000000000000000000e+00
0.000000000000000000e+00
0.000000000000000000e+00
0.000000000000000000e+00
0.000000000000000000e+00
0.000000000000000000e+00
0.000000000000000000e+00
0.000000000000000000e+00
0.000000000000000000e+00
0.000000000000000000e+00
0.000000000000000000e+00
0.000000000000000000e+00
0.000000000000000000e+00
0.000000000000000000e+00
3.149804712109999981e-05
1.049934904035000038e-05
2.099869808070000077e-05
0.000000000000000000e+00
0.000000000000000000e+00
0.000000000000000000e+00
0.000000000000000000e+00
0.000000000000000000e+00
3.149804712109999981e-05
3.149804712109999981e-05
1.679895846456000061e-04
6.614589895430000258e-04
5.239175171140000170e-03
3.709420015960000067e-02
1.499622023430000062e-01
3.067489815630000116e-01
3.067489815630000116e-01
1.499622023430000062e-01
3.709420015960000067e-02
5.239175171140000170e-03
6.614589895430000258e-04
1.679895846456000061e-04
3.149804712109999981e-05
3.149804712109999981e-05
0.000000000000000000e+00
0.000000000000000000e+00
0.000000000000000000e+00
0.000000000000000000e+00
0.000000000000000000e+00
2.099869808070000077e-05
1.049934904035000038e-05
3.149804712109999981e-05
0.000000000000000000e+00
0.000000000000000000e+00
0.000000000000000000e+00
0.000000000000000000e+00
0.000000000000000000e+00
0.000000000000000000e+00
0.000000000000000000e+00
0.000000000000000000e+00
0.000000000000000000e+00
0.000000000000000000e+00
0.000000000000000000e+00
0.000000000000000000e+00
0.000000000000000000e+00
0.000000000000000000e+00
