6.000000000000000000e+01
0.000000000000000000e+00
0.000000000000000000e+00
0.000000000000000000e+00
3.149804712109999981e-05
1.469908865648500169e-04
5.564654991390000083e-04
2.656335307212500350e-03
9.333921296899999609e-03
2.616437780860000201e-02
5.336819117213000008e-02
8.202091470317500466e-02
8.922346814473500198e-02
6.460249464558000254e-02
3.196001847884499814e-02
1.124480282221100060e-02
3.055310570744000122e-03
9.344420645903499505e-04
2.834824240895000022e-04
1.259921884841999911e-04
5.249674520200000200e-05
1.364915375245000131e-04
1.259921884844999898e-04
2.519843769684999998e-04
9.239427155499999739e-04
2.362353534081099854e-03
6.961068413761450392e-03
1.505606652387849950e-02
2.611188106335999778e-02
3.415438242830000359e-02
3.815463441265000422e-02
3.815463441265000422e-02
3.415438242830000359e-02
2.611188106335999778e-02
1.505606652387849950e-02
6.961068413761450392e-03
2.362353534081099854e-03
9.239427155499999739e-04
2.519843769684999998e-04
1.259921884844999898e-04
1.364915375245000131e-04
5.249674520200000200e-05
1.259921884841999911e-04
2.834824240895000022e-04
9.344420645903499505e-04
3.055310570744000122e-03
1.124480282221100060e-02
3.196001847884499814e-02
6.460249464558000254e-02
8.922346814473500198e-02
8.202091470317500466e-02
5.336819117213000008e-02
2.616437780860000201e-02
9.333921296899999609e-03
2.656335307212500350e-03
5.564654991390000083e-04
1.469908865648500169e-04
3.149804712109999981e-05
0.000000000000000000e+00
0.000000000000000000e+00
0.000000000000000000e+00
