6.000000000000000000e+01
0.000000000000000000e+00
3.149804712109999981e-05
2.519843769688499802e-04
1.144429045400699885e-03
4.903196001846099952e-03
1.567552811724199843e-02
3.909957582628600242e-02
6.847675444113000831e-02
8.563269077331599199e-02
8.998992062478500253e-02
7.745369787092500069e-02
5.579354080032000035e-02
3.283146444921000023e-02
1.453109907188000066e-02
5.260173869228499874e-03
1.700894544540699962e-03
4.304733106545000185e-04
1.574902356054999923e-04
6.299609424200000498e-05
2.099869808070000077e-05
2.099869808070000077e-05
1.259921884844999898e-04
1.154928394440000002e-04
3.569778673719999833e-04
5.879635462599999566e-04
7.349544328250000270e-04
1.081432951155700001e-03
1.343916677167000112e-03
1.018436856916999983e-03
1.165427743480499951e-03
1.165427743480499951e-03
1.018436856916999983e-03
1.343916677167000112e-03
1.081432951155700001e-03
7.349544328250000270e-04
5.879635462599999566e-04
3.569778673719999833e-04
1.154928394440000002e-04
1.259921884844999898e-04
2.099869808070000077e-05
2.099869808070000077e-05
6.299609424200000498e-05
1.574902356054999923e-04
4.304733106545000185e-04
1.700894544540699962e-03
5.260173869228499874e-03
1.453109907188000066e-02
3.283146444921000023e-02
5.579354080032000035e-02
7.745369787092500069e-02
8.998992062478500253e-02
8.563269077331599199e-02
6.847675444113000831e-02
3.909957582628600242e-02
1.567552811724199843e-02
4.903196001846099952e-03
1.144429045400699885e-03
2.519843769688499802e-04
3.149804712109999981e-05
0.000000000000000000e+00
