6.000000000000000000e+01
0.000000000000000000e+00
0.000000000000000000e+00
0.000000000000000000e+00
0.000000000000000000e+00
1.049934904035000038e-05
4.199739616144999681e-05
4.094746125742000273e-04
2.488345722566100149e-03
7.811515686041999897e-03
1.325017848891144913e-02
1.302969215910199964e-02
7.433539120549999962e-03
2.645835958170350381e-03
7.454537818650000232e-04
2.309856788880000004e-04
4.199739616144999681e-05
2.099869808070000077e-05
3.149804712109999981e-05
2.099869808070000077e-05
3.149804712109999981e-05
6.299609424200000498e-05
1.259921884844999898e-04
2.204863298474999973e-04
2.414850279285000035e-04
1.133929696359999928e-03
5.869136113551999892e-03
2.347654445422000039e-02
7.159506110619999475e-02
1.489017680902000040e-01
2.001280920584999901e-01
2.001280920584999901e-01
1.489017680902000040e-01
7.159506110619999475e-02
2.347654445422000039e-02
5.869136113551999892e-03
1.133929696359999928e-03
2.414850279285000035e-04
2.204863298474999973e-04
1.259921884844999898e-04
6.299609424200000498e-05
3.149804712109999981e-05
2.099869808070000077e-05
3.149804712109999981e-05
2.099869808070000077e-05
4.199739616144999681e-05
2.309856788880000004e-04
7.454537818650000232e-04
2.645835958170350381e-03
7.433539120549999962e-03
1.302969215910199964e-02
1.325017848891144913e-02
7.811515686041999897e-03
2.488345722566100149e-03
4.094746125742000273e-04
4.199739616144999681e-05
1.049934904035000038e-05
0.000000000000000000e+00
0.000000000000000000e+00
0.000000000000000000e+00
0.000000000000000000e+00
