6.000000000000000000e+01
3.149804712104999776e-05
3.149804712109999981e-05
1.049934904034999971e-04
4.409726596948499952e-04
2.446348326402000145e-03
1.055184578555549979e-02
3.982403091008549639e-02
9.822141027234999877e-02
1.405232875559400130e-01
1.077338205029399892e-01
4.914745285792000012e-02
1.313468564949149889e-02
2.908319684179499869e-03
7.874511780256999690e-04
1.679895846459999954e-04
1.049934904035000038e-05
2.099869808070000077e-05
1.049934904035000038e-05
1.049934904035000038e-05
2.099869808070000077e-05
3.149804712109999981e-05
5.249674520200000200e-05
2.519843769684999998e-04
4.934694048970000033e-04
1.007937507875000067e-03
2.435848977365350117e-03
4.882197303765700540e-03
7.979505270672999223e-03
8.871949939109998601e-03
7.864012431214999557e-03
7.864012431214999557e-03
8.871949939109998601e-03
7.979505270672999223e-03
4.882197303765700540e-03
2.435848977365350117e-03
1.007937507875000067e-03
4.934694048970000033e-04
2.519843769684999998e-04
5.249674520200000200e-05
3.149804712109999981e-05
2.099869808070000077e-05
1.049934904035000038e-05
1.049934904035000038e-05
2.099869808070000077e-05
1.049934904035000038e-05
1.679895846459999954e-04
7.874511780256999690e-04
2.908319684179499869e-03
1.313468564949149889e-02
4.914745285792000012e-02
1.077338205029399892e-01
1.405232875559400130e-01
9.822141027234999877e-02
3.982403091008549639e-02
1.055184578555549979e-02
2.446348326402000145e-03
4.409726596948499952e-04
1.049934904034999971e-04
3.149804712109999981e-05
3.149804712104999776e-05
