6.000000000000000000e+01
0.000000000000000000e+00
0.000000000000000000e+00
2.099869808070000077e-05
3.149804712109999981e-05
1.679895846459999954e-04
3.464785183319999871e-04
1.007937507875000067e-03
5.617151736599999660e-03
2.317206333204999830e-02
7.438788795100000073e-02
1.441350636260000095e-01
1.495317290329999937e-01
7.618327663700000252e-02
2.006425601615000054e-02
3.475284532360000192e-03
7.664524799450000156e-04
1.784889336859999916e-04
1.049934904035000038e-05
2.099869808070000077e-05
2.099869808070000077e-05
0.000000000000000000e+00
0.000000000000000000e+00
2.099869808070000077e-05
3.149804712109999981e-05
6.299609424200000498e-05
1.574902356054999923e-04
1.889882827264999948e-04
1.784889336859999916e-04
1.364915375245000131e-04
8.399479232310000181e-05
8.399479232310000181e-05
1.364915375245000131e-04
1.784889336859999916e-04
1.889882827264999948e-04
1.574902356054999923e-04
6.299609424200000498e-05
3.149804712109999981e-05
2.099869808070000077e-05
0.000000000000000000e+00
0.000000000000000000e+00
2.099869808070000077e-05
2.099869808070000077e-05
1.049934904035000038e-05
1.784889336859999916e-04
7.664524799450000156e-04
3.475284532360000192e-03
2.006425601615000054e-02
7.618327663700000252e-02
1.495317290329999937e-01
1.441350636260000095e-01
7.438788795100000073e-02
2.317206333204999830e-02
5.617151736599999660e-03
1.007937507875000067e-03
3.464785183319999871e-04
1.679895846459999954e-04
3.149804712109999981e-05
2.099869808070000077e-05
0.000000000000000000e+00
0.000000000000000000e+00
