6.000000000000000000e+01
0.000000000000000000e+00
0.000000000000000000e+00
2.099869808070000077e-05
1.049934904034999971e-04
5.564654991399999679e-04
3.349292343874999897e-03
1.302969215909999950e-02
3.722019234804999771e-02
8.043551299800000276e-02
1.198185712484999971e-01
1.126160178069999934e-01
6.864474402600000136e-02
3.319894166560000137e-02
1.693545000209999846e-02
8.147494855299999145e-03
3.443786485239999987e-03
1.343916677164999976e-03
5.984628952999999528e-04
7.349544328249999457e-05
7.349544328249999457e-05
2.099869808070000077e-05
0.000000000000000000e+00
4.199739616144999681e-05
2.099869808070000077e-05
4.199739616144999681e-05
4.199739616144999681e-05
5.249674520200000200e-05
3.149804712104999776e-05
6.299609424234999899e-05
7.349544328254998984e-05
7.349544328254998984e-05
6.299609424234999899e-05
3.149804712104999776e-05
5.249674520200000200e-05
4.199739616144999681e-05
4.199739616144999681e-05
2.099869808070000077e-05
4.199739616144999681e-05
0.000000000000000000e+00
2.099869808070000077e-05
7.349544328249999457e-05
7.349544328249999457e-05
5.984628952999999528e-04
1.343916677164999976e-03
3.443786485239999987e-03
8.147494855299999145e-03
1.693545000209999846e-02
3.319894166560000137e-02
6.864474402600000136e-02
1.126160178069999934e-01
1.198185712484999971e-01
8.043551299800000276e-02
3.722019234804999771e-02
1.302969215909999950e-02
3.349292343874999897e-03
5.564654991399999679e-04
1.049934904034999971e-04
2.099869808070000077e-05
0.000000000000000000e+00
0.000000000000000000e+00
