6.000000000000000000e+01
3.149804712109999981e-05
8.399479232284999834e-05
1.889882827264499859e-04
6.614589895424999918e-04
2.614337911049999762e-03
9.365419343995000714e-03
2.714081726934999828e-02
6.299609424214999698e-02
1.064424005710999932e-01
1.213304775103500044e-01
9.135483600025000317e-02
4.537818655245000332e-02
1.506656587291500121e-02
3.685271513164999589e-03
8.294485741910000761e-04
1.049934904036000012e-04
4.199739616144999681e-05
1.049934904035000038e-05
0.000000000000000000e+00
1.049934904035000038e-05
0.000000000000000000e+00
1.049934904035000038e-05
3.149804712109999981e-05
9.449414136299999392e-05
2.624837260089999758e-04
1.123430347319999932e-03
2.309856788879999841e-03
3.044811221705699938e-03
3.128806014026500049e-03
2.656335307210000180e-03
2.656335307210000180e-03
3.128806014026500049e-03
3.044811221705699938e-03
2.309856788879999841e-03
1.123430347319999932e-03
2.624837260089999758e-04
9.449414136299999392e-05
3.149804712109999981e-05
1.049934904035000038e-05
0.000000000000000000e+00
1.049934904035000038e-05
0.000000000000000000e+00
1.049934904035000038e-05
4.199739616144999681e-05
1.049934904036000012e-04
8.294485741910000761e-04
3.685271513164999589e-03
1.506656587291500121e-02
4.537818655245000332e-02
9.135483600025000317e-02
1.213304775103500044e-01
1.064424005710999932e-01
6.299609424214999698e-02
2.714081726934999828e-02
9.365419343995000714e-03
2.614337911049999762e-03
6.614589895424999918e-04
1.889882827264499859e-04
8.399479232284999834e-05
3.149804712109999981e-05
