6.000000000000000000e+01
3.149804712104999776e-05
6.299609424219999962e-05
1.049934904034500018e-04
3.989752635335000160e-04
1.165427743477499964e-03
3.853261097809999869e-03
1.107681323756500025e-02
2.905169879464999938e-02
5.680147830835000078e-02
8.719709378009998790e-02
9.283524421470000509e-02
7.110159170145000096e-02
3.990802570239999902e-02
1.762840703876500034e-02
6.194615933814999822e-03
2.320356137920000054e-03
5.564654991369999805e-04
2.519843769688499802e-04
5.249674520200000200e-05
1.049934904034999971e-04
7.349544328249999457e-05
2.204863298473499979e-04
3.149804712109999846e-04
8.504472722703499809e-04
2.509344420645350307e-03
6.110621141511450236e-03
1.244172861280900058e-02
1.761790768973499691e-02
1.954978791317000045e-02
1.961278400739999844e-02
1.961278400739999844e-02
1.954978791317000045e-02
1.761790768973499691e-02
1.244172861280900058e-02
6.110621141511450236e-03
2.509344420645350307e-03
8.504472722703499809e-04
3.149804712109999846e-04
2.204863298473499979e-04
7.349544328249999457e-05
1.049934904034999971e-04
5.249674520200000200e-05
2.519843769688499802e-04
5.564654991369999805e-04
2.320356137920000054e-03
6.194615933814999822e-03
1.762840703876500034e-02
3.990802570239999902e-02
7.110159170145000096e-02
9.283524421470000509e-02
8.719709378009998790e-02
5.680147830835000078e-02
2.905169879464999938e-02
1.107681323756500025e-02
3.853261097809999869e-03
1.165427743477499964e-03
3.989752635335000160e-04
1.049934904034500018e-04
6.299609424219999962e-05
3.149804712104999776e-05
