6.000000000000000000e+01
0.000000000000000000e+00
0.000000000000000000e+00
0.000000000000000000e+00
0.000000000000000000e+00
0.000000000000000000e+00
0.000000000000000000e+00
0.000000000000000000e+00
0.000000000000000000e+00
0.000000000000000000e+00
0.000000000000000000e+00
0.000000000000000000e+00
1.049934904035000038e-05
2.099869808070000077e-05
4.199739616144999681e-05
3.149804712109999981e-05
1.049934904035000038e-05
1.049934904035000038e-05
0.000000000000000000e+00
1.049934904035000038e-05
1.049934904035000038e-05
3.149804712109999981e-05
1.994876317669999979e-04
3.149804712109999846e-04
1.784889336859999971e-03
4.976691445131099616e-03
1.399563227078499950e-02
3.378690521185499784e-02
7.803116206769999952e-02
1.505291671915000018e-01
2.162025954390000004e-01
2.162025954390000004e-01
1.505291671915000018e-01
7.803116206769999952e-02
3.378690521185499784e-02
1.399563227078499950e-02
4.976691445131099616e-03
1.784889336859999971e-03
3.149804712109999846e-04
1.994876317669999979e-04
3.149804712109999981e-05
1.049934904035000038e-05
1.049934904035000038e-05
0.000000000000000000e+00
1.049934904035000038e-05
1.049934904035000038e-05
3.149804712109999981e-05
4.199739616144999681e-05
2.099869808070000077e-05
1.049934904035000038e-05
0.000000000000000000e+00
0.000000000000000000e+00
0.000000000000000000e+00
0.000000000000000000e+00
0.000000000000000000e+00
0.000000000000000000e+00
0.000000000000000000e+00
0.000000000000000000e+00
0.000000000000000000e+00
0.000000000000000000e+00
0.000000000000000000e+00
