6.000000000000000000e+01
0.000000000000000000e+00
0.000000000000000000e+00
0.000000000000000000e+00
4.199739616144999681e-05
2.204863298474999973e-04
7.244550837849999224e-04
2.393851581200000245e-03
8.472974675590000046e-03
2.639536348747500288e-02
5.935282012504999871e-02
8.975893494579999243e-02
9.171181386755000720e-02
6.313258577979999342e-02
3.150854647009999898e-02
1.189576246271500069e-02
4.325731804624999635e-03
1.301919281002000004e-03
3.044811221704499726e-04
2.099869808073500017e-04
1.364915375246000036e-04
1.154928394440000002e-04
3.044811221703499549e-04
6.194615933800000536e-04
1.385914073325349941e-03
3.548779975642000085e-03
8.147494855312999162e-03
1.416362185545999922e-02
2.093570198647499991e-02
2.741380034440000016e-02
3.147704842300000361e-02
3.147704842300000361e-02
2.741380034440000016e-02
2.093570198647499991e-02
1.416362185545999922e-02
8.147494855312999162e-03
3.548779975642000085e-03
1.385914073325349941e-03
6.194615933800000536e-04
3.044811221703499549e-04
1.154928394440000002e-04
1.364915375246000036e-04
2.099869808073500017e-04
3.044811221704499726e-04
1.301919281002000004e-03
4.325731804624999635e-03
1.189576246271500069e-02
3.150854647009999898e-02
6.313258577979999342e-02
9.171181386755000720e-02
8.975893494579999243e-02
5.935282012504999871e-02
2.639536348747500288e-02
8.472974675590000046e-03
2.393851581200000245e-03
7.244550837849999224e-04
2.204863298474999973e-04
4.199739616144999681e-05
0.000000000000000000e+00
0.000000000000000000e+00
0.000000000000000000e+00
