6.000000000000000000e+01
0.000000000000000000e+00
0.000000000000000000e+00
0.000000000000000000e+00
1.364915375245000131e-04
8.609466213099999966e-04
4.798202511444999742e-03
1.834236277350000111e-02
5.094284154404035009e-02
8.887698962649999423e-02
9.532358993749999454e-02
6.332157406249999676e-02
2.981815127460000006e-02
1.124480282225000065e-02
3.979253286295000164e-03
1.123430347319999932e-03
2.729830750495000060e-04
2.099869808070000077e-05
2.099869808070000077e-05
0.000000000000000000e+00
0.000000000000000000e+00
0.000000000000000000e+00
2.099869808070000077e-05
1.889882827264999948e-04
5.984628952999999528e-04
3.685271513165000023e-03
1.074083406830000052e-02
2.326655747342110114e-02
3.253748267608950334e-02
3.386040065517999936e-02
2.601738692200000064e-02
2.601738692200000064e-02
3.386040065517999936e-02
3.253748267608950334e-02
2.326655747342110114e-02
1.074083406830000052e-02
3.685271513165000023e-03
5.984628952999999528e-04
1.889882827264999948e-04
2.099869808070000077e-05
0.000000000000000000e+00
0.000000000000000000e+00
0.000000000000000000e+00
2.099869808070000077e-05
2.099869808070000077e-05
2.729830750495000060e-04
1.123430347319999932e-03
3.979253286295000164e-03
1.124480282225000065e-02
2.981815127460000006e-02
6.332157406249999676e-02
9.532358993749999454e-02
8.887698962649999423e-02
5.094284154404035009e-02
1.834236277350000111e-02
4.798202511444999742e-03
8.609466213099999966e-04
1.364915375245000131e-04
0.000000000000000000e+00
0.000000000000000000e+00
0.000000000000000000e+00
