6.000000000000000000e+01
0.000000000000000000e+00
0.000000000000000000e+00
0.000000000000000000e+00
2.099869808070000077e-05
6.299609424234999899e-05
3.989752635334499801e-04
1.732392591659499955e-03
6.803578178144999850e-03
1.957078661123499985e-02
4.135693586998500509e-02
6.011927260520000260e-02
6.058124396285000102e-02
3.936205955229999526e-02
1.944479442274500008e-02
7.633026752319999921e-03
2.698332703372500335e-03
8.294485741903499885e-04
3.779765654529999895e-04
2.204863298474999973e-04
2.099869808073500017e-04
2.099869808069999941e-04
3.989752635335000160e-04
9.134433665099999777e-04
2.215362647515000186e-03
5.774641972201999957e-03
1.419511990257450035e-02
2.878921506867000019e-02
4.851749191549499518e-02
6.484397967320000566e-02
7.271849145349999766e-02
7.271849145349999766e-02
6.484397967320000566e-02
4.851749191549499518e-02
2.878921506867000019e-02
1.419511990257450035e-02
5.774641972201999957e-03
2.215362647515000186e-03
9.134433665099999777e-04
3.989752635335000160e-04
2.099869808069999941e-04
2.099869808073500017e-04
2.204863298474999973e-04
3.779765654529999895e-04
8.294485741903499885e-04
2.698332703372500335e-03
7.633026752319999921e-03
1.944479442274500008e-02
3.936205955229999526e-02
6.058124396285000102e-02
6.011927260520000260e-02
4.135693586998500509e-02
1.957078661123499985e-02
6.803578178144999850e-03
1.732392591659499955e-03
3.989752635334499801e-04
6.299609424234999899e-05
2.099869808070000077e-05
0.000000000000000000e+00
0.000000000000000000e+00
0.000000000000000000e+00
