6.000000000000000000e+01
0.000000000000000000e+00
0.000000000000000000e+00
1.049934904035000038e-05
1.679895846459999954e-04
1.270421233885000003e-03
5.575154340421099863e-03
2.070471630761300252e-02
5.567804796080699781e-02
1.105476460461499999e-01
1.364915375245900064e-01
1.031981017177800025e-01
4.564067027844500440e-02
1.274620973499500029e-02
2.288858090798000147e-03
4.934694048964999693e-04
6.299609424215000435e-05
0.000000000000000000e+00
0.000000000000000000e+00
0.000000000000000000e+00
0.000000000000000000e+00
0.000000000000000000e+00
0.000000000000000000e+00
0.000000000000000000e+00
1.049934904035000038e-05
2.099869808070000077e-05
1.259921884843499904e-04
3.464785183319999871e-04
8.504472722675000471e-04
1.711393893580500031e-03
2.057872411910000119e-03
2.057872411910000119e-03
1.711393893580500031e-03
8.504472722675000471e-04
3.464785183319999871e-04
1.259921884843499904e-04
2.099869808070000077e-05
1.049934904035000038e-05
0.000000000000000000e+00
0.000000000000000000e+00
0.000000000000000000e+00
0.000000000000000000e+00
0.000000000000000000e+00
0.000000000000000000e+00
0.000000000000000000e+00
6.299609424215000435e-05
4.934694048964999693e-04
2.288858090798000147e-03
1.274620973499500029e-02
4.564067027844500440e-02
1.031981017177800025e-01
1.364915375245900064e-01
1.105476460461499999e-01
5.567804796080699781e-02
2.070471630761300252e-02
5.575154340421099863e-03
1.270421233885000003e-03
1.679895846459999954e-04
1.049934904035000038e-05
0.000000000000000000e+00
0.000000000000000000e+00
