6.000000000000000000e+01
0.000000000000000000e+00
0.000000000000000000e+00
0.000000000000000000e+00
0.000000000000000000e+00
1.364915375245000131e-04
1.039435554995000056e-03
6.436100961750000106e-03
2.771828146655000089e-02
7.626727142899999978e-02
1.266536474739999862e-01
1.290160010080000086e-01
7.871361975549999446e-02
3.221200285579999684e-02
9.554407626749999993e-03
2.803326193775000034e-03
7.559531309050000194e-04
3.254798202509999808e-04
1.574902356054999923e-04
5.249674520200000200e-05
3.149804712109999981e-05
2.099869808070000077e-05
0.000000000000000000e+00
5.249674520200000200e-05
7.349544328249999457e-05
2.204863298474999973e-04
4.724707068159999970e-04
9.764394607510999864e-04
1.564403007014500109e-03
2.057872411910999753e-03
2.687833354329999952e-03
2.687833354329999952e-03
2.057872411910999753e-03
1.564403007014500109e-03
9.764394607510999864e-04
4.724707068159999970e-04
2.204863298474999973e-04
7.349544328249999457e-05
5.249674520200000200e-05
0.000000000000000000e+00
2.099869808070000077e-05
3.149804712109999981e-05
5.249674520200000200e-05
1.574902356054999923e-04
3.254798202509999808e-04
7.559531309050000194e-04
2.803326193775000034e-03
9.554407626749999993e-03
3.221200285579999684e-02
7.871361975549999446e-02
1.290160010080000086e-01
1.266536474739999862e-01
7.626727142899999978e-02
2.771828146655000089e-02
6.436100961750000106e-03
1.039435554995000056e-03
1.364915375245000131e-04
0.000000000000000000e+00
0.000000000000000000e+00
0.000000000000000000e+00
0.000000000000000000e+00
