6.000000000000000000e+01
0.000000000000000000e+00
0.000000000000000000e+00
0.000000000000000000e+00
0.000000000000000000e+00
1.049934904035000038e-05
2.099869808070000077e-05
1.994876317669999979e-04
9.239427155514499859e-04
3.370291041957500060e-03
1.035235815381099940e-02
2.251060434250999956e-02
3.537230691696999912e-02
3.260047877030999852e-02
1.920330939484000271e-02
7.192054092644999987e-03
2.267859392719999857e-03
5.879635462599999566e-04
2.204863298477000055e-04
1.049934904036999917e-04
9.449414136299999392e-05
7.349544328249999457e-05
1.049934904034999971e-04
2.519843769684999998e-04
7.979505270650000042e-04
2.540842467766099913e-03
9.554407626737999176e-03
2.659485111922000114e-02
6.311158708145001017e-02
1.131094872115500083e-01
1.488282726469999928e-01
1.488282726469999928e-01
1.131094872115500083e-01
6.311158708145001017e-02
2.659485111922000114e-02
9.554407626737999176e-03
2.540842467766099913e-03
7.979505270650000042e-04
2.519843769684999998e-04
1.049934904034999971e-04
7.349544328249999457e-05
9.449414136299999392e-05
1.049934904036999917e-04
2.204863298477000055e-04
5.879635462599999566e-04
2.267859392719999857e-03
7.192054092644999987e-03
1.920330939484000271e-02
3.260047877030999852e-02
3.537230691696999912e-02
2.251060434250999956e-02
1.035235815381099940e-02
3.370291041957500060e-03
9.239427155514499859e-04
1.994876317669999979e-04
2.099869808070000077e-05
1.049934904035000038e-05
0.000000000000000000e+00
0.000000000000000000e+00
0.000000000000000000e+00
0.000000000000000000e+00
