6.000000000000000000e+01
0.000000000000000000e+00
0.000000000000000000e+00
1.049934904035000038e-05
0.000000000000000000e+00
5.249674520180000058e-05
3.989752635339999958e-04
1.228423837719999894e-03
5.060686237455000111e-03
1.250472470705499967e-02
2.428499433035000155e-02
3.366091302340000480e-02
3.307294947714999739e-02
2.373902818024999778e-02
1.378564529000000059e-02
6.016127000125000290e-03
2.236361345594999744e-03
7.349544328254999526e-04
3.569778673720000375e-04
2.099869808075000011e-04
1.574902356054999923e-04
1.259921884844999898e-04
2.204863298474999973e-04
4.724707068164999768e-04
1.385914073324999961e-03
3.989752635334999943e-03
1.184326571749999904e-02
3.120406534794999825e-02
6.191466129100000465e-02
1.012557221451999973e-01
1.300764352609999897e-01
1.300764352609999897e-01
1.012557221451999973e-01
6.191466129100000465e-02
3.120406534794999825e-02
1.184326571749999904e-02
3.989752635334999943e-03
1.385914073324999961e-03
4.724707068164999768e-04
2.204863298474999973e-04
1.259921884844999898e-04
1.574902356054999923e-04
2.099869808075000011e-04
3.569778673720000375e-04
7.349544328254999526e-04
2.236361345594999744e-03
6.016127000125000290e-03
1.378564529000000059e-02
2.373902818024999778e-02
3.307294947714999739e-02
3.366091302340000480e-02
2.428499433035000155e-02
1.250472470705499967e-02
5.060686237455000111e-03
1.228423837719999894e-03
3.989752635339999958e-04
5.249674520180000058e-05
0.000000000000000000e+00
1.049934904035000038e-05
0.000000000000000000e+00
0.000000000000000000e+00
