6.000000000000000000e+01
0.000000000000000000e+00
2.099869808070000077e-05
2.099869808070000077e-05
9.449414136309999802e-05
1.994876317669999708e-04
1.312418630044999987e-03
4.220738314225000107e-03
1.257822015035000088e-02
2.486245852755000069e-02
3.614925874594999977e-02
3.239049178950000052e-02
2.324555877535000245e-02
1.129729956740000048e-02
5.396665406744999803e-03
2.540842467770000005e-03
9.974381588350000709e-04
3.884759144935000198e-04
2.309856788880000004e-04
1.259921884841000005e-04
8.399479232310000181e-05
1.259921884840000100e-04
2.414850279285000035e-04
3.884759144929999857e-04
1.217924488682000034e-03
3.380790390995000103e-03
1.094032170004000104e-02
2.963966234095000152e-02
6.272311116709999856e-02
1.042270379237000000e-01
1.309583805804999945e-01
1.309583805804999945e-01
1.042270379237000000e-01
6.272311116709999856e-02
2.963966234095000152e-02
1.094032170004000104e-02
3.380790390995000103e-03
1.217924488682000034e-03
3.884759144929999857e-04
2.414850279285000035e-04
1.259921884840000100e-04
8.399479232310000181e-05
1.259921884841000005e-04
2.309856788880000004e-04
3.884759144935000198e-04
9.974381588350000709e-04
2.540842467770000005e-03
5.396665406744999803e-03
1.129729956740000048e-02
2.324555877535000245e-02
3.239049178950000052e-02
3.614925874594999977e-02
2.486245852755000069e-02
1.257822015035000088e-02
4.220738314225000107e-03
1.312418630044999987e-03
1.994876317669999708e-04
9.449414136309999802e-05
2.099869808070000077e-05
2.099869808070000077e-05
0.000000000000000000e+00
