6.000000000000000000e+01
0.000000000000000000e+00
0.000000000000000000e+00
0.000000000000000000e+00
0.000000000000000000e+00
0.000000000000000000e+00
2.099869808070000077e-05
6.299609424234999899e-05
1.784889336860999822e-04
8.714459703520000206e-04
1.312418630046999907e-03
1.763890638779999978e-03
1.532904959895000155e-03
1.480408214690000050e-03
1.060434253076999967e-03
5.354668010584999818e-04
2.834824240899999821e-04
1.049934904034999971e-04
7.349544328270000277e-05
3.149804712109999981e-05
1.049934904035000038e-05
4.199739616140000153e-05
4.199739616144999681e-05
9.449414136309999802e-05
5.249674520179999516e-04
2.057872411910500153e-03
8.441476628459999160e-03
2.865272353114999698e-02
7.618327663695000085e-02
1.543194321954999837e-01
2.203183402630000121e-01
2.203183402630000121e-01
1.543194321954999837e-01
7.618327663695000085e-02
2.865272353114999698e-02
8.441476628459999160e-03
2.057872411910500153e-03
5.249674520179999516e-04
9.449414136309999802e-05
4.199739616144999681e-05
4.199739616140000153e-05
1.049934904035000038e-05
3.149804712109999981e-05
7.349544328270000277e-05
1.049934904034999971e-04
2.834824240899999821e-04
5.354668010584999818e-04
1.060434253076999967e-03
1.480408214690000050e-03
1.532904959895000155e-03
1.763890638779999978e-03
1.312418630046999907e-03
8.714459703520000206e-04
1.784889336860999822e-04
6.299609424234999899e-05
2.099869808070000077e-05
0.000000000000000000e+00
0.000000000000000000e+00
0.000000000000000000e+00
0.000000000000000000e+00
0.000000000000000000e+00
