6.000000000000000000e+01
3.321994036370000403e-02
3.274746965690000094e-02
3.312544622235000236e-02
3.206501196925000408e-02
3.126706144219999761e-02
2.974465583134999758e-02
2.860022678590000075e-02
2.976565452945000023e-02
2.618537650665000299e-02
2.299357439835000155e-02
1.949729116796999895e-02
1.885683087647999773e-02
1.790139011380999928e-02
1.705094284152999795e-02
1.693545000208500004e-02
1.601150728654000127e-02
1.591701314516499877e-02
1.553903657972499977e-02
1.524505480657999991e-02
1.263071689555000064e-02
1.043635294610499933e-02
7.874511780259999677e-03
5.050186888415000332e-03
3.548779975644999855e-03
2.540842467765000098e-03
1.826886733024000011e-03
1.270421233884000151e-03
8.084498761055000345e-04
7.349544328254999526e-04
6.089622443404999830e-04
6.089622443404999830e-04
7.349544328254999526e-04
8.084498761055000345e-04
1.270421233884000151e-03
1.826886733024000011e-03
2.540842467765000098e-03
3.548779975644999855e-03
5.050186888415000332e-03
7.874511780259999677e-03
1.043635294610499933e-02
1.263071689555000064e-02
1.524505480657999991e-02
1.553903657972499977e-02
1.591701314516499877e-02
1.601150728654000127e-02
1.693545000208500004e-02
1.705094284152999795e-02
1.790139011380999928e-02
1.885683087647999773e-02
1.949729116796999895e-02
2.299357439835000155e-02
2.618537650665000299e-02
2.976565452945000023e-02
2.860022678590000075e-02
2.974465583134999758e-02
3.126706144219999761e-02
3.206501196925000408e-02
3.312544622235000236e-02
3.274746965690000094e-02
3.321994036370000403e-02
