6.000000000000000000e+01
0.000000000000000000e+00
0.000000000000000000e+00
0.000000000000000000e+00
0.000000000000000000e+00
0.000000000000000000e+00
0.000000000000000000e+00
0.000000000000000000e+00
0.000000000000000000e+00
0.000000000000000000e+00
1.049934904035000038e-05
1.049934904034999971e-04
5.144681029799999831e-04
1.627399101254999904e-03
3.086808617864999962e-03
3.496283230440000184e-03
4.546218134475000019e-03
7.160556045549999749e-03
1.405862836505000074e-02
2.677334005289999999e-02
5.040737474299999965e-02
8.230439712749999803e-02
9.975431523250000154e-02
9.300323379949999858e-02
6.243962874299999882e-02
3.267397421360000026e-02
1.269371298980000000e-02
4.094746125739999812e-03
9.449414136299999663e-04
2.624837260089999758e-04
4.199739616144999681e-05
4.199739616144999681e-05
2.624837260089999758e-04
9.449414136299999663e-04
4.094746125739999812e-03
1.269371298980000000e-02
3.267397421360000026e-02
6.243962874299999882e-02
9.300323379949999858e-02
9.975431523250000154e-02
8.230439712749999803e-02
5.040737474299999965e-02
2.677334005289999999e-02
1.405862836505000074e-02
7.160556045549999749e-03
4.546218134475000019e-03
3.496283230440000184e-03
3.086808617864999962e-03
1.627399101254999904e-03
5.144681029799999831e-04
1.049934904034999971e-04
1.049934904035000038e-05
0.000000000000000000e+00
0.000000000000000000e+00
0.000000000000000000e+00
0.000000000000000000e+00
0.000000000000000000e+00
0.000000000000000000e+00
0.000000000000000000e+00
0.000000000000000000e+00
0.000000000000000000e+00
