6.000000000000000000e+01
0.000000000000000000e+00
0.000000000000000000e+00
0.000000000000000000e+00
1.049934904035000038e-05
1.049934904035000038e-05
5.249674520180000058e-05
2.099869808069999941e-04
7.349544328249999186e-04
2.089370459029999891e-03
3.727268909324999574e-03
5.606652387550000068e-03
6.047625047245000496e-03
6.677585989670000235e-03
5.827138717395000111e-03
4.861198605690000493e-03
3.233799504430000249e-03
1.753391289740000199e-03
7.874511780270000358e-04
4.724707068159999428e-04
2.729830750490000262e-04
2.414850279280000237e-04
2.834824240899999821e-04
6.719583385845000157e-04
1.889882827265999907e-03
5.984628953005000085e-03
1.583301835283999759e-02
3.992902440050000168e-02
8.299735416410000677e-02
1.362080551008000018e-01
1.735857376845000022e-01
1.735857376845000022e-01
1.362080551008000018e-01
8.299735416410000677e-02
3.992902440050000168e-02
1.583301835283999759e-02
5.984628953005000085e-03
1.889882827265999907e-03
6.719583385845000157e-04
2.834824240899999821e-04
2.414850279280000237e-04
2.729830750490000262e-04
4.724707068159999428e-04
7.874511780270000358e-04
1.753391289740000199e-03
3.233799504430000249e-03
4.861198605690000493e-03
5.827138717395000111e-03
6.677585989670000235e-03
6.047625047245000496e-03
5.606652387550000068e-03
3.727268909324999574e-03
2.089370459029999891e-03
7.349544328249999186e-04
2.099869808069999941e-04
5.249674520180000058e-05
1.049934904035000038e-05
1.049934904035000038e-05
0.000000000000000000e+00
0.000000000000000000e+00
0.000000000000000000e+00
