6.000000000000000000e+01
0.000000000000000000e+00
0.000000000000000000e+00
0.000000000000000000e+00
0.000000000000000000e+00
0.000000000000000000e+00
0.000000000000000000e+00
0.000000000000000000e+00
0.000000000000000000e+00
1.259921884844999898e-04
8.714459703499999928e-04
4.199739616144999681e-03
1.538154634414999958e-02
3.893158624165000276e-02
7.235101423699999423e-02
1.009092436270000032e-01
1.042270379234999933e-01
8.156944269450000506e-02
4.825500818950000104e-02
2.223762126750000040e-02
8.063500063000000537e-03
2.257360043675000170e-03
4.724707068159999970e-04
7.349544328249999457e-05
6.299609424200000498e-05
0.000000000000000000e+00
1.049934904035000038e-05
0.000000000000000000e+00
0.000000000000000000e+00
0.000000000000000000e+00
0.000000000000000000e+00
0.000000000000000000e+00
0.000000000000000000e+00
0.000000000000000000e+00
0.000000000000000000e+00
1.049934904035000038e-05
0.000000000000000000e+00
6.299609424200000498e-05
7.349544328249999457e-05
4.724707068159999970e-04
2.257360043675000170e-03
8.063500063000000537e-03
2.223762126750000040e-02
4.825500818950000104e-02
8.156944269450000506e-02
1.042270379234999933e-01
1.009092436270000032e-01
7.235101423699999423e-02
3.893158624165000276e-02
1.538154634414999958e-02
4.199739616144999681e-03
8.714459703499999928e-04
1.259921884844999898e-04
0.000000000000000000e+00
0.000000000000000000e+00
0.000000000000000000e+00
0.000000000000000000e+00
0.000000000000000000e+00
0.000000000000000000e+00
0.000000000000000000e+00
0.000000000000000000e+00
