6.000000000000000000e+01
3.149804712109999981e-05
2.099869808070000077e-05
6.299609424200000498e-05
1.469908865649999891e-04
3.359791692915000110e-04
6.614589895450000536e-04
1.595901054134999915e-03
5.060686237449999771e-03
1.211624879254999919e-02
2.531393053629999931e-02
4.185040527484999717e-02
6.158918147049999986e-02
7.879761454799999454e-02
8.366931250249999563e-02
7.474486581849999756e-02
5.395615471850000178e-02
3.228549829909999752e-02
1.589601444709999936e-02
6.646087942550000030e-03
2.414850279285000144e-03
1.175927092519999913e-03
5.984628952999999528e-04
3.989752635335000160e-04
1.994876317669999979e-04
1.679895846459999954e-04
7.349544328249999457e-05
6.299609424200000498e-05
6.299609424200000498e-05
1.049934904035000038e-05
5.249674520200000200e-05
5.249674520200000200e-05
1.049934904035000038e-05
6.299609424200000498e-05
6.299609424200000498e-05
7.349544328249999457e-05
1.679895846459999954e-04
1.994876317669999979e-04
3.989752635335000160e-04
5.984628952999999528e-04
1.175927092519999913e-03
2.414850279285000144e-03
6.646087942550000030e-03
1.589601444709999936e-02
3.228549829909999752e-02
5.395615471850000178e-02
7.474486581849999756e-02
8.366931250249999563e-02
7.879761454799999454e-02
6.158918147049999986e-02
4.185040527484999717e-02
2.531393053629999931e-02
1.211624879254999919e-02
5.060686237449999771e-03
1.595901054134999915e-03
6.614589895450000536e-04
3.359791692915000110e-04
1.469908865649999891e-04
6.299609424200000498e-05
2.099869808070000077e-05
3.149804712109999981e-05
