6.000000000000000000e+01
1.503506782580000048e-02
1.275670908404999936e-02
1.192726050984999932e-02
1.241023056570000026e-02
1.373314854480000083e-02
1.443660493050000042e-02
1.302969215909999950e-02
1.028936205955000016e-02
7.213052790750000380e-03
5.092184284550000349e-03
2.771828146654999828e-03
2.036873713830000127e-03
2.194363949435000193e-03
3.569778673719999941e-03
6.467599008849999817e-03
9.428415438249999544e-03
1.165427743479999917e-02
1.322917979085000070e-02
1.367015245054999974e-02
1.321868044179999938e-02
1.461509386420000063e-02
1.739742135989999841e-02
2.348704380329999855e-02
3.171853345094999971e-02
4.060098273905000249e-02
4.639662340935000323e-02
4.480072235520000251e-02
3.801814287514999890e-02
2.862122548399999994e-02
2.017974885554999973e-02
2.017974885554999973e-02
2.862122548399999994e-02
3.801814287514999890e-02
4.480072235520000251e-02
4.639662340935000323e-02
4.060098273905000249e-02
3.171853345094999971e-02
2.348704380329999855e-02
1.739742135989999841e-02
1.461509386420000063e-02
1.321868044179999938e-02
1.367015245054999974e-02
1.322917979085000070e-02
1.165427743479999917e-02
9.428415438249999544e-03
6.467599008849999817e-03
3.569778673719999941e-03
2.194363949435000193e-03
2.036873713830000127e-03
2.771828146654999828e-03
5.092184284550000349e-03
7.213052790750000380e-03
1.028936205955000016e-02
1.302969215909999950e-02
1.443660493050000042e-02
1.373314854480000083e-02
1.241023056570000026e-02
1.192726050984999932e-02
1.275670908404999936e-02
1.503506782580000048e-02
