6.000000000000000000e+01
0.000000000000000000e+00
0.000000000000000000e+00
0.000000000000000000e+00
0.000000000000000000e+00
0.000000000000000000e+00
0.000000000000000000e+00
0.000000000000000000e+00
1.049934904035000038e-05
0.000000000000000000e+00
6.299609424200000498e-05
7.349544328249999457e-05
3.359791692915000110e-04
2.131367855195000216e-03
8.011003317800000773e-03
2.486245852755000069e-02
5.515308050900000203e-02
9.052538742599999799e-02
1.085422703789999943e-01
9.487211792850000491e-02
6.516945949350000378e-02
3.245348788374999988e-02
1.313468564950000077e-02
3.538280626600000169e-03
9.239427155499999739e-04
1.889882827264999948e-04
1.049934904035000038e-05
0.000000000000000000e+00
0.000000000000000000e+00
0.000000000000000000e+00
0.000000000000000000e+00
0.000000000000000000e+00
0.000000000000000000e+00
0.000000000000000000e+00
0.000000000000000000e+00
1.049934904035000038e-05
1.889882827264999948e-04
9.239427155499999739e-04
3.538280626600000169e-03
1.313468564950000077e-02
3.245348788374999988e-02
6.516945949350000378e-02
9.487211792850000491e-02
1.085422703789999943e-01
9.052538742599999799e-02
5.515308050900000203e-02
2.486245852755000069e-02
8.011003317800000773e-03
2.131367855195000216e-03
3.359791692915000110e-04
7.349544328249999457e-05
6.299609424200000498e-05
0.000000000000000000e+00
1.049934904035000038e-05
0.000000000000000000e+00
0.000000000000000000e+00
0.000000000000000000e+00
0.000000000000000000e+00
0.000000000000000000e+00
0.000000000000000000e+00
0.000000000000000000e+00
