6.000000000000000000e+01
3.149804712109999981e-05
9.449414136299999392e-05
7.034563857050000384e-04
2.824324891855000026e-03
9.459913485350000123e-03
2.535592793244999948e-02
4.919994960310000026e-02
7.970055856549999873e-02
9.161731972599999885e-02
8.321784049399999494e-02
6.309058838349999865e-02
4.379278484734999699e-02
2.672084330769999849e-02
1.427911469489999939e-02
6.173617235750000418e-03
2.635336609130000188e-03
8.294485741900000080e-04
2.309856788880000004e-04
3.149804712109999981e-05
1.049934904035000038e-05
0.000000000000000000e+00
0.000000000000000000e+00
0.000000000000000000e+00
0.000000000000000000e+00
0.000000000000000000e+00
0.000000000000000000e+00
0.000000000000000000e+00
0.000000000000000000e+00
0.000000000000000000e+00
0.000000000000000000e+00
0.000000000000000000e+00
0.000000000000000000e+00
0.000000000000000000e+00
0.000000000000000000e+00
0.000000000000000000e+00
0.000000000000000000e+00
0.000000000000000000e+00
0.000000000000000000e+00
0.000000000000000000e+00
0.000000000000000000e+00
1.049934904035000038e-05
3.149804712109999981e-05
2.309856788880000004e-04
8.294485741900000080e-04
2.635336609130000188e-03
6.173617235750000418e-03
1.427911469489999939e-02
2.672084330769999849e-02
4.379278484734999699e-02
6.309058838349999865e-02
8.321784049399999494e-02
9.161731972599999885e-02
7.970055856549999873e-02
4.919994960310000026e-02
2.535592793244999948e-02
9.459913485350000123e-03
2.824324891855000026e-03
7.034563857050000384e-04
9.449414136299999392e-05
3.149804712109999981e-05
