6.000000000000000000e+01
0.000000000000000000e+00
1.049934904035000038e-05
0.000000000000000000e+00
1.049934904035000038e-05
3.149804712109999981e-05
1.994876317668499985e-04
5.774641972199999604e-04
1.343916677166100008e-03
2.740330099531449945e-03
4.703708370079500052e-03
9.144933014149500203e-03
1.475158540169499953e-02
1.596950989037999868e-02
1.195875855697649953e-02
6.215614631903500394e-03
2.477846373525700082e-03
7.244550837853500113e-04
2.099869808069999941e-04
8.399479232299999771e-05
2.099869808070000077e-05
1.049934904035000038e-05
2.099869808070000077e-05
4.199739616144999681e-05
7.139557347450000346e-04
5.039687539349999718e-03
2.378102557640199982e-02
6.394103565561450042e-02
1.099176851033149965e-01
1.213934736045999968e-01
1.039645541976500082e-01
1.039645541976500082e-01
1.213934736045999968e-01
1.099176851033149965e-01
6.394103565561450042e-02
2.378102557640199982e-02
5.039687539349999718e-03
7.139557347450000346e-04
4.199739616144999681e-05
2.099869808070000077e-05
1.049934904035000038e-05
2.099869808070000077e-05
8.399479232299999771e-05
2.099869808069999941e-04
7.244550837853500113e-04
2.477846373525700082e-03
6.215614631903500394e-03
1.195875855697649953e-02
1.596950989037999868e-02
1.475158540169499953e-02
9.144933014149500203e-03
4.703708370079500052e-03
2.740330099531449945e-03
1.343916677166100008e-03
5.774641972199999604e-04
1.994876317668499985e-04
3.149804712109999981e-05
1.049934904035000038e-05
0.000000000000000000e+00
1.049934904035000038e-05
0.000000000000000000e+00
