6.000000000000000000e+01
2.099869808070000077e-05
3.149804712104999776e-05
1.049934904035000038e-05
3.359791692913499574e-04
2.803326193773500365e-03
1.054134643650700073e-02
2.715131661837050236e-02
4.639662340934500029e-02
4.789803032209499767e-02
3.273697030784500361e-02
1.671496367223000018e-02
1.213724749064000116e-02
1.209525009449000099e-02
1.796438620806600078e-02
1.993826382765200023e-02
1.515056066524034933e-02
9.197429759349999567e-03
4.651211624879999888e-03
2.540842467765000098e-03
1.364915375244999968e-03
9.554407626749999776e-04
1.133929696359999928e-03
1.564403007014999927e-03
2.719331401455000064e-03
5.963630254940350227e-03
1.381714333713450135e-02
2.758178992900000084e-02
4.439124774266500068e-02
5.841837806054999555e-02
6.377304607115000246e-02
6.377304607115000246e-02
5.841837806054999555e-02
4.439124774266500068e-02
2.758178992900000084e-02
1.381714333713450135e-02
5.963630254940350227e-03
2.719331401455000064e-03
1.564403007014999927e-03
1.133929696359999928e-03
9.554407626749999776e-04
1.364915375244999968e-03
2.540842467765000098e-03
4.651211624879999888e-03
9.197429759349999567e-03
1.515056066524034933e-02
1.993826382765200023e-02
1.796438620806600078e-02
1.209525009449000099e-02
1.213724749064000116e-02
1.671496367223000018e-02
3.273697030784500361e-02
4.789803032209499767e-02
4.639662340934500029e-02
2.715131661837050236e-02
1.054134643650700073e-02
2.803326193773500365e-03
3.359791692913499574e-04
1.049934904035000038e-05
3.149804712104999776e-05
2.099869808070000077e-05
