6.000000000000000000e+01
0.000000000000000000e+00
0.000000000000000000e+00
0.000000000000000000e+00
0.000000000000000000e+00
0.000000000000000000e+00
1.049934904034500018e-04
2.519843769684999998e-04
7.139557347445000006e-04
2.320356137920000054e-03
4.787703162404999963e-03
7.129057998384999949e-03
8.011003317774999938e-03
5.617151736594999320e-03
3.338792994829999777e-03
1.196925790602500076e-03
5.144681029775000298e-04
1.574902356054500106e-04
7.349544328254998984e-05
4.199739616144999681e-05
0.000000000000000000e+00
3.149804712104999776e-05
7.349544328235000875e-05
1.679895846454999885e-04
5.564654991390000083e-04
2.215362647520000092e-03
7.916509176440000156e-03
2.770778211750000303e-02
7.209902986015000181e-02
1.440615681829999772e-01
2.109109235225000156e-01
2.109109235225000156e-01
1.440615681829999772e-01
7.209902986015000181e-02
2.770778211750000303e-02
7.916509176440000156e-03
2.215362647520000092e-03
5.564654991390000083e-04
1.679895846454999885e-04
7.349544328235000875e-05
3.149804712104999776e-05
0.000000000000000000e+00
4.199739616144999681e-05
7.349544328254998984e-05
1.574902356054500106e-04
5.144681029775000298e-04
1.196925790602500076e-03
3.338792994829999777e-03
5.617151736594999320e-03
8.011003317774999938e-03
7.129057998384999949e-03
4.787703162404999963e-03
2.320356137920000054e-03
7.139557347445000006e-04
2.519843769684999998e-04
1.049934904034500018e-04
0.000000000000000000e+00
0.000000000000000000e+00
0.000000000000000000e+00
0.000000000000000000e+00
0.000000000000000000e+00
