6.000000000000000000e+01
1.049934904035000038e-05
2.099869808070000077e-05
3.149804712109999981e-05
5.249674520180000058e-05
2.099869808070000212e-04
7.874511780265000017e-04
4.367729200789999960e-03
1.582251900379999868e-02
4.671160388054999835e-02
9.402167065630000209e-02
1.195665868715500013e-01
1.037125698208000019e-01
5.858636764524999957e-02
2.471546764105000266e-02
7.318046281129999414e-03
2.372852883125000159e-03
7.139557347449999262e-04
2.519843769689999796e-04
2.624837260092000111e-04
7.349544328235000875e-05
3.149804712109999981e-05
8.399479232270001252e-05
5.249674520180000058e-05
2.624837260089999758e-04
4.094746125739999920e-04
1.081432951156000109e-03
2.120868506155000003e-03
4.199739616140000208e-03
5.533156944269999877e-03
6.614589895425000352e-03
6.614589895425000352e-03
5.533156944269999877e-03
4.199739616140000208e-03
2.120868506155000003e-03
1.081432951156000109e-03
4.094746125739999920e-04
2.624837260089999758e-04
5.249674520180000058e-05
8.399479232270001252e-05
3.149804712109999981e-05
7.349544328235000875e-05
2.624837260092000111e-04
2.519843769689999796e-04
7.139557347449999262e-04
2.372852883125000159e-03
7.318046281129999414e-03
2.471546764105000266e-02
5.858636764524999957e-02
1.037125698208000019e-01
1.195665868715500013e-01
9.402167065630000209e-02
4.671160388054999835e-02
1.582251900379999868e-02
4.367729200789999960e-03
7.874511780265000017e-04
2.099869808070000212e-04
5.249674520180000058e-05
3.149804712109999981e-05
2.099869808070000077e-05
1.049934904035000038e-05
