6.000000000000000000e+01
3.149804712104999776e-05
1.049934904035000038e-05
1.049934904035000038e-05
4.199739616144999681e-05
5.249674520200000200e-05
2.099869808074499922e-04
6.929570366639999741e-04
2.309856788877000071e-03
5.921632858764999674e-03
1.003737768259499973e-02
9.921884843159999023e-03
6.677585989670000235e-03
3.380790390999999576e-03
1.480408214691999970e-03
6.299609424229999288e-04
1.574902356053499929e-04
6.299609424200000498e-05
2.099869808070000077e-05
2.099869808070000077e-05
1.049934904035000038e-05
3.149804712109999981e-05
1.154928394440000002e-04
3.884759144935000198e-04
1.522405610850699996e-03
6.583091848280700140e-03
2.133467724999749821e-02
5.351518205874500334e-02
9.462013355155000915e-02
1.320083154845499984e-01
1.481983117050000021e-01
1.481983117050000021e-01
1.320083154845499984e-01
9.462013355155000915e-02
5.351518205874500334e-02
2.133467724999749821e-02
6.583091848280700140e-03
1.522405610850699996e-03
3.884759144935000198e-04
1.154928394440000002e-04
3.149804712109999981e-05
1.049934904035000038e-05
2.099869808070000077e-05
2.099869808070000077e-05
6.299609424200000498e-05
1.574902356053499929e-04
6.299609424229999288e-04
1.480408214691999970e-03
3.380790390999999576e-03
6.677585989670000235e-03
9.921884843159999023e-03
1.003737768259499973e-02
5.921632858764999674e-03
2.309856788877000071e-03
6.929570366639999741e-04
2.099869808074499922e-04
5.249674520200000200e-05
4.199739616144999681e-05
1.049934904035000038e-05
1.049934904035000038e-05
3.149804712104999776e-05
