6.000000000000000000e+01
1.049934904035000038e-05
0.000000000000000000e+00
2.099869808070000077e-05
4.199739616144999681e-05
6.299609424215000435e-05
1.259921884841999911e-04
6.089622443384999553e-04
2.204863298473499870e-03
6.992566460869999688e-03
1.448910167567499935e-02
2.162865902312000044e-02
2.001175927090999979e-02
1.235773382052200026e-02
5.575154340414999708e-03
1.879383478221999856e-03
7.874511780256999690e-04
3.464785183319999871e-04
9.449414136299999392e-05
6.299609424200000498e-05
7.349544328249999457e-05
4.199739616144999681e-05
1.259921884841999911e-04
1.364915375245000131e-04
6.614589895434999514e-04
2.635336609129999754e-03
9.165931712240000043e-03
2.784427365500000140e-02
6.963168283570000949e-02
1.282600478770000163e-01
1.741212044850000140e-01
1.741212044850000140e-01
1.282600478770000163e-01
6.963168283570000949e-02
2.784427365500000140e-02
9.165931712240000043e-03
2.635336609129999754e-03
6.614589895434999514e-04
1.364915375245000131e-04
1.259921884841999911e-04
4.199739616144999681e-05
7.349544328249999457e-05
6.299609424200000498e-05
9.449414136299999392e-05
3.464785183319999871e-04
7.874511780256999690e-04
1.879383478221999856e-03
5.575154340414999708e-03
1.235773382052200026e-02
2.001175927090999979e-02
2.162865902312000044e-02
1.448910167567499935e-02
6.992566460869999688e-03
2.204863298473499870e-03
6.089622443384999553e-04
1.259921884841999911e-04
6.299609424215000435e-05
4.199739616144999681e-05
2.099869808070000077e-05
0.000000000000000000e+00
1.049934904035000038e-05
