6.000000000000000000e+01
3.269497291170000292e-02
2.281508546469999954e-02
1.474108605264999941e-02
8.126496157249999894e-03
4.714207719120000299e-03
2.341354836000000047e-03
1.280920582924999999e-03
8.294485741900000080e-04
7.979505270650000042e-04
9.344420645899999701e-04
1.627399101254999904e-03
3.034311872665000197e-03
6.299609424200000064e-03
1.215824618874999929e-02
1.929780353619999986e-02
2.790726974929999896e-02
3.247448658185000253e-02
3.446936289949999871e-02
3.065809919785000143e-02
2.462097349964999932e-02
1.771240183110000047e-02
1.315568434755000002e-02
1.111881063375000020e-02
1.099281844524999975e-02
1.338667002645000000e-02
1.761790768970000060e-02
2.519843769684999846e-02
3.294695728864999867e-02
3.724119104615000037e-02
3.880559405314999710e-02
3.880559405314999710e-02
3.724119104615000037e-02
3.294695728864999867e-02
2.519843769684999846e-02
1.761790768970000060e-02
1.338667002645000000e-02
1.099281844524999975e-02
1.111881063375000020e-02
1.315568434755000002e-02
1.771240183110000047e-02
2.462097349964999932e-02
3.065809919785000143e-02
3.446936289949999871e-02
3.247448658185000253e-02
2.790726974929999896e-02
1.929780353619999986e-02
1.215824618874999929e-02
6.299609424200000064e-03
3.034311872665000197e-03
1.627399101254999904e-03
9.344420645899999701e-04
7.979505270650000042e-04
8.294485741900000080e-04
1.280920582924999999e-03
2.341354836000000047e-03
4.714207719120000299e-03
8.126496157249999894e-03
1.474108605264999941e-02
2.281508546469999954e-02
3.269497291170000292e-02
