6.000000000000000000e+01
0.000000000000000000e+00
1.049934904035000038e-05
0.000000000000000000e+00
1.049934904035000038e-05
5.249674520180000058e-05
2.414850279279999966e-04
7.034563857030000106e-04
2.341354835997999911e-03
6.173617235739500136e-03
1.382764268616699932e-02
2.179664860776500332e-02
2.150266683463250214e-02
1.380664398805350052e-02
8.808953844885499679e-03
7.601528705230000023e-03
6.782579480069999764e-03
3.926756541094999532e-03
1.175927092522499866e-03
2.414850279280999872e-04
9.449414136309999802e-05
9.449414136345000558e-05
9.449414136319998856e-05
3.359791692915000110e-04
1.280920582924999999e-03
6.415102263659999866e-03
2.287808155895000237e-02
5.468060980219999895e-02
8.842551761799999355e-02
1.060854227040000097e-01
1.106106421404000062e-01
1.106106421404000062e-01
1.060854227040000097e-01
8.842551761799999355e-02
5.468060980219999895e-02
2.287808155895000237e-02
6.415102263659999866e-03
1.280920582924999999e-03
3.359791692915000110e-04
9.449414136319998856e-05
9.449414136345000558e-05
9.449414136309999802e-05
2.414850279280999872e-04
1.175927092522499866e-03
3.926756541094999532e-03
6.782579480069999764e-03
7.601528705230000023e-03
8.808953844885499679e-03
1.380664398805350052e-02
2.150266683463250214e-02
2.179664860776500332e-02
1.382764268616699932e-02
6.173617235739500136e-03
2.341354835997999911e-03
7.034563857030000106e-04
2.414850279279999966e-04
5.249674520180000058e-05
1.049934904035000038e-05
0.000000000000000000e+00
1.049934904035000038e-05
0.000000000000000000e+00
