6.000000000000000000e+01
0.000000000000000000e+00
0.000000000000000000e+00
0.000000000000000000e+00
2.099869808070000077e-05
5.249674520180000058e-05
1.469908865651000068e-04
5.354668010584999818e-04
1.627399101254999904e-03
4.714207719124999772e-03
8.577968165974999420e-03
1.264121624460000023e-02
1.318718239470000053e-02
1.044685229513499930e-02
6.016127000125000290e-03
3.307294947714999912e-03
1.238923186762000027e-03
4.409726596954999744e-04
3.464785183315000072e-04
2.414850279280999872e-04
6.299609424200000498e-05
1.154928394438500008e-04
1.889882827264499859e-04
2.414850279280000237e-04
9.134433665124999310e-04
3.202301457310000043e-03
1.174877157615500031e-02
3.523581537945000286e-02
8.328083658810001011e-02
1.356620889504999983e-01
1.658057200454999824e-01
1.658057200454999824e-01
1.356620889504999983e-01
8.328083658810001011e-02
3.523581537945000286e-02
1.174877157615500031e-02
3.202301457310000043e-03
9.134433665124999310e-04
2.414850279280000237e-04
1.889882827264499859e-04
1.154928394438500008e-04
6.299609424200000498e-05
2.414850279280999872e-04
3.464785183315000072e-04
4.409726596954999744e-04
1.238923186762000027e-03
3.307294947714999912e-03
6.016127000125000290e-03
1.044685229513499930e-02
1.318718239470000053e-02
1.264121624460000023e-02
8.577968165974999420e-03
4.714207719124999772e-03
1.627399101254999904e-03
5.354668010584999818e-04
1.469908865651000068e-04
5.249674520180000058e-05
2.099869808070000077e-05
0.000000000000000000e+00
0.000000000000000000e+00
0.000000000000000000e+00
