6.000000000000000000e+01
0.000000000000000000e+00
1.049934904035000038e-05
2.099869808070000077e-05
8.399479232299999771e-05
1.889882827264999948e-04
5.774641972199999604e-04
1.196925790599999906e-03
2.299357439840350043e-03
3.128806014028000151e-03
4.147242870943500248e-03
3.223300155389500002e-03
2.719331401455500098e-03
1.931880223425999892e-03
1.658897148375500143e-03
1.753391289739999982e-03
1.196925790602999893e-03
8.294485741879999803e-04
5.984628953004999868e-04
3.359791692919999908e-04
3.464785183319999871e-04
3.464785183319999871e-04
3.779765654529999895e-04
1.165427743479500100e-03
2.803326193775000034e-03
7.601528705215000736e-03
1.828986602829999961e-02
4.465373146864999587e-02
8.731258661954999223e-02
1.384024190500000029e-01
1.727982865065000040e-01
1.727982865065000040e-01
1.384024190500000029e-01
8.731258661954999223e-02
4.465373146864999587e-02
1.828986602829999961e-02
7.601528705215000736e-03
2.803326193775000034e-03
1.165427743479500100e-03
3.779765654529999895e-04
3.464785183319999871e-04
3.464785183319999871e-04
3.359791692919999908e-04
5.984628953004999868e-04
8.294485741879999803e-04
1.196925790602999893e-03
1.753391289739999982e-03
1.658897148375500143e-03
1.931880223425999892e-03
2.719331401455500098e-03
3.223300155389500002e-03
4.147242870943500248e-03
3.128806014028000151e-03
2.299357439840350043e-03
1.196925790599999906e-03
5.774641972199999604e-04
1.889882827264999948e-04
8.399479232299999771e-05
2.099869808070000077e-05
1.049934904035000038e-05
0.000000000000000000e+00
