6.000000000000000000e+01
0.000000000000000000e+00
0.000000000000000000e+00
0.000000000000000000e+00
0.000000000000000000e+00
1.049934904035000038e-05
0.000000000000000000e+00
0.000000000000000000e+00
2.099869808070000077e-05
8.399479232299999771e-05
1.889882827264999948e-04
8.294485741900000080e-04
3.685271513165000023e-03
1.185376506655000037e-02
3.004913695349999830e-02
5.956280710600000278e-02
9.079837050099999474e-02
1.040695476880000025e-01
9.178530931099999901e-02
6.125320230149999823e-02
3.061610180170000126e-02
1.116080802990000037e-02
3.317794296755000125e-03
5.669648481799999641e-04
1.154928394440000002e-04
2.099869808070000077e-05
1.049934904035000038e-05
0.000000000000000000e+00
0.000000000000000000e+00
0.000000000000000000e+00
0.000000000000000000e+00
0.000000000000000000e+00
0.000000000000000000e+00
0.000000000000000000e+00
0.000000000000000000e+00
1.049934904035000038e-05
2.099869808070000077e-05
1.154928394440000002e-04
5.669648481799999641e-04
3.317794296755000125e-03
1.116080802990000037e-02
3.061610180170000126e-02
6.125320230149999823e-02
9.178530931099999901e-02
1.040695476880000025e-01
9.079837050099999474e-02
5.956280710600000278e-02
3.004913695349999830e-02
1.185376506655000037e-02
3.685271513165000023e-03
8.294485741900000080e-04
1.889882827264999948e-04
8.399479232299999771e-05
2.099869808070000077e-05
0.000000000000000000e+00
0.000000000000000000e+00
1.049934904035000038e-05
0.000000000000000000e+00
0.000000000000000000e+00
0.000000000000000000e+00
0.000000000000000000e+00
