6.000000000000000000e+01
1.049934904035000038e-05
4.199739616144999681e-05
1.154928394438500008e-04
3.044811221703499549e-04
1.637898450295699861e-03
6.373104867482499991e-03
2.109319222210699965e-02
4.778253748265449963e-02
8.044601234717051186e-02
9.221578262142850202e-02
6.642938137856500835e-02
3.102557641425199991e-02
8.441476628430699680e-03
1.375414724285699926e-03
1.259921884841999911e-04
2.099869808070000077e-05
0.000000000000000000e+00
1.049934904035000038e-05
1.049934904035000038e-05
0.000000000000000000e+00
1.049934904035000038e-05
0.000000000000000000e+00
0.000000000000000000e+00
4.199739616144999681e-05
1.154928394436999879e-04
1.154928394439000069e-03
5.564654991394999556e-03
1.939229767755000153e-02
4.578766116500000011e-02
7.047163075890000572e-02
7.047163075890000572e-02
4.578766116500000011e-02
1.939229767755000153e-02
5.564654991394999556e-03
1.154928394439000069e-03
1.154928394436999879e-04
4.199739616144999681e-05
0.000000000000000000e+00
0.000000000000000000e+00
1.049934904035000038e-05
0.000000000000000000e+00
1.049934904035000038e-05
1.049934904035000038e-05
0.000000000000000000e+00
2.099869808070000077e-05
1.259921884841999911e-04
1.375414724285699926e-03
8.441476628430699680e-03
3.102557641425199991e-02
6.642938137856500835e-02
9.221578262142850202e-02
8.044601234717051186e-02
4.778253748265449963e-02
2.109319222210699965e-02
6.373104867482499991e-03
1.637898450295699861e-03
3.044811221703499549e-04
1.154928394438500008e-04
4.199739616144999681e-05
1.049934904035000038e-05
