6.000000000000000000e+01
0.000000000000000000e+00
0.000000000000000000e+00
0.000000000000000000e+00
4.199739616140000153e-05
1.784889336864999986e-04
8.819453193914999828e-04
3.968753937254999517e-03
1.363865440340000096e-02
3.286296249630000360e-02
5.121582461885000603e-02
5.166729662765000286e-02
3.656923270759999955e-02
1.899332241400000093e-02
7.780017638890000115e-03
3.727268909329999914e-03
1.921380874385000045e-03
7.664524799454999412e-04
4.934694048970000033e-04
1.469908865648500169e-04
6.299609424234999899e-05
8.399479232299999771e-05
1.679895846458499961e-04
4.619713577757000021e-04
1.837386082060699912e-03
5.858636764511450205e-03
1.573852421149949873e-02
3.646423921718000560e-02
5.825038847576499701e-02
7.562681113760000295e-02
8.059300323389999299e-02
8.059300323389999299e-02
7.562681113760000295e-02
5.825038847576499701e-02
3.646423921718000560e-02
1.573852421149949873e-02
5.858636764511450205e-03
1.837386082060699912e-03
4.619713577757000021e-04
1.679895846458499961e-04
8.399479232299999771e-05
6.299609424234999899e-05
1.469908865648500169e-04
4.934694048970000033e-04
7.664524799454999412e-04
1.921380874385000045e-03
3.727268909329999914e-03
7.780017638890000115e-03
1.899332241400000093e-02
3.656923270759999955e-02
5.166729662765000286e-02
5.121582461885000603e-02
3.286296249630000360e-02
1.363865440340000096e-02
3.968753937254999517e-03
8.819453193914999828e-04
1.784889336864999986e-04
4.199739616140000153e-05
0.000000000000000000e+00
0.000000000000000000e+00
0.000000000000000000e+00
