6.000000000000000000e+01
0.000000000000000000e+00
0.000000000000000000e+00
0.000000000000000000e+00
0.000000000000000000e+00
3.149804712104999776e-05
8.399479232310000181e-05
2.204863298473499979e-04
4.199739616144499864e-04
6.719583385820000624e-04
1.081432951157000177e-03
6.614589895434999514e-04
3.464785183315000072e-04
1.469908865649999891e-04
8.399479232284999834e-05
2.099869808070000077e-05
1.049934904035000038e-05
1.049934904035000038e-05
0.000000000000000000e+00
0.000000000000000000e+00
0.000000000000000000e+00
0.000000000000000000e+00
0.000000000000000000e+00
3.149804712104999776e-05
2.204863298474999973e-04
1.616899752215000124e-03
1.074083406827049982e-02
4.525219436395999661e-02
1.103166603669000073e-01
1.606085422702500098e-01
1.674226197975000052e-01
1.674226197975000052e-01
1.606085422702500098e-01
1.103166603669000073e-01
4.525219436395999661e-02
1.074083406827049982e-02
1.616899752215000124e-03
2.204863298474999973e-04
3.149804712104999776e-05
0.000000000000000000e+00
0.000000000000000000e+00
0.000000000000000000e+00
0.000000000000000000e+00
0.000000000000000000e+00
1.049934904035000038e-05
1.049934904035000038e-05
2.099869808070000077e-05
8.399479232284999834e-05
1.469908865649999891e-04
3.464785183315000072e-04
6.614589895434999514e-04
1.081432951157000177e-03
6.719583385820000624e-04
4.199739616144499864e-04
2.204863298473499979e-04
8.399479232310000181e-05
3.149804712104999776e-05
0.000000000000000000e+00
0.000000000000000000e+00
0.000000000000000000e+00
0.000000000000000000e+00
