6.000000000000000000e+01
1.049934904035000038e-05
0.000000000000000000e+00
0.000000000000000000e+00
1.049934904035000038e-05
2.099869808070000077e-05
1.784889336864999986e-04
8.819453193894999550e-04
2.708832052409999944e-03
7.391541724409999604e-03
1.762840703874999845e-02
3.155054386629999735e-02
3.809163831844999959e-02
2.988114736890000109e-02
1.789089076480000068e-02
8.976943429494999710e-03
4.189240267099999561e-03
1.837386082065000075e-03
9.764394607560000381e-04
4.409726596955000286e-04
2.414850279279999695e-04
1.679895846459999954e-04
1.259921884844500081e-04
1.889882827264999948e-04
7.979505270684999173e-04
2.362353534080000039e-03
7.538532610984999272e-03
2.141867204230000002e-02
5.215026668344999866e-02
1.031981017176999971e-01
1.491432531185000188e-01
1.491432531185000188e-01
1.031981017176999971e-01
5.215026668344999866e-02
2.141867204230000002e-02
7.538532610984999272e-03
2.362353534080000039e-03
7.979505270684999173e-04
1.889882827264999948e-04
1.259921884844500081e-04
1.679895846459999954e-04
2.414850279279999695e-04
4.409726596955000286e-04
9.764394607560000381e-04
1.837386082065000075e-03
4.189240267099999561e-03
8.976943429494999710e-03
1.789089076480000068e-02
2.988114736890000109e-02
3.809163831844999959e-02
3.155054386629999735e-02
1.762840703874999845e-02
7.391541724409999604e-03
2.708832052409999944e-03
8.819453193894999550e-04
1.784889336864999986e-04
2.099869808070000077e-05
1.049934904035000038e-05
0.000000000000000000e+00
0.000000000000000000e+00
1.049934904035000038e-05
