6.000000000000000000e+01
0.000000000000000000e+00
0.000000000000000000e+00
0.000000000000000000e+00
0.000000000000000000e+00
0.000000000000000000e+00
1.049934904035000038e-05
1.259921884844999898e-04
5.564654991399999679e-04
1.249422535801099918e-03
2.068371760951449694e-03
1.805888034940999814e-03
1.522405610851999954e-03
1.123430347319500115e-03
7.769518289879999992e-04
7.664524799470000434e-04
6.194615933829999326e-04
3.674772164124499776e-04
2.519843769684499638e-04
1.994876317670999885e-04
1.049934904036999917e-04
1.679895846459499866e-04
1.154928394441000043e-04
4.829700558564999731e-04
1.364915375246000036e-03
4.231237663264999886e-03
1.251522405609999979e-02
3.502582839860000213e-02
8.167443618495000279e-02
1.498677082020000162e-01
2.030049136955000000e-01
2.030049136955000000e-01
1.498677082020000162e-01
8.167443618495000279e-02
3.502582839860000213e-02
1.251522405609999979e-02
4.231237663264999886e-03
1.364915375246000036e-03
4.829700558564999731e-04
1.154928394441000043e-04
1.679895846459499866e-04
1.049934904036999917e-04
1.994876317670999885e-04
2.519843769684499638e-04
3.674772164124499776e-04
6.194615933829999326e-04
7.664524799470000434e-04
7.769518289879999992e-04
1.123430347319500115e-03
1.522405610851999954e-03
1.805888034940999814e-03
2.068371760951449694e-03
1.249422535801099918e-03
5.564654991399999679e-04
1.259921884844999898e-04
1.049934904035000038e-05
0.000000000000000000e+00
0.000000000000000000e+00
0.000000000000000000e+00
0.000000000000000000e+00
0.000000000000000000e+00
