6.000000000000000000e+01
3.494183360630000179e-02
4.816051404814999937e-02
5.910083574799999961e-02
6.231363655450000011e-02
6.051824786849999832e-02
5.221326277749999828e-02
4.062198143714999821e-02
3.030112133049999920e-02
2.040023518540000011e-02
1.432111209104999956e-02
1.081432951154999954e-02
7.853513082199999745e-03
5.932132207799999980e-03
3.632774767964999825e-03
1.963378270545000030e-03
9.239427155499999739e-04
3.359791692915000110e-04
1.784889336859999916e-04
1.049934904034999971e-04
7.349544328249999457e-05
4.199739616144999681e-05
6.299609424200000498e-05
1.889882827264999948e-04
3.989752635335000160e-04
7.664524799450000156e-04
1.501406912770000043e-03
3.034311872665000197e-03
6.005627651099999798e-03
1.231573642435000032e-02
2.097769938265000092e-02
2.097769938265000092e-02
1.231573642435000032e-02
6.005627651099999798e-03
3.034311872665000197e-03
1.501406912770000043e-03
7.664524799450000156e-04
3.989752635335000160e-04
1.889882827264999948e-04
6.299609424200000498e-05
4.199739616144999681e-05
7.349544328249999457e-05
1.049934904034999971e-04
1.784889336859999916e-04
3.359791692915000110e-04
9.239427155499999739e-04
1.963378270545000030e-03
3.632774767964999825e-03
5.932132207799999980e-03
7.853513082199999745e-03
1.081432951154999954e-02
1.432111209104999956e-02
2.040023518540000011e-02
3.030112133049999920e-02
4.062198143714999821e-02
5.221326277749999828e-02
6.051824786849999832e-02
6.231363655450000011e-02
5.910083574799999961e-02
4.816051404814999937e-02
3.494183360630000179e-02
