6.000000000000000000e+01
2.831674436184999921e-02
1.880433413130000106e-02
1.289320062154999946e-02
8.189492251499999251e-03
5.060686237449999771e-03
4.010751333415000369e-03
3.044811221704999977e-03
2.456847675445000129e-03
2.687833354329999952e-03
2.918819033220000116e-03
3.338792994835000118e-03
4.115744823820000238e-03
5.092184284550000349e-03
6.709084036800000254e-03
8.672462307350000191e-03
1.088782495485000022e-02
1.244172861285000077e-02
1.485657889210000027e-02
1.614799882404999859e-02
1.636848515389999897e-02
1.648397799334999983e-02
1.604300533364999906e-02
1.932930158329999870e-02
2.332955356770000099e-02
2.903070009659999839e-02
3.726218974425000302e-02
4.249086556634999734e-02
4.643862080549999993e-02
4.545168199570000234e-02
3.712569820670000298e-02
3.712569820670000298e-02
4.545168199570000234e-02
4.643862080549999993e-02
4.249086556634999734e-02
3.726218974425000302e-02
2.903070009659999839e-02
2.332955356770000099e-02
1.932930158329999870e-02
1.604300533364999906e-02
1.648397799334999983e-02
1.636848515389999897e-02
1.614799882404999859e-02
1.485657889210000027e-02
1.244172861285000077e-02
1.088782495485000022e-02
8.672462307350000191e-03
6.709084036800000254e-03
5.092184284550000349e-03
4.115744823820000238e-03
3.338792994835000118e-03
2.918819033220000116e-03
2.687833354329999952e-03
2.456847675445000129e-03
3.044811221704999977e-03
4.010751333415000369e-03
5.060686237449999771e-03
8.189492251499999251e-03
1.289320062154999946e-02
1.880433413130000106e-02
2.831674436184999921e-02
