6.000000000000000000e+01
0.000000000000000000e+00
1.049934904035000038e-05
4.199739616144999681e-05
1.259921884844500081e-04
1.889882827264999948e-04
1.060434253079999955e-03
2.729830750495000277e-03
5.386166057705000024e-03
9.312922598820000050e-03
1.210574944355000127e-02
1.275670908405000109e-02
8.819453193905001098e-03
5.113182982654999875e-03
2.635336609130000188e-03
1.133929696360499962e-03
6.509596405019999615e-04
3.044811221704499726e-04
8.399479232299999771e-05
6.299609424200000498e-05
2.099869808070000077e-05
5.249674520200000200e-05
3.149804712109999981e-05
1.154928394440000002e-04
2.204863298477000055e-04
1.543404308930999879e-03
5.963630254945000153e-03
2.322456007728499958e-02
6.590441392634999174e-02
1.382344294654999917e-01
2.021649657719999937e-01
2.021649657719999937e-01
1.382344294654999917e-01
6.590441392634999174e-02
2.322456007728499958e-02
5.963630254945000153e-03
1.543404308930999879e-03
2.204863298477000055e-04
1.154928394440000002e-04
3.149804712109999981e-05
5.249674520200000200e-05
2.099869808070000077e-05
6.299609424200000498e-05
8.399479232299999771e-05
3.044811221704499726e-04
6.509596405019999615e-04
1.133929696360499962e-03
2.635336609130000188e-03
5.113182982654999875e-03
8.819453193905001098e-03
1.275670908405000109e-02
1.210574944355000127e-02
9.312922598820000050e-03
5.386166057705000024e-03
2.729830750495000277e-03
1.060434253079999955e-03
1.889882827264999948e-04
1.259921884844500081e-04
4.199739616144999681e-05
1.049934904035000038e-05
0.000000000000000000e+00
