6.000000000000000000e+01
4.871697954724999932e-03
5.732644576049999649e-03
7.276048884949999802e-03
8.672462307350000191e-03
9.575406324799999244e-03
1.269371298980000000e-02
1.609550207885000056e-02
2.055772542100000114e-02
2.778127756080000024e-02
3.549829910544999995e-02
4.387677963964999733e-02
4.966192096089999675e-02
5.263323673950000281e-02
4.787703162404999963e-02
3.950905043885000190e-02
2.989164671790000075e-02
2.340304901095000001e-02
1.712443828485000000e-02
1.257822015034999914e-02
7.885011129300000324e-03
4.945193398009999595e-03
3.065809919784999969e-03
1.984376968629999929e-03
1.585401705094999919e-03
1.816387383979999959e-03
1.658897148374999892e-03
2.078871109990000111e-03
2.582839863929999990e-03
3.065809919784999969e-03
4.021250682459999622e-03
4.021250682459999622e-03
3.065809919784999969e-03
2.582839863929999990e-03
2.078871109990000111e-03
1.658897148374999892e-03
1.816387383979999959e-03
1.585401705094999919e-03
1.984376968629999929e-03
3.065809919784999969e-03
4.945193398009999595e-03
7.885011129300000324e-03
1.257822015034999914e-02
1.712443828485000000e-02
2.340304901095000001e-02
2.989164671790000075e-02
3.950905043885000190e-02
4.787703162404999963e-02
5.263323673950000281e-02
4.966192096089999675e-02
4.387677963964999733e-02
3.549829910544999995e-02
2.778127756080000024e-02
2.055772542100000114e-02
1.609550207885000056e-02
1.269371298980000000e-02
9.575406324799999244e-03
8.672462307350000191e-03
7.276048884949999802e-03
5.732644576049999649e-03
4.871697954724999932e-03
