6.000000000000000000e+01
1.049934904034500018e-04
3.149804712109999981e-05
9.449414136309999802e-05
1.994876317665000181e-04
4.934694048970000033e-04
1.364915375248000173e-03
3.695770862205000236e-03
8.819453193919999517e-03
1.791188946283999925e-02
3.043761286800000104e-02
4.059048339005000283e-02
4.038049640920000211e-02
3.190752173364999611e-02
1.897232371594000100e-02
1.002687833353499945e-02
4.934694048969999816e-03
2.225861996554999965e-03
1.070933602116999964e-03
7.979505270694999854e-04
6.089622443404999830e-04
6.404602914619999653e-04
1.060434253079999955e-03
1.700894544540000001e-03
3.443786485239999987e-03
7.034563857040000354e-03
1.505606652388500125e-02
3.064759984880000010e-02
5.226575952294999772e-02
7.874511780269999317e-02
9.473562639134999741e-02
9.473562639134999741e-02
7.874511780269999317e-02
5.226575952294999772e-02
3.064759984880000010e-02
1.505606652388500125e-02
7.034563857040000354e-03
3.443786485239999987e-03
1.700894544540000001e-03
1.060434253079999955e-03
6.404602914619999653e-04
6.089622443404999830e-04
7.979505270694999854e-04
1.070933602116999964e-03
2.225861996554999965e-03
4.934694048969999816e-03
1.002687833353499945e-02
1.897232371594000100e-02
3.190752173364999611e-02
4.038049640920000211e-02
4.059048339005000283e-02
3.043761286800000104e-02
1.791188946283999925e-02
8.819453193919999517e-03
3.695770862205000236e-03
1.364915375248000173e-03
4.934694048970000033e-04
1.994876317665000181e-04
9.449414136309999802e-05
3.149804712109999981e-05
1.049934904034500018e-04
