6.000000000000000000e+01
6.282810465749999462e-02
5.665448742180000108e-02
4.866448280209999949e-02
3.778715719625000413e-02
2.728780815590000144e-02
1.874133803704999823e-02
1.250472470706500035e-02
8.420477930355000501e-03
6.247112679010000114e-03
5.449162151945000435e-03
4.787703162404999963e-03
5.102683633615000096e-03
6.835076225290000022e-03
1.021586661627999978e-02
1.504556717484999834e-02
2.161815967410000289e-02
2.931418252069999814e-02
3.355591953300000180e-02
3.296795598675000133e-02
2.452647935829999765e-02
1.606400403174999825e-02
8.882449288159999928e-03
4.021250682460000489e-03
1.637898450295000117e-03
5.774641972199999604e-04
1.469908865651000068e-04
8.399479232310000181e-05
1.049934904035000038e-05
1.049934904035000038e-05
1.049934904035000038e-05
1.049934904035000038e-05
1.049934904035000038e-05
1.049934904035000038e-05
8.399479232310000181e-05
1.469908865651000068e-04
5.774641972199999604e-04
1.637898450295000117e-03
4.021250682460000489e-03
8.882449288159999928e-03
1.606400403174999825e-02
2.452647935829999765e-02
3.296795598675000133e-02
3.355591953300000180e-02
2.931418252069999814e-02
2.161815967410000289e-02
1.504556717484999834e-02
1.021586661627999978e-02
6.835076225290000022e-03
5.102683633615000096e-03
4.787703162404999963e-03
5.449162151945000435e-03
6.247112679010000114e-03
8.420477930355000501e-03
1.250472470706500035e-02
1.874133803704999823e-02
2.728780815590000144e-02
3.778715719625000413e-02
4.866448280209999949e-02
5.665448742180000108e-02
6.282810465749999462e-02
