6.000000000000000000e+01
2.592289278064999897e-02
2.296207635124999924e-02
2.000125992184999951e-02
1.700894544539999914e-02
1.415312250640000068e-02
1.196925790602500032e-02
1.025786401243499943e-02
8.168493553400000065e-03
7.496535214814999473e-03
6.709084036790000441e-03
7.013565158959999928e-03
8.934946033329999385e-03
1.220024358489999947e-02
1.972827684683500088e-02
2.954516819959999985e-02
3.926756541095000053e-02
4.850699256644999680e-02
5.101633698710000137e-02
4.623913317370000053e-02
3.740918063079999578e-02
2.666834656250000046e-02
1.609550207888500034e-02
7.906009827384999356e-03
3.181302759229999617e-03
1.091932300199999943e-03
3.989752635335000160e-04
1.154928394438500008e-04
2.099869808070000077e-05
1.049934904035000038e-05
0.000000000000000000e+00
0.000000000000000000e+00
1.049934904035000038e-05
2.099869808070000077e-05
1.154928394438500008e-04
3.989752635335000160e-04
1.091932300199999943e-03
3.181302759229999617e-03
7.906009827384999356e-03
1.609550207888500034e-02
2.666834656250000046e-02
3.740918063079999578e-02
4.623913317370000053e-02
5.101633698710000137e-02
4.850699256644999680e-02
3.926756541095000053e-02
2.954516819959999985e-02
1.972827684683500088e-02
1.220024358489999947e-02
8.934946033329999385e-03
7.013565158959999928e-03
6.709084036790000441e-03
7.496535214814999473e-03
8.168493553400000065e-03
1.025786401243499943e-02
1.196925790602500032e-02
1.415312250640000068e-02
1.700894544539999914e-02
2.000125992184999951e-02
2.296207635124999924e-02
2.592289278064999897e-02
