6.000000000000000000e+01
0.000000000000000000e+00
2.099869808070000077e-05
2.099869808070000077e-05
4.199739616144999681e-05
1.679895846459999954e-04
6.509596405024999956e-04
2.152366553274999775e-03
6.142119188610000585e-03
1.320818109274999978e-02
2.413800344380000185e-02
3.253748267610000189e-02
3.112007055564999791e-02
2.194363949434999933e-02
1.152828524628999977e-02
4.861198605690000493e-03
1.910881525344999832e-03
8.609466213094999626e-04
3.884759144929999857e-04
1.784889336864999986e-04
1.469908865649999891e-04
1.154928394439499914e-04
1.364915375244999860e-04
4.514720087354999706e-04
1.018436856915000063e-03
2.687833354329999952e-03
9.207929108395001422e-03
2.458947545250000227e-02
6.040275502919999900e-02
1.046260131875000055e-01
1.447440258700000149e-01
1.447440258700000149e-01
1.046260131875000055e-01
6.040275502919999900e-02
2.458947545250000227e-02
9.207929108395001422e-03
2.687833354329999952e-03
1.018436856915000063e-03
4.514720087354999706e-04
1.364915375244999860e-04
1.154928394439499914e-04
1.469908865649999891e-04
1.784889336864999986e-04
3.884759144929999857e-04
8.609466213094999626e-04
1.910881525344999832e-03
4.861198605690000493e-03
1.152828524628999977e-02
2.194363949434999933e-02
3.112007055564999791e-02
3.253748267610000189e-02
2.413800344380000185e-02
1.320818109274999978e-02
6.142119188610000585e-03
2.152366553274999775e-03
6.509596405024999956e-04
1.679895846459999954e-04
4.199739616144999681e-05
2.099869808070000077e-05
2.099869808070000077e-05
0.000000000000000000e+00
