6.000000000000000000e+01
0.000000000000000000e+00
0.000000000000000000e+00
0.000000000000000000e+00
4.199739616140000153e-05
2.414850279285000035e-04
4.934694048970000033e-04
1.900382176305000052e-03
5.953130905884999879e-03
1.457309646805000046e-02
2.468396959389999867e-02
3.038511612280000301e-02
2.886271051194999951e-02
1.883583217839999990e-02
9.228927806490001134e-03
4.283734408469999991e-03
1.637898450295000117e-03
7.874511780270000358e-04
3.359791692915000110e-04
3.359791692915000110e-04
1.574902356054500106e-04
1.574902356054999923e-04
1.889882827264999948e-04
4.094746125744999719e-04
9.869388097934999726e-04
3.307294947710000006e-03
1.015287052203999937e-02
2.689933224139999871e-02
6.179916845155000032e-02
1.092667254630499962e-01
1.440930662300000109e-01
1.440930662300000109e-01
1.092667254630499962e-01
6.179916845155000032e-02
2.689933224139999871e-02
1.015287052203999937e-02
3.307294947710000006e-03
9.869388097934999726e-04
4.094746125744999719e-04
1.889882827264999948e-04
1.574902356054999923e-04
1.574902356054500106e-04
3.359791692915000110e-04
3.359791692915000110e-04
7.874511780270000358e-04
1.637898450295000117e-03
4.283734408469999991e-03
9.228927806490001134e-03
1.883583217839999990e-02
2.886271051194999951e-02
3.038511612280000301e-02
2.468396959389999867e-02
1.457309646805000046e-02
5.953130905884999879e-03
1.900382176305000052e-03
4.934694048970000033e-04
2.414850279285000035e-04
4.199739616140000153e-05
0.000000000000000000e+00
0.000000000000000000e+00
0.000000000000000000e+00
