6.000000000000000000e+01
2.866322288019999918e-03
3.044811221704999977e-03
3.622275418925000046e-03
4.262735710385000092e-03
5.281172567300000155e-03
6.614589895450000319e-03
8.777455797749999719e-03
1.162277938770000033e-02
1.488807693925000078e-02
2.049472932679999998e-02
2.540842467765000098e-02
3.148754777204999800e-02
3.740918063080000272e-02
4.023350552265000241e-02
4.294233757504999777e-02
4.127294107764999803e-02
3.921506866575000250e-02
3.535130821890000025e-02
2.858972743690000110e-02
2.353954054850000005e-02
1.765990508589999897e-02
1.347066481880000027e-02
9.837890050799999800e-03
7.958506572599999274e-03
5.984628952999999744e-03
5.197177774999999812e-03
3.905757843014999973e-03
3.433287136200000207e-03
3.191802108269999830e-03
2.435848977365000136e-03
2.435848977365000136e-03
3.191802108269999830e-03
3.433287136200000207e-03
3.905757843014999973e-03
5.197177774999999812e-03
5.984628952999999744e-03
7.958506572599999274e-03
9.837890050799999800e-03
1.347066481880000027e-02
1.765990508589999897e-02
2.353954054850000005e-02
2.858972743690000110e-02
3.535130821890000025e-02
3.921506866575000250e-02
4.127294107764999803e-02
4.294233757504999777e-02
4.023350552265000241e-02
3.740918063080000272e-02
3.148754777204999800e-02
2.540842467765000098e-02
2.049472932679999998e-02
1.488807693925000078e-02
1.162277938770000033e-02
8.777455797749999719e-03
6.614589895450000319e-03
5.281172567300000155e-03
4.262735710385000092e-03
3.622275418925000046e-03
3.044811221704999977e-03
2.866322288019999918e-03
