6.000000000000000000e+01
0.000000000000000000e+00
3.149804712104999776e-05
5.249674520180000058e-05
9.449414136309999802e-05
2.939817731299999783e-04
9.344420645905000041e-04
3.569778673719999941e-03
8.409978581330000008e-03
1.875183738609999956e-02
3.082608878249999684e-02
3.435387006005000132e-02
2.681533744905000016e-02
1.635798580489999932e-02
7.990004619715000006e-03
3.013313174585000205e-03
1.175927092520000130e-03
3.149804712105000047e-04
2.309856788879999733e-04
1.259921884840000100e-04
1.154928394441000043e-04
5.249674520200000200e-05
1.364915375249999929e-04
1.679895846456000061e-04
7.139557347445000006e-04
2.404350930242000160e-03
8.011003317809999719e-03
2.335055226574999851e-02
5.795640670280000073e-02
1.070093654193499944e-01
1.467389021880000088e-01
1.467389021880000088e-01
1.070093654193499944e-01
5.795640670280000073e-02
2.335055226574999851e-02
8.011003317809999719e-03
2.404350930242000160e-03
7.139557347445000006e-04
1.679895846456000061e-04
1.364915375249999929e-04
5.249674520200000200e-05
1.154928394441000043e-04
1.259921884840000100e-04
2.309856788879999733e-04
3.149804712105000047e-04
1.175927092520000130e-03
3.013313174585000205e-03
7.990004619715000006e-03
1.635798580489999932e-02
2.681533744905000016e-02
3.435387006005000132e-02
3.082608878249999684e-02
1.875183738609999956e-02
8.409978581330000008e-03
3.569778673719999941e-03
9.344420645905000041e-04
2.939817731299999783e-04
9.449414136309999802e-05
5.249674520180000058e-05
3.149804712104999776e-05
0.000000000000000000e+00
