6.000000000000000000e+01
4.714207719120000299e-03
5.123682331699999995e-03
5.417664104850000197e-03
6.320608122300000117e-03
6.698584687749999794e-03
7.769518289850000335e-03
9.690899164250000100e-03
1.265171559364999983e-02
1.601150728655000022e-02
1.992776447860000050e-02
2.479946243334999953e-02
2.923018772834999959e-02
3.593927176515000071e-02
3.839611944060000032e-02
3.775565914915000182e-02
3.716769560284999968e-02
3.435387006005000132e-02
3.133005753644999697e-02
2.605938431815000081e-02
2.107219352399999912e-02
1.667296627610000137e-02
1.436310948719999973e-02
1.089832430389999982e-02
9.848389399849999393e-03
8.714459703500000362e-03
7.307546932100000316e-03
5.974129603950000152e-03
5.470160850049999961e-03
5.249674520199999576e-03
5.071185586500000231e-03
5.071185586500000231e-03
5.249674520199999576e-03
5.470160850049999961e-03
5.974129603950000152e-03
7.307546932100000316e-03
8.714459703500000362e-03
9.848389399849999393e-03
1.089832430389999982e-02
1.436310948719999973e-02
1.667296627610000137e-02
2.107219352399999912e-02
2.605938431815000081e-02
3.133005753644999697e-02
3.435387006005000132e-02
3.716769560284999968e-02
3.775565914915000182e-02
3.839611944060000032e-02
3.593927176515000071e-02
2.923018772834999959e-02
2.479946243334999953e-02
1.992776447860000050e-02
1.601150728655000022e-02
1.265171559364999983e-02
9.690899164250000100e-03
7.769518289850000335e-03
6.698584687749999794e-03
6.320608122300000117e-03
5.417664104850000197e-03
5.123682331699999995e-03
4.714207719120000299e-03
