6.000000000000000000e+01
1.380664398804999984e-02
2.442148586790000159e-02
3.798664482800000186e-02
5.137331485450000179e-02
6.166267691400000028e-02
6.902272059149999750e-02
7.108059300300000050e-02
6.688085338700000548e-02
5.021838646000000017e-02
2.835874175799999938e-02
1.160178068959999940e-02
3.370291041954999890e-03
5.249674520199999793e-04
8.399479232299999771e-05
1.049934904035000038e-05
0.000000000000000000e+00
0.000000000000000000e+00
0.000000000000000000e+00
0.000000000000000000e+00
0.000000000000000000e+00
0.000000000000000000e+00
0.000000000000000000e+00
0.000000000000000000e+00
1.049934904035000038e-05
0.000000000000000000e+00
4.199739616144999681e-05
1.784889336859999916e-04
8.504472722700000004e-04
2.162865902314999988e-03
6.352106169399999828e-03
6.352106169399999828e-03
2.162865902314999988e-03
8.504472722700000004e-04
1.784889336859999916e-04
4.199739616144999681e-05
0.000000000000000000e+00
1.049934904035000038e-05
0.000000000000000000e+00
0.000000000000000000e+00
0.000000000000000000e+00
0.000000000000000000e+00
0.000000000000000000e+00
0.000000000000000000e+00
0.000000000000000000e+00
0.000000000000000000e+00
1.049934904035000038e-05
8.399479232299999771e-05
5.249674520199999793e-04
3.370291041954999890e-03
1.160178068959999940e-02
2.835874175799999938e-02
5.021838646000000017e-02
6.688085338700000548e-02
7.108059300300000050e-02
6.902272059149999750e-02
6.166267691400000028e-02
5.137331485450000179e-02
3.798664482800000186e-02
2.442148586790000159e-02
1.380664398804999984e-02
