6.000000000000000000e+01
2.099869808070000077e-05
2.099869808070000077e-05
3.149804712104999776e-05
9.449414136319998856e-05
2.624837260089999758e-04
9.554407626719998818e-04
2.855822938979999705e-03
7.370543026335000386e-03
1.786989206669999802e-02
3.653773466045000251e-02
6.116920750915000315e-02
7.344294653704999676e-02
6.407752719334999791e-02
3.788165133765000053e-02
1.784889336862000020e-02
6.845575574314999648e-03
2.677334005290000173e-03
1.039435554994500022e-03
5.774641972199999604e-04
3.569778673719999833e-04
4.094746125739500103e-04
4.304733106548499989e-04
5.354668010579999478e-04
1.217924488683499919e-03
2.225861996559999872e-03
6.047625047244999628e-03
1.316618369659500014e-02
2.778127756080000024e-02
4.822351014240000566e-02
6.802528243250000051e-02
6.802528243250000051e-02
4.822351014240000566e-02
2.778127756080000024e-02
1.316618369659500014e-02
6.047625047244999628e-03
2.225861996559999872e-03
1.217924488683499919e-03
5.354668010579999478e-04
4.304733106548499989e-04
4.094746125739500103e-04
3.569778673719999833e-04
5.774641972199999604e-04
1.039435554994500022e-03
2.677334005290000173e-03
6.845575574314999648e-03
1.784889336862000020e-02
3.788165133765000053e-02
6.407752719334999791e-02
7.344294653704999676e-02
6.116920750915000315e-02
3.653773466045000251e-02
1.786989206669999802e-02
7.370543026335000386e-03
2.855822938979999705e-03
9.554407626719998818e-04
2.624837260089999758e-04
9.449414136319998856e-05
3.149804712104999776e-05
2.099869808070000077e-05
2.099869808070000077e-05
