6.000000000000000000e+01
0.000000000000000000e+00
2.099869808070000077e-05
2.099869808070000077e-05
1.049934904036000012e-04
3.044811221705000085e-04
9.239427155519998932e-04
2.834824240894999806e-03
8.367981185165001418e-03
1.981227163915000311e-02
3.605476460459999810e-02
4.792952836925000459e-02
4.672210322959999967e-02
3.425937591869999965e-02
1.851035235814999999e-02
8.630464911175000919e-03
3.212800806349999823e-03
1.301919281004999991e-03
5.774641972195000347e-04
2.519843769684999998e-04
2.729830750495000060e-04
1.784889336864999986e-04
1.364915375244999860e-04
3.464785183315000072e-04
9.344420645919999978e-04
2.677334005290000173e-03
7.633026752340000415e-03
1.949729116795000106e-02
4.530469110915000264e-02
8.177942967534999885e-02
1.113980933185000077e-01
1.113980933185000077e-01
8.177942967534999885e-02
4.530469110915000264e-02
1.949729116795000106e-02
7.633026752340000415e-03
2.677334005290000173e-03
9.344420645919999978e-04
3.464785183315000072e-04
1.364915375244999860e-04
1.784889336864999986e-04
2.729830750495000060e-04
2.519843769684999998e-04
5.774641972195000347e-04
1.301919281004999991e-03
3.212800806349999823e-03
8.630464911175000919e-03
1.851035235814999999e-02
3.425937591869999965e-02
4.672210322959999967e-02
4.792952836925000459e-02
3.605476460459999810e-02
1.981227163915000311e-02
8.367981185165001418e-03
2.834824240894999806e-03
9.239427155519998932e-04
3.044811221705000085e-04
1.049934904036000012e-04
2.099869808070000077e-05
2.099869808070000077e-05
0.000000000000000000e+00
