6.000000000000000000e+01
2.498845071610000107e-02
2.247910629540000177e-02
2.067321826050000019e-02
1.779639662340000081e-02
1.669396497420000056e-02
1.630548905970000129e-02
1.557053462685000118e-02
1.553903657970000067e-02
1.377514594095000100e-02
1.257822015035000088e-02
1.234723447144999917e-02
1.141279240685499907e-02
1.333417328125000023e-02
1.705094284150000111e-02
2.332955356770000099e-02
3.030112133050000267e-02
3.746167737600000075e-02
3.960354458024999830e-02
3.872159926085000370e-02
3.156104321529999701e-02
2.575490319599999661e-02
1.860484649953499797e-02
1.130779891648000038e-02
6.730082734889999627e-03
3.044811221705500011e-03
1.690395195496499983e-03
7.664524799475000774e-04
3.149804712109500028e-04
1.469908865649499803e-04
1.154928394439499914e-04
1.154928394439499914e-04
1.469908865649499803e-04
3.149804712109500028e-04
7.664524799475000774e-04
1.690395195496499983e-03
3.044811221705500011e-03
6.730082734889999627e-03
1.130779891648000038e-02
1.860484649953499797e-02
2.575490319599999661e-02
3.156104321529999701e-02
3.872159926085000370e-02
3.960354458024999830e-02
3.746167737600000075e-02
3.030112133050000267e-02
2.332955356770000099e-02
1.705094284150000111e-02
1.333417328125000023e-02
1.141279240685499907e-02
1.234723447144999917e-02
1.257822015035000088e-02
1.377514594095000100e-02
1.553903657970000067e-02
1.557053462685000118e-02
1.630548905970000129e-02
1.669396497420000056e-02
1.779639662340000081e-02
2.067321826050000019e-02
2.247910629540000177e-02
2.498845071610000107e-02
