6.000000000000000000e+01
2.939817731300000108e-03
3.464785183319999979e-03
4.052748729579999827e-03
5.102683633599999942e-03
6.740582083899999966e-03
9.617403720949999416e-03
1.301919281004999991e-02
1.814287514174999991e-02
2.264709588005000065e-02
2.689933224139999871e-02
3.183402629035000236e-02
3.659023140565000054e-02
3.896308428874999813e-02
3.924656671284999787e-02
3.887908949644999779e-02
3.588677501995000269e-02
3.133005753644999697e-02
2.787577170214999844e-02
2.351854185040000086e-02
1.918231069674999900e-02
1.545504178740000033e-02
1.131829826549999966e-02
8.619965562150000427e-03
6.551593801200000095e-03
5.281172567300000155e-03
4.294233757505000297e-03
3.832262399729999876e-03
3.160304061150000059e-03
2.698332703370000165e-03
2.855822938980000138e-03
2.855822938980000138e-03
2.698332703370000165e-03
3.160304061150000059e-03
3.832262399729999876e-03
4.294233757505000297e-03
5.281172567300000155e-03
6.551593801200000095e-03
8.619965562150000427e-03
1.131829826549999966e-02
1.545504178740000033e-02
1.918231069674999900e-02
2.351854185040000086e-02
2.787577170214999844e-02
3.133005753644999697e-02
3.588677501995000269e-02
3.887908949644999779e-02
3.924656671284999787e-02
3.896308428874999813e-02
3.659023140565000054e-02
3.183402629035000236e-02
2.689933224139999871e-02
2.264709588005000065e-02
1.814287514174999991e-02
1.301919281004999991e-02
9.617403720949999416e-03
6.740582083899999966e-03
5.102683633599999942e-03
4.052748729579999827e-03
3.464785183319999979e-03
2.939817731300000108e-03
