6.000000000000000000e+01
2.215362647515000186e-03
2.981815127460000093e-03
4.556717483514999799e-03
7.192054092650000327e-03
1.074083406830000052e-02
1.433161144009999916e-02
2.101969677880000109e-02
2.561841165850000171e-02
3.239049178950000052e-02
3.991852505145000035e-02
4.255386166059999670e-02
4.517869892064999698e-02
4.315232455589999849e-02
3.924656671284999787e-02
3.368191172144999884e-02
2.890470790809999968e-02
2.329805552055000048e-02
1.915081264959999849e-02
1.414262315734999935e-02
1.115030868085000078e-02
9.176431061250000382e-03
6.635588593499999570e-03
4.651211624879999888e-03
3.706270211245000015e-03
3.317794296755000125e-03
2.635336609130000188e-03
2.288858090799999849e-03
2.036873713830000127e-03
2.026374364789999914e-03
2.099869808070000104e-03
2.099869808070000104e-03
2.026374364789999914e-03
2.036873713830000127e-03
2.288858090799999849e-03
2.635336609130000188e-03
3.317794296755000125e-03
3.706270211245000015e-03
4.651211624879999888e-03
6.635588593499999570e-03
9.176431061250000382e-03
1.115030868085000078e-02
1.414262315734999935e-02
1.915081264959999849e-02
2.329805552055000048e-02
2.890470790809999968e-02
3.368191172144999884e-02
3.924656671284999787e-02
4.315232455589999849e-02
4.517869892064999698e-02
4.255386166059999670e-02
3.991852505145000035e-02
3.239049178950000052e-02
2.561841165850000171e-02
2.101969677880000109e-02
1.433161144009999916e-02
1.074083406830000052e-02
7.192054092650000327e-03
4.556717483514999799e-03
2.981815127460000093e-03
2.215362647515000186e-03
