6.000000000000000000e+01
0.000000000000000000e+00
0.000000000000000000e+00
0.000000000000000000e+00
0.000000000000000000e+00
0.000000000000000000e+00
8.399479232310000181e-05
2.519843769684999998e-04
7.244550837849999224e-04
2.435848977359999796e-03
4.703708370080000520e-03
7.843013733160000833e-03
1.192726050986500121e-02
1.539204569316499939e-02
1.800638360423999912e-02
1.463609256224999988e-02
1.159128134057199958e-02
7.045063206084500006e-03
3.989752635338000147e-03
2.341354836001999749e-03
1.543404308931450039e-03
1.312418630042999851e-03
9.974381588340000028e-04
1.385914073326999880e-03
2.047373062871500008e-03
4.997690143210000227e-03
1.120280542608500032e-02
2.702532442990000089e-02
6.413002393854999594e-02
1.195350888245000076e-01
1.648502792825000118e-01
1.648502792825000118e-01
1.195350888245000076e-01
6.413002393854999594e-02
2.702532442990000089e-02
1.120280542608500032e-02
4.997690143210000227e-03
2.047373062871500008e-03
1.385914073326999880e-03
9.974381588340000028e-04
1.312418630042999851e-03
1.543404308931450039e-03
2.341354836001999749e-03
3.989752635338000147e-03
7.045063206084500006e-03
1.159128134057199958e-02
1.463609256224999988e-02
1.800638360423999912e-02
1.539204569316499939e-02
1.192726050986500121e-02
7.843013733160000833e-03
4.703708370080000520e-03
2.435848977359999796e-03
7.244550837849999224e-04
2.519843769684999998e-04
8.399479232310000181e-05
0.000000000000000000e+00
0.000000000000000000e+00
0.000000000000000000e+00
0.000000000000000000e+00
0.000000000000000000e+00
