6.000000000000000000e+01
0.000000000000000000e+00
1.049934904035000038e-05
2.099869808070000077e-05
1.049934904035000038e-05
8.399479232270001252e-05
1.574902356054999923e-04
2.624837260089999758e-04
8.924446684299999853e-04
2.194363949434500159e-03
5.585653689469999642e-03
1.027886271048999989e-02
1.644198059722000102e-02
2.162865902312000044e-02
2.624837260089999888e-02
2.774977951364999973e-02
2.832724371084999887e-02
2.805426063584999866e-02
2.683633614715000282e-02
2.296207635130000091e-02
1.998026122379999853e-02
1.764940573684999764e-02
1.715593633194999884e-02
1.657847213474999970e-02
1.853135105624999918e-02
2.135567594809999886e-02
2.576540254505000141e-02
2.962916299190000019e-02
3.504682709669999785e-02
3.933056150515000515e-02
4.123094368150000133e-02
4.123094368150000133e-02
3.933056150515000515e-02
3.504682709669999785e-02
2.962916299190000019e-02
2.576540254505000141e-02
2.135567594809999886e-02
1.853135105624999918e-02
1.657847213474999970e-02
1.715593633194999884e-02
1.764940573684999764e-02
1.998026122379999853e-02
2.296207635130000091e-02
2.683633614715000282e-02
2.805426063584999866e-02
2.832724371084999887e-02
2.774977951364999973e-02
2.624837260089999888e-02
2.162865902312000044e-02
1.644198059722000102e-02
1.027886271048999989e-02
5.585653689469999642e-03
2.194363949434500159e-03
8.924446684299999853e-04
2.624837260089999758e-04
1.574902356054999923e-04
8.399479232270001252e-05
1.049934904035000038e-05
2.099869808070000077e-05
1.049934904035000038e-05
0.000000000000000000e+00
