6.000000000000000000e+01
0.000000000000000000e+00
0.000000000000000000e+00
1.049934904035000038e-05
6.299609424215000435e-05
1.469908865649999891e-04
7.874511780284999211e-04
1.847885431105000071e-03
5.680147830834999731e-03
1.389063878040000012e-02
2.498845071604999940e-02
3.436436940910000265e-02
3.655873335855000517e-02
3.076309268824999749e-02
2.168115576835000224e-02
1.340766872449999925e-02
7.486035865774999694e-03
3.328293645794999905e-03
1.847885431099999948e-03
1.070933602116999964e-03
7.034563857045000044e-04
5.144681029774999213e-04
5.669648481795000385e-04
1.039435554996999975e-03
1.931880223425000041e-03
4.241737012304999666e-03
1.126580152029000095e-02
2.569190710175000072e-02
5.064885977070000128e-02
8.904497921130000160e-02
1.164272815084999996e-01
1.164272815084999996e-01
8.904497921130000160e-02
5.064885977070000128e-02
2.569190710175000072e-02
1.126580152029000095e-02
4.241737012304999666e-03
1.931880223425000041e-03
1.039435554996999975e-03
5.669648481795000385e-04
5.144681029774999213e-04
7.034563857045000044e-04
1.070933602116999964e-03
1.847885431099999948e-03
3.328293645794999905e-03
7.486035865774999694e-03
1.340766872449999925e-02
2.168115576835000224e-02
3.076309268824999749e-02
3.655873335855000517e-02
3.436436940910000265e-02
2.498845071604999940e-02
1.389063878040000012e-02
5.680147830834999731e-03
1.847885431105000071e-03
7.874511780284999211e-04
1.469908865649999891e-04
6.299609424215000435e-05
1.049934904035000038e-05
0.000000000000000000e+00
0.000000000000000000e+00
