6.000000000000000000e+01
0.000000000000000000e+00
0.000000000000000000e+00
0.000000000000000000e+00
4.199739616144999681e-05
1.259921884844500081e-04
2.624837260089999758e-04
1.049934904039999959e-03
3.328293645795000338e-03
8.178992902440000712e-03
1.575952290954999932e-02
2.340304901095000001e-02
2.490445592369999739e-02
2.245810759729999911e-02
1.541304439124999842e-02
8.178992902440000712e-03
4.483222040234999609e-03
2.309856788874999935e-03
8.504472722689999323e-04
5.669648481795000385e-04
5.669648481795000385e-04
4.619713577760000008e-04
7.559531309059999791e-04
1.259921884845000006e-03
2.299357439835000155e-03
5.963630254925000526e-03
1.378564528995000066e-02
3.253748267605000022e-02
6.448700180590000164e-02
1.075973289655000054e-01
1.389693838980000096e-01
1.389693838980000096e-01
1.075973289655000054e-01
6.448700180590000164e-02
3.253748267605000022e-02
1.378564528995000066e-02
5.963630254925000526e-03
2.299357439835000155e-03
1.259921884845000006e-03
7.559531309059999791e-04
4.619713577760000008e-04
5.669648481795000385e-04
5.669648481795000385e-04
8.504472722689999323e-04
2.309856788874999935e-03
4.483222040234999609e-03
8.178992902440000712e-03
1.541304439124999842e-02
2.245810759729999911e-02
2.490445592369999739e-02
2.340304901095000001e-02
1.575952290954999932e-02
8.178992902440000712e-03
3.328293645795000338e-03
1.049934904039999959e-03
2.624837260089999758e-04
1.259921884844500081e-04
4.199739616144999681e-05
0.000000000000000000e+00
0.000000000000000000e+00
0.000000000000000000e+00
