6.000000000000000000e+01
0.000000000000000000e+00
0.000000000000000000e+00
0.000000000000000000e+00
0.000000000000000000e+00
0.000000000000000000e+00
1.049934904035000038e-05
5.249674520180000058e-05
2.309856788879499916e-04
8.819453193895000634e-04
2.561841165846000159e-03
5.291671916339999934e-03
9.092436268934999885e-03
1.011087312588000026e-02
8.136995506299999487e-03
5.459661500985000214e-03
2.572340514890000211e-03
1.375414724287999952e-03
4.934694048964999693e-04
3.464785183319999871e-04
2.939817731299999783e-04
2.834824240895000022e-04
4.829700558564999731e-04
9.659401117110000268e-04
2.267859392714999950e-03
6.992566460879999501e-03
1.866784259379999922e-02
4.320482130104999485e-02
8.302885221115000047e-02
1.310318760239999880e-01
1.661626979124999903e-01
1.661626979124999903e-01
1.310318760239999880e-01
8.302885221115000047e-02
4.320482130104999485e-02
1.866784259379999922e-02
6.992566460879999501e-03
2.267859392714999950e-03
9.659401117110000268e-04
4.829700558564999731e-04
2.834824240895000022e-04
2.939817731299999783e-04
3.464785183319999871e-04
4.934694048964999693e-04
1.375414724287999952e-03
2.572340514890000211e-03
5.459661500985000214e-03
8.136995506299999487e-03
1.011087312588000026e-02
9.092436268934999885e-03
5.291671916339999934e-03
2.561841165846000159e-03
8.819453193895000634e-04
2.309856788879499916e-04
5.249674520180000058e-05
1.049934904035000038e-05
0.000000000000000000e+00
0.000000000000000000e+00
0.000000000000000000e+00
0.000000000000000000e+00
0.000000000000000000e+00
