6.000000000000000000e+01
1.049934904035000038e-05
0.000000000000000000e+00
1.049934904035000038e-05
1.049934904035000038e-05
3.149804712104999776e-05
2.414850279280000237e-04
8.714459703514999865e-04
2.173365251355000201e-03
6.184116584769999703e-03
1.205325269834999977e-02
1.941329637559999904e-02
2.392801646300000279e-02
2.158666162700000057e-02
1.484607954309999887e-02
8.525471420774999656e-03
4.472722691195000697e-03
2.236361345594999744e-03
1.133929696359999928e-03
8.609466213119999160e-04
5.039687539375000335e-04
5.459661500984999780e-04
6.614589895424999918e-04
1.228423837725000018e-03
2.341354836000000047e-03
5.848137415480000011e-03
1.509806392004999984e-02
3.475284532359999845e-02
6.720633320730000360e-02
1.105581453950000015e-01
1.426651547605000125e-01
1.426651547605000125e-01
1.105581453950000015e-01
6.720633320730000360e-02
3.475284532359999845e-02
1.509806392004999984e-02
5.848137415480000011e-03
2.341354836000000047e-03
1.228423837725000018e-03
6.614589895424999918e-04
5.459661500984999780e-04
5.039687539375000335e-04
8.609466213119999160e-04
1.133929696359999928e-03
2.236361345594999744e-03
4.472722691195000697e-03
8.525471420774999656e-03
1.484607954309999887e-02
2.158666162700000057e-02
2.392801646300000279e-02
1.941329637559999904e-02
1.205325269834999977e-02
6.184116584769999703e-03
2.173365251355000201e-03
8.714459703514999865e-04
2.414850279280000237e-04
3.149804712104999776e-05
1.049934904035000038e-05
1.049934904035000038e-05
0.000000000000000000e+00
1.049934904035000038e-05
