6.000000000000000000e+01
0.000000000000000000e+00
0.000000000000000000e+00
1.049934904035000038e-05
1.049934904035000038e-05
1.154928394440000002e-04
4.199739616145000223e-04
1.165427743479999917e-03
2.792826844734999821e-03
6.236613329949999840e-03
1.037335685190000044e-02
1.762840703874034992e-02
2.619587585570000085e-02
3.718869430095000234e-02
4.507370543025000093e-02
4.868548150015000048e-02
5.141531225050000042e-02
5.038637604449999752e-02
4.659611104110000096e-02
3.991852505145000035e-02
3.433287136200000034e-02
2.725631010875000093e-02
2.119818571250000130e-02
1.472008735460000016e-02
9.617403720949999416e-03
5.228675822100000391e-03
2.383352232160000032e-03
7.559531309050000194e-04
2.519843769684999998e-04
4.199739616144999681e-05
0.000000000000000000e+00
0.000000000000000000e+00
4.199739616144999681e-05
2.519843769684999998e-04
7.559531309050000194e-04
2.383352232160000032e-03
5.228675822100000391e-03
9.617403720949999416e-03
1.472008735460000016e-02
2.119818571250000130e-02
2.725631010875000093e-02
3.433287136200000034e-02
3.991852505145000035e-02
4.659611104110000096e-02
5.038637604449999752e-02
5.141531225050000042e-02
4.868548150015000048e-02
4.507370543025000093e-02
3.718869430095000234e-02
2.619587585570000085e-02
1.762840703874034992e-02
1.037335685190000044e-02
6.236613329949999840e-03
2.792826844734999821e-03
1.165427743479999917e-03
4.199739616145000223e-04
1.154928394440000002e-04
1.049934904035000038e-05
1.049934904035000038e-05
0.000000000000000000e+00
0.000000000000000000e+00
