6.000000000000000000e+01
0.000000000000000000e+00
0.000000000000000000e+00
0.000000000000000000e+00
0.000000000000000000e+00
0.000000000000000000e+00
1.994876317669999979e-04
9.659401117149999738e-04
4.430725295030000371e-03
1.478308344884999952e-02
3.410188568309999863e-02
5.973079669050000012e-02
7.870312040650000174e-02
8.635714585699999502e-02
7.526983327050000561e-02
5.604552517749999963e-02
3.776615849815000148e-02
2.404350930239999851e-02
1.421611860065000003e-02
7.780017638899999928e-03
3.370291041954999890e-03
1.427911469490000069e-03
6.509596405000000422e-04
1.154928394440000002e-04
4.199739616144999681e-05
0.000000000000000000e+00
0.000000000000000000e+00
0.000000000000000000e+00
0.000000000000000000e+00
0.000000000000000000e+00
0.000000000000000000e+00
0.000000000000000000e+00
0.000000000000000000e+00
0.000000000000000000e+00
0.000000000000000000e+00
0.000000000000000000e+00
0.000000000000000000e+00
4.199739616144999681e-05
1.154928394440000002e-04
6.509596405000000422e-04
1.427911469490000069e-03
3.370291041954999890e-03
7.780017638899999928e-03
1.421611860065000003e-02
2.404350930239999851e-02
3.776615849815000148e-02
5.604552517749999963e-02
7.526983327050000561e-02
8.635714585699999502e-02
7.870312040650000174e-02
5.973079669050000012e-02
3.410188568309999863e-02
1.478308344884999952e-02
4.430725295030000371e-03
9.659401117149999738e-04
1.994876317669999979e-04
0.000000000000000000e+00
0.000000000000000000e+00
0.000000000000000000e+00
0.000000000000000000e+00
0.000000000000000000e+00
