6.000000000000000000e+01
0.000000000000000000e+00
0.000000000000000000e+00
0.000000000000000000e+00
6.299609424200000498e-05
2.729830750495000060e-04
1.270421233885000003e-03
5.648649783700000239e-03
1.879383478224034773e-02
4.365629330982109813e-02
6.879173491224199743e-02
6.232413590337200493e-02
3.544580236026500381e-02
1.154928394440000138e-02
5.900634160685000115e-03
8.252488345728500180e-03
1.621099491833069908e-02
2.927218512449999976e-02
4.208139095374999888e-02
5.153080508999999948e-02
4.700558565369999942e-02
2.967116038805000036e-02
1.454159842089999995e-02
5.554155642350000303e-03
1.648397799334999896e-03
3.884759144935000198e-04
1.154928394440000002e-04
1.049934904035000038e-05
0.000000000000000000e+00
0.000000000000000000e+00
0.000000000000000000e+00
0.000000000000000000e+00
0.000000000000000000e+00
0.000000000000000000e+00
1.049934904035000038e-05
1.154928394440000002e-04
3.884759144935000198e-04
1.648397799334999896e-03
5.554155642350000303e-03
1.454159842089999995e-02
2.967116038805000036e-02
4.700558565369999942e-02
5.153080508999999948e-02
4.208139095374999888e-02
2.927218512449999976e-02
1.621099491833069908e-02
8.252488345728500180e-03
5.900634160685000115e-03
1.154928394440000138e-02
3.544580236026500381e-02
6.232413590337200493e-02
6.879173491224199743e-02
4.365629330982109813e-02
1.879383478224034773e-02
5.648649783700000239e-03
1.270421233885000003e-03
2.729830750495000060e-04
6.299609424200000498e-05
0.000000000000000000e+00
0.000000000000000000e+00
0.000000000000000000e+00
