6.000000000000000000e+01
0.000000000000000000e+00
0.000000000000000000e+00
0.000000000000000000e+00
0.000000000000000000e+00
0.000000000000000000e+00
1.049934904035000038e-05
4.199739616144999681e-05
1.259921884844999898e-04
3.464785183319999871e-04
8.714459703499999928e-04
1.658897148374999892e-03
3.758766956450000120e-03
6.446600310799999699e-03
9.123934316050000617e-03
1.365965310150000014e-02
1.728192852045000102e-02
2.482046113140000052e-02
3.306245012810000300e-02
4.622863382470000088e-02
6.056024526499999977e-02
7.254000251999999371e-02
7.474486581849999756e-02
6.169417496099999926e-02
4.044349250345000146e-02
2.073621435470000135e-02
8.315484439949999765e-03
2.519843769685000106e-03
8.189492251500000118e-04
1.679895846459999954e-04
2.099869808070000077e-05
2.099869808070000077e-05
1.679895846459999954e-04
8.189492251500000118e-04
2.519843769685000106e-03
8.315484439949999765e-03
2.073621435470000135e-02
4.044349250345000146e-02
6.169417496099999926e-02
7.474486581849999756e-02
7.254000251999999371e-02
6.056024526499999977e-02
4.622863382470000088e-02
3.306245012810000300e-02
2.482046113140000052e-02
1.728192852045000102e-02
1.365965310150000014e-02
9.123934316050000617e-03
6.446600310799999699e-03
3.758766956450000120e-03
1.658897148374999892e-03
8.714459703499999928e-04
3.464785183319999871e-04
1.259921884844999898e-04
4.199739616144999681e-05
1.049934904035000038e-05
0.000000000000000000e+00
0.000000000000000000e+00
0.000000000000000000e+00
0.000000000000000000e+00
0.000000000000000000e+00
