6.000000000000000000e+01
1.049934904035000038e-05
0.000000000000000000e+00
3.149804712109999981e-05
2.939817731299999783e-04
1.081432951155000041e-03
4.010751333415000369e-03
1.275670908404034909e-02
3.138255428161144944e-02
5.821889042886299603e-02
8.462475326542850951e-02
9.579606064434750823e-02
7.998404098940349594e-02
5.387215992612109927e-02
3.075259333919999963e-02
1.510856326909999943e-02
8.126496157249999894e-03
4.598714879674999784e-03
2.939817731300000108e-03
2.593339212970000203e-03
2.194363949435000193e-03
2.204863298474999973e-03
2.446348326404999916e-03
2.005375666709999921e-03
1.742891940699999986e-03
1.417412120450000073e-03
9.239427155499999739e-04
6.089622443399999490e-04
1.574902356054999923e-04
8.399479232299999771e-05
3.149804712109999981e-05
3.149804712109999981e-05
8.399479232299999771e-05
1.574902356054999923e-04
6.089622443399999490e-04
9.239427155499999739e-04
1.417412120450000073e-03
1.742891940699999986e-03
2.005375666709999921e-03
2.446348326404999916e-03
2.204863298474999973e-03
2.194363949435000193e-03
2.593339212970000203e-03
2.939817731300000108e-03
4.598714879674999784e-03
8.126496157249999894e-03
1.510856326909999943e-02
3.075259333919999963e-02
5.387215992612109927e-02
7.998404098940349594e-02
9.579606064434750823e-02
8.462475326542850951e-02
5.821889042886299603e-02
3.138255428161144944e-02
1.275670908404034909e-02
4.010751333415000369e-03
1.081432951155000041e-03
2.939817731299999783e-04
3.149804712109999981e-05
0.000000000000000000e+00
1.049934904035000038e-05
