6.000000000000000000e+01
0.000000000000000000e+00
0.000000000000000000e+00
1.049934904035000038e-05
2.099869808070000077e-05
1.154928394440000002e-04
1.228423837719999894e-03
7.349544328249999620e-03
3.133005753644999697e-02
7.728570828599999609e-02
1.231048674979999952e-01
1.261601780690000119e-01
8.270337239099999349e-02
3.627525093444999849e-02
1.121330477510000014e-02
2.614337911050000195e-03
4.409726596949999945e-04
1.364915375245000131e-04
0.000000000000000000e+00
1.049934904035000038e-05
0.000000000000000000e+00
0.000000000000000000e+00
0.000000000000000000e+00
0.000000000000000000e+00
0.000000000000000000e+00
0.000000000000000000e+00
0.000000000000000000e+00
0.000000000000000000e+00
0.000000000000000000e+00
0.000000000000000000e+00
0.000000000000000000e+00
0.000000000000000000e+00
0.000000000000000000e+00
0.000000000000000000e+00
0.000000000000000000e+00
0.000000000000000000e+00
0.000000000000000000e+00
0.000000000000000000e+00
0.000000000000000000e+00
0.000000000000000000e+00
0.000000000000000000e+00
0.000000000000000000e+00
1.049934904035000038e-05
0.000000000000000000e+00
1.364915375245000131e-04
4.409726596949999945e-04
2.614337911050000195e-03
1.121330477510000014e-02
3.627525093444999849e-02
8.270337239099999349e-02
1.261601780690000119e-01
1.231048674979999952e-01
7.728570828599999609e-02
3.133005753644999697e-02
7.349544328249999620e-03
1.228423837719999894e-03
1.154928394440000002e-04
2.099869808070000077e-05
1.049934904035000038e-05
0.000000000000000000e+00
0.000000000000000000e+00
