6.000000000000000000e+01
0.000000000000000000e+00
0.000000000000000000e+00
0.000000000000000000e+00
0.000000000000000000e+00
5.249674520200000200e-05
1.049934904034999971e-04
7.139557347450000346e-04
3.916257192054999753e-03
1.331317458319999925e-02
3.633824702869999784e-02
6.675486119850000677e-02
9.393767586399999481e-02
9.810591743299999778e-02
7.816765360550000097e-02
5.170929402399999930e-02
2.892570660619999887e-02
1.478308344884999952e-02
7.265549535950000144e-03
3.454285834280000200e-03
1.417412120450000073e-03
6.509596405000000422e-04
1.994876317669999979e-04
9.449414136299999392e-05
3.149804712109999981e-05
4.199739616144999681e-05
2.099869808070000077e-05
0.000000000000000000e+00
0.000000000000000000e+00
0.000000000000000000e+00
0.000000000000000000e+00
0.000000000000000000e+00
0.000000000000000000e+00
0.000000000000000000e+00
0.000000000000000000e+00
2.099869808070000077e-05
4.199739616144999681e-05
3.149804712109999981e-05
9.449414136299999392e-05
1.994876317669999979e-04
6.509596405000000422e-04
1.417412120450000073e-03
3.454285834280000200e-03
7.265549535950000144e-03
1.478308344884999952e-02
2.892570660619999887e-02
5.170929402399999930e-02
7.816765360550000097e-02
9.810591743299999778e-02
9.393767586399999481e-02
6.675486119850000677e-02
3.633824702869999784e-02
1.331317458319999925e-02
3.916257192054999753e-03
7.139557347450000346e-04
1.049934904034999971e-04
5.249674520200000200e-05
0.000000000000000000e+00
0.000000000000000000e+00
0.000000000000000000e+00
0.000000000000000000e+00
