6.000000000000000000e+01
0.000000000000000000e+00
0.000000000000000000e+00
0.000000000000000000e+00
0.000000000000000000e+00
0.000000000000000000e+00
1.574902356054999923e-04
4.514720087355000248e-04
2.131367855195000216e-03
4.924194699930000037e-03
1.226323967915000056e-02
2.669984460965000098e-02
5.198227709900000298e-02
7.577380202450000046e-02
8.399479232300000042e-02
7.421989836650000338e-02
5.823988912699999687e-02
3.976103481584999932e-02
2.641636218555000123e-02
1.770190248204999914e-02
1.132879761454999926e-02
6.436100961750000106e-03
4.157742219980000223e-03
1.973877619590000149e-03
9.554407626749999776e-04
3.254798202509999808e-04
8.399479232299999771e-05
2.099869808070000077e-05
0.000000000000000000e+00
0.000000000000000000e+00
0.000000000000000000e+00
0.000000000000000000e+00
0.000000000000000000e+00
0.000000000000000000e+00
2.099869808070000077e-05
8.399479232299999771e-05
3.254798202509999808e-04
9.554407626749999776e-04
1.973877619590000149e-03
4.157742219980000223e-03
6.436100961750000106e-03
1.132879761454999926e-02
1.770190248204999914e-02
2.641636218555000123e-02
3.976103481584999932e-02
5.823988912699999687e-02
7.421989836650000338e-02
8.399479232300000042e-02
7.577380202450000046e-02
5.198227709900000298e-02
2.669984460965000098e-02
1.226323967915000056e-02
4.924194699930000037e-03
2.131367855195000216e-03
4.514720087355000248e-04
1.574902356054999923e-04
0.000000000000000000e+00
0.000000000000000000e+00
0.000000000000000000e+00
0.000000000000000000e+00
0.000000000000000000e+00
