6.000000000000000000e+01
0.000000000000000000e+00
1.259921884844999898e-04
6.614589895450000536e-04
3.181302759230000051e-03
1.118180672799999956e-02
3.250598462894999791e-02
6.964218218449999553e-02
1.083742807944999970e-01
1.151358615765000065e-01
8.535970769799999802e-02
4.591365335349999882e-02
1.907731720634999947e-02
5.690647179850000410e-03
1.700894544540000001e-03
5.879635462599999566e-04
2.624837260089999758e-04
1.994876317669999979e-04
1.469908865649999891e-04
1.364915375245000131e-04
7.349544328249999457e-05
2.099869808070000077e-05
2.099869808070000077e-05
0.000000000000000000e+00
0.000000000000000000e+00
0.000000000000000000e+00
0.000000000000000000e+00
0.000000000000000000e+00
0.000000000000000000e+00
0.000000000000000000e+00
0.000000000000000000e+00
0.000000000000000000e+00
0.000000000000000000e+00
0.000000000000000000e+00
0.000000000000000000e+00
0.000000000000000000e+00
0.000000000000000000e+00
0.000000000000000000e+00
0.000000000000000000e+00
2.099869808070000077e-05
2.099869808070000077e-05
7.349544328249999457e-05
1.364915375245000131e-04
1.469908865649999891e-04
1.994876317669999979e-04
2.624837260089999758e-04
5.879635462599999566e-04
1.700894544540000001e-03
5.690647179850000410e-03
1.907731720634999947e-02
4.591365335349999882e-02
8.535970769799999802e-02
1.151358615765000065e-01
1.083742807944999970e-01
6.964218218449999553e-02
3.250598462894999791e-02
1.118180672799999956e-02
3.181302759230000051e-03
6.614589895450000536e-04
1.259921884844999898e-04
0.000000000000000000e+00
