6.000000000000000000e+01
0.000000000000000000e+00
0.000000000000000000e+00
1.049934904035000038e-05
1.049934904035000038e-05
3.149804712109999981e-05
1.259921884844999898e-04
3.149804712109999846e-04
1.091932300195000037e-03
3.275796900589999800e-03
7.181554743590350467e-03
1.668346562514999923e-02
3.158204191339999967e-02
5.037587669549999786e-02
6.532694972899999453e-02
7.235101423699999423e-02
6.970517827899999630e-02
6.066523875500000329e-02
4.747805636050000250e-02
3.306245012810000300e-02
1.994876317669999968e-02
1.066733862499999984e-02
5.333669312499999919e-03
2.834824240894999806e-03
1.123430347319999932e-03
5.879635462599999566e-04
1.574902356054999923e-04
7.349544328249999457e-05
0.000000000000000000e+00
0.000000000000000000e+00
0.000000000000000000e+00
0.000000000000000000e+00
0.000000000000000000e+00
0.000000000000000000e+00
7.349544328249999457e-05
1.574902356054999923e-04
5.879635462599999566e-04
1.123430347319999932e-03
2.834824240894999806e-03
5.333669312499999919e-03
1.066733862499999984e-02
1.994876317669999968e-02
3.306245012810000300e-02
4.747805636050000250e-02
6.066523875500000329e-02
6.970517827899999630e-02
7.235101423699999423e-02
6.532694972899999453e-02
5.037587669549999786e-02
3.158204191339999967e-02
1.668346562514999923e-02
7.181554743590350467e-03
3.275796900589999800e-03
1.091932300195000037e-03
3.149804712109999846e-04
1.259921884844999898e-04
3.149804712109999981e-05
1.049934904035000038e-05
1.049934904035000038e-05
0.000000000000000000e+00
0.000000000000000000e+00
