6.000000000000000000e+01
0.000000000000000000e+00
0.000000000000000000e+00
0.000000000000000000e+00
0.000000000000000000e+00
0.000000000000000000e+00
5.249674520200000200e-05
2.309856788880000004e-04
1.448910167570000062e-03
6.866574272400000414e-03
2.143967074039999920e-02
4.734156482299999719e-02
7.473436646950000484e-02
9.288774096000000646e-02
8.747007685499999519e-02
6.711183906600000360e-02
4.670110453149999702e-02
2.601738692200000064e-02
1.474108605264999941e-02
7.969005921650000601e-03
3.223300155390000036e-03
1.343916677164999976e-03
3.149804712109999846e-04
8.399479232299999771e-05
2.099869808070000077e-05
0.000000000000000000e+00
0.000000000000000000e+00
0.000000000000000000e+00
0.000000000000000000e+00
0.000000000000000000e+00
0.000000000000000000e+00
0.000000000000000000e+00
0.000000000000000000e+00
0.000000000000000000e+00
0.000000000000000000e+00
0.000000000000000000e+00
0.000000000000000000e+00
2.099869808070000077e-05
8.399479232299999771e-05
3.149804712109999846e-04
1.343916677164999976e-03
3.223300155390000036e-03
7.969005921650000601e-03
1.474108605264999941e-02
2.601738692200000064e-02
4.670110453149999702e-02
6.711183906600000360e-02
8.747007685499999519e-02
9.288774096000000646e-02
7.473436646950000484e-02
4.734156482299999719e-02
2.143967074039999920e-02
6.866574272400000414e-03
1.448910167570000062e-03
2.309856788880000004e-04
5.249674520200000200e-05
0.000000000000000000e+00
0.000000000000000000e+00
0.000000000000000000e+00
0.000000000000000000e+00
0.000000000000000000e+00
