6.000000000000000000e+01
0.000000000000000000e+00
0.000000000000000000e+00
2.099869808070000077e-05
7.349544328249999457e-05
6.824576876250000460e-04
6.289110075200000406e-03
2.974465583135000105e-02
8.152744529850000643e-02
1.373419847969999941e-01
1.320083154845000106e-01
7.598378900499999644e-02
2.820125152239999836e-02
6.499097056000000330e-03
1.375414724284999965e-03
2.414850279285000035e-04
1.049934904035000038e-05
0.000000000000000000e+00
0.000000000000000000e+00
0.000000000000000000e+00
0.000000000000000000e+00
0.000000000000000000e+00
0.000000000000000000e+00
0.000000000000000000e+00
0.000000000000000000e+00
0.000000000000000000e+00
0.000000000000000000e+00
0.000000000000000000e+00
0.000000000000000000e+00
0.000000000000000000e+00
0.000000000000000000e+00
0.000000000000000000e+00
0.000000000000000000e+00
0.000000000000000000e+00
0.000000000000000000e+00
0.000000000000000000e+00
0.000000000000000000e+00
0.000000000000000000e+00
0.000000000000000000e+00
0.000000000000000000e+00
0.000000000000000000e+00
0.000000000000000000e+00
0.000000000000000000e+00
0.000000000000000000e+00
0.000000000000000000e+00
1.049934904035000038e-05
2.414850279285000035e-04
1.375414724284999965e-03
6.499097056000000330e-03
2.820125152239999836e-02
7.598378900499999644e-02
1.320083154845000106e-01
1.373419847969999941e-01
8.152744529850000643e-02
2.974465583135000105e-02
6.289110075200000406e-03
6.824576876250000460e-04
7.349544328249999457e-05
2.099869808070000077e-05
0.000000000000000000e+00
0.000000000000000000e+00
