6.000000000000000000e+01
0.000000000000000000e+00
0.000000000000000000e+00
1.049934904035000038e-05
1.049934904034999971e-04
7.559531309050000194e-04
3.832262399729999876e-03
1.919281004580000033e-02
5.155180378799999880e-02
9.475662508899999892e-02
1.157973205660000060e-01
9.806392003699999915e-02
5.937381882300000330e-02
3.077359203729999881e-02
1.385914073324999961e-02
6.215614631899999722e-03
2.792826844734999821e-03
1.469908865650000054e-03
6.509596405000000422e-04
4.409726596949999945e-04
1.784889336859999916e-04
9.449414136299999392e-05
5.249674520200000200e-05
1.049934904035000038e-05
0.000000000000000000e+00
2.099869808070000077e-05
0.000000000000000000e+00
0.000000000000000000e+00
0.000000000000000000e+00
0.000000000000000000e+00
0.000000000000000000e+00
0.000000000000000000e+00
0.000000000000000000e+00
0.000000000000000000e+00
0.000000000000000000e+00
0.000000000000000000e+00
2.099869808070000077e-05
0.000000000000000000e+00
1.049934904035000038e-05
5.249674520200000200e-05
9.449414136299999392e-05
1.784889336859999916e-04
4.409726596949999945e-04
6.509596405000000422e-04
1.469908865650000054e-03
2.792826844734999821e-03
6.215614631899999722e-03
1.385914073324999961e-02
3.077359203729999881e-02
5.937381882300000330e-02
9.806392003699999915e-02
1.157973205660000060e-01
9.475662508899999892e-02
5.155180378799999880e-02
1.919281004580000033e-02
3.832262399729999876e-03
7.559531309050000194e-04
1.049934904034999971e-04
1.049934904035000038e-05
0.000000000000000000e+00
0.000000000000000000e+00
