6.000000000000000000e+01
0.000000000000000000e+00
0.000000000000000000e+00
0.000000000000000000e+00
0.000000000000000000e+00
4.199739616144999681e-05
5.249674520200000200e-05
3.569778673719999833e-04
1.207425139639999902e-03
3.097307966905000175e-03
6.278610726149999946e-03
1.157028264250000056e-02
1.798538490614999888e-02
2.097769938265000092e-02
1.868884129185000020e-02
1.524505480659999954e-02
1.229473772624999940e-02
1.166477678385000050e-02
1.336567132840000074e-02
1.792238881189999952e-02
2.546092142284999901e-02
3.588677501995000269e-02
4.907395741465000322e-02
5.723195161900000022e-02
5.739994120349999757e-02
4.786653227499999830e-02
3.480534206877109599e-02
2.124018310865199988e-02
1.164377808577849935e-02
5.438662802924000214e-03
3.202301457310000043e-03
3.202301457310000043e-03
5.438662802924000214e-03
1.164377808577849935e-02
2.124018310865199988e-02
3.480534206877109599e-02
4.786653227499999830e-02
5.739994120349999757e-02
5.723195161900000022e-02
4.907395741465000322e-02
3.588677501995000269e-02
2.546092142284999901e-02
1.792238881189999952e-02
1.336567132840000074e-02
1.166477678385000050e-02
1.229473772624999940e-02
1.524505480659999954e-02
1.868884129185000020e-02
2.097769938265000092e-02
1.798538490614999888e-02
1.157028264250000056e-02
6.278610726149999946e-03
3.097307966905000175e-03
1.207425139639999902e-03
3.569778673719999833e-04
5.249674520200000200e-05
4.199739616144999681e-05
0.000000000000000000e+00
0.000000000000000000e+00
0.000000000000000000e+00
0.000000000000000000e+00
