6.000000000000000000e+01
7.349544328249999457e-05
1.154928394440000002e-04
4.934694048970000033e-04
1.763890638779999978e-03
6.299609424200000064e-03
2.027424299694999960e-02
5.136281550550000213e-02
9.699298643499999761e-02
1.284910335560000005e-01
1.077758178994999982e-01
5.961530385100000107e-02
2.119818571250000130e-02
4.609214228719999903e-03
7.769518289850000118e-04
1.574902356054999923e-04
0.000000000000000000e+00
0.000000000000000000e+00
0.000000000000000000e+00
0.000000000000000000e+00
0.000000000000000000e+00
0.000000000000000000e+00
0.000000000000000000e+00
0.000000000000000000e+00
0.000000000000000000e+00
0.000000000000000000e+00
0.000000000000000000e+00
0.000000000000000000e+00
0.000000000000000000e+00
0.000000000000000000e+00
0.000000000000000000e+00
0.000000000000000000e+00
0.000000000000000000e+00
0.000000000000000000e+00
0.000000000000000000e+00
0.000000000000000000e+00
0.000000000000000000e+00
0.000000000000000000e+00
0.000000000000000000e+00
0.000000000000000000e+00
0.000000000000000000e+00
0.000000000000000000e+00
0.000000000000000000e+00
0.000000000000000000e+00
0.000000000000000000e+00
0.000000000000000000e+00
1.574902356054999923e-04
7.769518289850000118e-04
4.609214228719999903e-03
2.119818571250000130e-02
5.961530385100000107e-02
1.077758178994999982e-01
1.284910335560000005e-01
9.699298643499999761e-02
5.136281550550000213e-02
2.027424299694999960e-02
6.299609424200000064e-03
1.763890638779999978e-03
4.934694048970000033e-04
1.154928394440000002e-04
7.349544328249999457e-05
