6.000000000000000000e+01
0.000000000000000000e+00
1.049934904035000038e-05
0.000000000000000000e+00
0.000000000000000000e+00
1.364915375245000131e-04
2.729830750493499525e-04
9.134433665103499581e-04
1.921380874385350025e-03
3.664272815085000030e-03
6.173617235740350151e-03
1.011087312589034962e-02
1.207425139640000075e-02
1.546554113644999992e-02
1.750241485030000141e-02
1.921380874385000131e-02
2.130317920290000083e-02
2.384402167065000078e-02
2.923018772834999959e-02
3.502582839864999686e-02
4.214438704799999824e-02
4.950443072530000266e-02
5.461761370800000126e-02
5.334719247400000058e-02
4.456973667635000247e-02
3.105707446139999856e-02
1.732392591660000120e-02
7.496535214800000187e-03
2.572340514890000211e-03
3.989752635335000160e-04
1.049934904034999971e-04
1.049934904034999971e-04
3.989752635335000160e-04
2.572340514890000211e-03
7.496535214800000187e-03
1.732392591660000120e-02
3.105707446139999856e-02
4.456973667635000247e-02
5.334719247400000058e-02
5.461761370800000126e-02
4.950443072530000266e-02
4.214438704799999824e-02
3.502582839864999686e-02
2.923018772834999959e-02
2.384402167065000078e-02
2.130317920290000083e-02
1.921380874385000131e-02
1.750241485030000141e-02
1.546554113644999992e-02
1.207425139640000075e-02
1.011087312589034962e-02
6.173617235740350151e-03
3.664272815085000030e-03
1.921380874385350025e-03
9.134433665103499581e-04
2.729830750493499525e-04
1.364915375245000131e-04
0.000000000000000000e+00
0.000000000000000000e+00
1.049934904035000038e-05
0.000000000000000000e+00
