6.000000000000000000e+01
0.000000000000000000e+00
0.000000000000000000e+00
0.000000000000000000e+00
0.000000000000000000e+00
2.099869808070000077e-05
2.834824240895000022e-04
2.152366553275000208e-03
9.428415438249999544e-03
3.219100415775000279e-02
6.289110075199999539e-02
8.766956448700000126e-02
9.236277350799999841e-02
7.471336777100000270e-02
5.338918986999999922e-02
3.382890260805000021e-02
2.024274494979999908e-02
1.230523707530000073e-02
8.105497459150000708e-03
4.756205115284999757e-03
2.645835958169999967e-03
1.543404308934999934e-03
7.454537818650000232e-04
4.514720087355000248e-04
1.679895846459999954e-04
5.249674520200000200e-05
3.149804712109999981e-05
0.000000000000000000e+00
1.049934904035000038e-05
1.049934904035000038e-05
0.000000000000000000e+00
0.000000000000000000e+00
1.049934904035000038e-05
1.049934904035000038e-05
0.000000000000000000e+00
3.149804712109999981e-05
5.249674520200000200e-05
1.679895846459999954e-04
4.514720087355000248e-04
7.454537818650000232e-04
1.543404308934999934e-03
2.645835958169999967e-03
4.756205115284999757e-03
8.105497459150000708e-03
1.230523707530000073e-02
2.024274494979999908e-02
3.382890260805000021e-02
5.338918986999999922e-02
7.471336777100000270e-02
9.236277350799999841e-02
8.766956448700000126e-02
6.289110075199999539e-02
3.219100415775000279e-02
9.428415438249999544e-03
2.152366553275000208e-03
2.834824240895000022e-04
2.099869808070000077e-05
0.000000000000000000e+00
0.000000000000000000e+00
0.000000000000000000e+00
0.000000000000000000e+00
