6.000000000000000000e+01
0.000000000000000000e+00
0.000000000000000000e+00
1.049934904035000038e-05
6.299609424200000498e-05
2.414850279285000035e-04
2.530343118724999885e-03
1.248372600899999921e-02
3.808113896939999826e-02
8.842551761799999355e-02
1.360295661669999878e-01
1.243227919869999976e-01
6.971567762800000290e-02
2.300407374745000108e-02
4.577716181595000225e-03
4.304733106545000185e-04
7.349544328249999457e-05
1.049934904035000038e-05
0.000000000000000000e+00
0.000000000000000000e+00
0.000000000000000000e+00
0.000000000000000000e+00
0.000000000000000000e+00
0.000000000000000000e+00
0.000000000000000000e+00
0.000000000000000000e+00
0.000000000000000000e+00
0.000000000000000000e+00
0.000000000000000000e+00
0.000000000000000000e+00
0.000000000000000000e+00
0.000000000000000000e+00
0.000000000000000000e+00
0.000000000000000000e+00
0.000000000000000000e+00
0.000000000000000000e+00
0.000000000000000000e+00
0.000000000000000000e+00
0.000000000000000000e+00
0.000000000000000000e+00
0.000000000000000000e+00
0.000000000000000000e+00
0.000000000000000000e+00
0.000000000000000000e+00
1.049934904035000038e-05
7.349544328249999457e-05
4.304733106545000185e-04
4.577716181595000225e-03
2.300407374745000108e-02
6.971567762800000290e-02
1.243227919869999976e-01
1.360295661669999878e-01
8.842551761799999355e-02
3.808113896939999826e-02
1.248372600899999921e-02
2.530343118724999885e-03
2.414850279285000035e-04
6.299609424200000498e-05
1.049934904035000038e-05
0.000000000000000000e+00
0.000000000000000000e+00
