6.000000000000000000e+01
0.000000000000000000e+00
0.000000000000000000e+00
1.049934904035000038e-05
1.154928394440000002e-04
8.504472722700000004e-04
4.840199907604999727e-03
2.157616227794999925e-02
6.310108773250000525e-02
1.170572424509999931e-01
1.307588929484999885e-01
9.309772794100000526e-02
4.616563773045000152e-02
1.627399101255000077e-02
4.420225945989999725e-03
1.039435554995000056e-03
3.359791692915000110e-04
1.784889336859999916e-04
6.299609424200000498e-05
5.249674520200000200e-05
3.149804712109999981e-05
1.049934904035000038e-05
1.049934904035000038e-05
0.000000000000000000e+00
0.000000000000000000e+00
0.000000000000000000e+00
1.049934904035000038e-05
0.000000000000000000e+00
0.000000000000000000e+00
0.000000000000000000e+00
0.000000000000000000e+00
0.000000000000000000e+00
0.000000000000000000e+00
0.000000000000000000e+00
0.000000000000000000e+00
1.049934904035000038e-05
0.000000000000000000e+00
0.000000000000000000e+00
0.000000000000000000e+00
1.049934904035000038e-05
1.049934904035000038e-05
3.149804712109999981e-05
5.249674520200000200e-05
6.299609424200000498e-05
1.784889336859999916e-04
3.359791692915000110e-04
1.039435554995000056e-03
4.420225945989999725e-03
1.627399101255000077e-02
4.616563773045000152e-02
9.309772794100000526e-02
1.307588929484999885e-01
1.170572424509999931e-01
6.310108773250000525e-02
2.157616227794999925e-02
4.840199907604999727e-03
8.504472722700000004e-04
1.154928394440000002e-04
1.049934904035000038e-05
0.000000000000000000e+00
0.000000000000000000e+00
