6.000000000000000000e+01
0.000000000000000000e+00
0.000000000000000000e+00
0.000000000000000000e+00
0.000000000000000000e+00
0.000000000000000000e+00
1.049934904035000038e-05
1.049934904035000038e-05
1.994876317669999979e-04
1.669396497415000106e-03
8.021502666850000365e-03
2.611188106334999884e-02
5.776741842000000099e-02
8.709210029000000186e-02
9.852589139450000644e-02
8.457225651999999982e-02
6.233463525249999942e-02
3.669522489604999660e-02
2.062072151525000049e-02
1.032086010665000074e-02
4.000251984374999722e-03
1.501406912770000043e-03
4.409726596949999945e-04
5.249674520200000200e-05
4.199739616144999681e-05
1.049934904035000038e-05
0.000000000000000000e+00
0.000000000000000000e+00
0.000000000000000000e+00
0.000000000000000000e+00
0.000000000000000000e+00
0.000000000000000000e+00
0.000000000000000000e+00
0.000000000000000000e+00
0.000000000000000000e+00
0.000000000000000000e+00
1.049934904035000038e-05
4.199739616144999681e-05
5.249674520200000200e-05
4.409726596949999945e-04
1.501406912770000043e-03
4.000251984374999722e-03
1.032086010665000074e-02
2.062072151525000049e-02
3.669522489604999660e-02
6.233463525249999942e-02
8.457225651999999982e-02
9.852589139450000644e-02
8.709210029000000186e-02
5.776741842000000099e-02
2.611188106334999884e-02
8.021502666850000365e-03
1.669396497415000106e-03
1.994876317669999979e-04
1.049934904035000038e-05
1.049934904035000038e-05
0.000000000000000000e+00
0.000000000000000000e+00
0.000000000000000000e+00
0.000000000000000000e+00
0.000000000000000000e+00
