6.000000000000000000e+01
0.000000000000000000e+00
0.000000000000000000e+00
0.000000000000000000e+00
1.049934904035000038e-05
1.154928394440000002e-04
9.134433665099999777e-04
5.722145227000000056e-03
2.156566292890000139e-02
5.793540800449999834e-02
9.721347276450000019e-02
1.132564780984999936e-01
9.226827936650000561e-02
5.984628952999999918e-02
3.022762588719999852e-02
1.332367393220000064e-02
5.123682331699999995e-03
1.784889336859999971e-03
4.724707068159999970e-04
1.784889336859999916e-04
1.049934904035000038e-05
3.149804712109999981e-05
0.000000000000000000e+00
0.000000000000000000e+00
0.000000000000000000e+00
0.000000000000000000e+00
0.000000000000000000e+00
0.000000000000000000e+00
0.000000000000000000e+00
0.000000000000000000e+00
0.000000000000000000e+00
0.000000000000000000e+00
0.000000000000000000e+00
0.000000000000000000e+00
0.000000000000000000e+00
0.000000000000000000e+00
0.000000000000000000e+00
0.000000000000000000e+00
0.000000000000000000e+00
0.000000000000000000e+00
3.149804712109999981e-05
1.049934904035000038e-05
1.784889336859999916e-04
4.724707068159999970e-04
1.784889336859999971e-03
5.123682331699999995e-03
1.332367393220000064e-02
3.022762588719999852e-02
5.984628952999999918e-02
9.226827936650000561e-02
1.132564780984999936e-01
9.721347276450000019e-02
5.793540800449999834e-02
2.156566292890000139e-02
5.722145227000000056e-03
9.134433665099999777e-04
1.154928394440000002e-04
1.049934904035000038e-05
0.000000000000000000e+00
0.000000000000000000e+00
0.000000000000000000e+00
