6.000000000000000000e+01
0.000000000000000000e+00
0.000000000000000000e+00
0.000000000000000000e+00
0.000000000000000000e+00
0.000000000000000000e+00
0.000000000000000000e+00
0.000000000000000000e+00
0.000000000000000000e+00
0.000000000000000000e+00
3.149804712109999981e-05
4.199739616144999681e-05
5.249674520200000200e-05
3.674772164125000135e-04
1.574902356054999923e-03
4.430725295030000371e-03
1.115030868085000078e-02
2.619587585570000085e-02
4.756205115284999757e-02
7.453487883749999876e-02
9.668850531250000602e-02
9.866238293250000069e-02
7.820965100149999960e-02
4.131493847380000167e-02
1.559153332495000037e-02
3.139305363065000160e-03
3.989752635335000160e-04
5.249674520200000200e-05
0.000000000000000000e+00
0.000000000000000000e+00
0.000000000000000000e+00
0.000000000000000000e+00
0.000000000000000000e+00
0.000000000000000000e+00
5.249674520200000200e-05
3.989752635335000160e-04
3.139305363065000160e-03
1.559153332495000037e-02
4.131493847380000167e-02
7.820965100149999960e-02
9.866238293250000069e-02
9.668850531250000602e-02
7.453487883749999876e-02
4.756205115284999757e-02
2.619587585570000085e-02
1.115030868085000078e-02
4.430725295030000371e-03
1.574902356054999923e-03
3.674772164125000135e-04
5.249674520200000200e-05
4.199739616144999681e-05
3.149804712109999981e-05
0.000000000000000000e+00
0.000000000000000000e+00
0.000000000000000000e+00
0.000000000000000000e+00
0.000000000000000000e+00
0.000000000000000000e+00
0.000000000000000000e+00
0.000000000000000000e+00
0.000000000000000000e+00
