6.000000000000000000e+01
0.000000000000000000e+00
0.000000000000000000e+00
0.000000000000000000e+00
0.000000000000000000e+00
0.000000000000000000e+00
0.000000000000000000e+00
0.000000000000000000e+00
7.349544328249999457e-05
5.774641972199999604e-04
2.719331401455000064e-03
9.291923900699999503e-03
2.258409978580000130e-02
3.935156020325000087e-02
5.659149132750000005e-02
6.549493931399999469e-02
6.689135273599999820e-02
6.136869514099999728e-02
5.325269833250000084e-02
4.345680567804999922e-02
3.317794296755000039e-02
2.329805552055000048e-02
1.341816807360000051e-02
5.932132207799999980e-03
1.973877619590000149e-03
4.829700558564999731e-04
4.199739616144999681e-05
2.099869808070000077e-05
0.000000000000000000e+00
0.000000000000000000e+00
0.000000000000000000e+00
0.000000000000000000e+00
0.000000000000000000e+00
0.000000000000000000e+00
2.099869808070000077e-05
4.199739616144999681e-05
4.829700558564999731e-04
1.973877619590000149e-03
5.932132207799999980e-03
1.341816807360000051e-02
2.329805552055000048e-02
3.317794296755000039e-02
4.345680567804999922e-02
5.325269833250000084e-02
6.136869514099999728e-02
6.689135273599999820e-02
6.549493931399999469e-02
5.659149132750000005e-02
3.935156020325000087e-02
2.258409978580000130e-02
9.291923900699999503e-03
2.719331401455000064e-03
5.774641972199999604e-04
7.349544328249999457e-05
0.000000000000000000e+00
0.000000000000000000e+00
0.000000000000000000e+00
0.000000000000000000e+00
0.000000000000000000e+00
0.000000000000000000e+00
0.000000000000000000e+00
