6.000000000000000000e+01
0.000000000000000000e+00
0.000000000000000000e+00
1.049934904035000038e-05
6.299609424200000498e-05
2.834824240895000022e-04
2.330855486959999834e-03
1.112930998279999979e-02
3.768216370585000113e-02
8.130695896850000104e-02
1.151253622274999999e-01
1.090882365295000045e-01
7.424089706450000270e-02
3.930956280709999723e-02
1.747091680315000090e-02
7.097559951300000392e-03
2.729830750494999844e-03
1.343916677164999976e-03
4.304733106545000185e-04
2.624837260089999758e-04
5.249674520200000200e-05
2.099869808070000077e-05
1.049934904035000038e-05
1.049934904035000038e-05
0.000000000000000000e+00
0.000000000000000000e+00
0.000000000000000000e+00
0.000000000000000000e+00
0.000000000000000000e+00
0.000000000000000000e+00
0.000000000000000000e+00
0.000000000000000000e+00
0.000000000000000000e+00
0.000000000000000000e+00
0.000000000000000000e+00
0.000000000000000000e+00
0.000000000000000000e+00
0.000000000000000000e+00
1.049934904035000038e-05
1.049934904035000038e-05
2.099869808070000077e-05
5.249674520200000200e-05
2.624837260089999758e-04
4.304733106545000185e-04
1.343916677164999976e-03
2.729830750494999844e-03
7.097559951300000392e-03
1.747091680315000090e-02
3.930956280709999723e-02
7.424089706450000270e-02
1.090882365295000045e-01
1.151253622274999999e-01
8.130695896850000104e-02
3.768216370585000113e-02
1.112930998279999979e-02
2.330855486959999834e-03
2.834824240895000022e-04
6.299609424200000498e-05
1.049934904035000038e-05
0.000000000000000000e+00
0.000000000000000000e+00
