6.000000000000000000e+01
0.000000000000000000e+00
0.000000000000000000e+00
0.000000000000000000e+00
0.000000000000000000e+00
1.049934904035000038e-05
0.000000000000000000e+00
2.099869808070000077e-05
2.099869808070000077e-05
2.099869808070000077e-05
3.149804712109999981e-05
3.149804712109999981e-05
2.099869808070000077e-05
1.049934904035000038e-05
1.049934904035000038e-05
1.049934904035000038e-05
6.299609424200000498e-05
7.349544328249999457e-05
2.204863298474999973e-04
8.399479232300000042e-04
2.362353534080000039e-03
7.150056696500000156e-03
2.063122086429999835e-02
5.000839947900000138e-02
9.086136659549999550e-02
1.159338121034999974e-01
1.025786401245000062e-01
6.636638528400000403e-02
3.040611482089999873e-02
9.921884843130699544e-03
2.393851581204000083e-03
2.393851581204000083e-03
9.921884843130699544e-03
3.040611482089999873e-02
6.636638528400000403e-02
1.025786401245000062e-01
1.159338121034999974e-01
9.086136659549999550e-02
5.000839947900000138e-02
2.063122086429999835e-02
7.150056696500000156e-03
2.362353534080000039e-03
8.399479232300000042e-04
2.204863298474999973e-04
7.349544328249999457e-05
6.299609424200000498e-05
1.049934904035000038e-05
1.049934904035000038e-05
1.049934904035000038e-05
2.099869808070000077e-05
3.149804712109999981e-05
3.149804712109999981e-05
2.099869808070000077e-05
2.099869808070000077e-05
2.099869808070000077e-05
0.000000000000000000e+00
1.049934904035000038e-05
0.000000000000000000e+00
0.000000000000000000e+00
0.000000000000000000e+00
0.000000000000000000e+00
