6.000000000000000000e+01
0.000000000000000000e+00
0.000000000000000000e+00
0.000000000000000000e+00
0.000000000000000000e+00
0.000000000000000000e+00
0.000000000000000000e+00
3.149804712109999981e-05
1.154928394440000002e-04
3.359791692915000110e-04
5.669648481799999641e-04
1.522405610850000035e-03
3.160304061150000059e-03
6.268111377100000353e-03
1.201125530214999966e-02
2.307756919070000010e-02
3.913107387340000048e-02
5.999328041649999721e-02
7.504934694050000021e-02
7.915459241550000524e-02
7.077611188099999784e-02
5.368317164349999809e-02
3.687371382975000028e-02
2.132417790094999835e-02
1.119230607699999921e-02
4.210238965185000327e-03
1.165427743479999917e-03
3.149804712109999846e-04
3.149804712109999981e-05
1.049934904035000038e-05
0.000000000000000000e+00
0.000000000000000000e+00
1.049934904035000038e-05
3.149804712109999981e-05
3.149804712109999846e-04
1.165427743479999917e-03
4.210238965185000327e-03
1.119230607699999921e-02
2.132417790094999835e-02
3.687371382975000028e-02
5.368317164349999809e-02
7.077611188099999784e-02
7.915459241550000524e-02
7.504934694050000021e-02
5.999328041649999721e-02
3.913107387340000048e-02
2.307756919070000010e-02
1.201125530214999966e-02
6.268111377100000353e-03
3.160304061150000059e-03
1.522405610850000035e-03
5.669648481799999641e-04
3.359791692915000110e-04
1.154928394440000002e-04
3.149804712109999981e-05
0.000000000000000000e+00
0.000000000000000000e+00
0.000000000000000000e+00
0.000000000000000000e+00
0.000000000000000000e+00
0.000000000000000000e+00
