6.000000000000000000e+01
0.000000000000000000e+00
0.000000000000000000e+00
1.049934904035000038e-05
1.469908865649999891e-04
1.333417328124999980e-03
7.318046281149999908e-03
2.762378732519999922e-02
7.041913401350000101e-02
1.169312502624999944e-01
1.219604384530000030e-01
8.348032421999999897e-02
4.108395279495000163e-02
1.638948385200000163e-02
6.415102263650000053e-03
3.464785183319999979e-03
1.742891940699999986e-03
9.239427155499999739e-04
4.409726596949999945e-04
2.309856788880000004e-04
3.149804712109999981e-05
2.099869808070000077e-05
2.099869808070000077e-05
1.049934904035000038e-05
0.000000000000000000e+00
0.000000000000000000e+00
0.000000000000000000e+00
0.000000000000000000e+00
0.000000000000000000e+00
0.000000000000000000e+00
0.000000000000000000e+00
0.000000000000000000e+00
0.000000000000000000e+00
0.000000000000000000e+00
0.000000000000000000e+00
0.000000000000000000e+00
0.000000000000000000e+00
0.000000000000000000e+00
1.049934904035000038e-05
2.099869808070000077e-05
2.099869808070000077e-05
3.149804712109999981e-05
2.309856788880000004e-04
4.409726596949999945e-04
9.239427155499999739e-04
1.742891940699999986e-03
3.464785183319999979e-03
6.415102263650000053e-03
1.638948385200000163e-02
4.108395279495000163e-02
8.348032421999999897e-02
1.219604384530000030e-01
1.169312502624999944e-01
7.041913401350000101e-02
2.762378732519999922e-02
7.318046281149999908e-03
1.333417328124999980e-03
1.469908865649999891e-04
1.049934904035000038e-05
0.000000000000000000e+00
0.000000000000000000e+00
