6.000000000000000000e+01
1.049934904035000038e-05
1.049934904035000038e-05
3.149804712109999981e-05
4.199739616144999681e-05
3.674772164125000135e-04
2.603838562009999982e-03
1.269371298980000000e-02
4.264835580194999837e-02
9.622653395499999873e-02
1.346541514425000086e-01
1.140964260214999970e-01
6.465499139050000232e-02
2.425349628324999923e-02
6.320608122300000117e-03
1.175927092519999913e-03
1.679895846459999954e-04
4.199739616144999681e-05
0.000000000000000000e+00
0.000000000000000000e+00
0.000000000000000000e+00
0.000000000000000000e+00
0.000000000000000000e+00
0.000000000000000000e+00
0.000000000000000000e+00
0.000000000000000000e+00
0.000000000000000000e+00
0.000000000000000000e+00
0.000000000000000000e+00
0.000000000000000000e+00
0.000000000000000000e+00
0.000000000000000000e+00
0.000000000000000000e+00
0.000000000000000000e+00
0.000000000000000000e+00
0.000000000000000000e+00
0.000000000000000000e+00
0.000000000000000000e+00
0.000000000000000000e+00
0.000000000000000000e+00
0.000000000000000000e+00
0.000000000000000000e+00
0.000000000000000000e+00
0.000000000000000000e+00
4.199739616144999681e-05
1.679895846459999954e-04
1.175927092519999913e-03
6.320608122300000117e-03
2.425349628324999923e-02
6.465499139050000232e-02
1.140964260214999970e-01
1.346541514425000086e-01
9.622653395499999873e-02
4.264835580194999837e-02
1.269371298980000000e-02
2.603838562009999982e-03
3.674772164125000135e-04
4.199739616144999681e-05
3.149804712109999981e-05
1.049934904035000038e-05
1.049934904035000038e-05
