6.000000000000000000e+01
7.349544328249999457e-05
1.469908865648500169e-04
5.144681029799999831e-04
1.648397799334999896e-03
6.583091848299999806e-03
2.038973583640000045e-02
5.315820419149999698e-02
9.774893956550000096e-02
1.224119104615000037e-01
1.037125698205000057e-01
6.011927260500000286e-02
2.464197219770000030e-02
7.034563857050000167e-03
1.553903657974999930e-03
2.309856788880000004e-04
2.099869808070000077e-05
1.049934904035000038e-05
0.000000000000000000e+00
0.000000000000000000e+00
0.000000000000000000e+00
0.000000000000000000e+00
0.000000000000000000e+00
0.000000000000000000e+00
0.000000000000000000e+00
0.000000000000000000e+00
0.000000000000000000e+00
0.000000000000000000e+00
0.000000000000000000e+00
0.000000000000000000e+00
0.000000000000000000e+00
0.000000000000000000e+00
0.000000000000000000e+00
0.000000000000000000e+00
0.000000000000000000e+00
0.000000000000000000e+00
0.000000000000000000e+00
0.000000000000000000e+00
0.000000000000000000e+00
0.000000000000000000e+00
0.000000000000000000e+00
0.000000000000000000e+00
0.000000000000000000e+00
0.000000000000000000e+00
1.049934904035000038e-05
2.099869808070000077e-05
2.309856788880000004e-04
1.553903657974999930e-03
7.034563857050000167e-03
2.464197219770000030e-02
6.011927260500000286e-02
1.037125698205000057e-01
1.224119104615000037e-01
9.774893956550000096e-02
5.315820419149999698e-02
2.038973583640000045e-02
6.583091848299999806e-03
1.648397799334999896e-03
5.144681029799999831e-04
1.469908865648500169e-04
7.349544328249999457e-05
