6.000000000000000000e+01
0.000000000000000000e+00
0.000000000000000000e+00
0.000000000000000000e+00
4.199739616144999681e-05
3.779765654529999895e-04
2.351854185039999826e-03
1.184326571755000071e-02
3.827012725210000160e-02
8.186342446750000112e-02
1.172987274789999979e-01
1.099806811980000021e-01
7.092310276749999587e-02
3.641174247194999686e-02
1.562303137204999921e-02
6.929570366649999771e-03
3.454285834280000200e-03
1.858384780145000068e-03
1.186426441559999909e-03
8.819453193899999890e-04
3.254798202509999808e-04
2.624837260089999758e-04
6.299609424200000498e-05
3.149804712109999981e-05
2.099869808070000077e-05
0.000000000000000000e+00
0.000000000000000000e+00
0.000000000000000000e+00
0.000000000000000000e+00
0.000000000000000000e+00
0.000000000000000000e+00
0.000000000000000000e+00
0.000000000000000000e+00
0.000000000000000000e+00
0.000000000000000000e+00
0.000000000000000000e+00
0.000000000000000000e+00
2.099869808070000077e-05
3.149804712109999981e-05
6.299609424200000498e-05
2.624837260089999758e-04
3.254798202509999808e-04
8.819453193899999890e-04
1.186426441559999909e-03
1.858384780145000068e-03
3.454285834280000200e-03
6.929570366649999771e-03
1.562303137204999921e-02
3.641174247194999686e-02
7.092310276749999587e-02
1.099806811980000021e-01
1.172987274789999979e-01
8.186342446750000112e-02
3.827012725210000160e-02
1.184326571755000071e-02
2.351854185039999826e-03
3.779765654529999895e-04
4.199739616144999681e-05
0.000000000000000000e+00
0.000000000000000000e+00
0.000000000000000000e+00
