6.000000000000000000e+01
9.449414136309999802e-05
1.364915375246999942e-04
1.574902356053499929e-04
4.409726596948499952e-04
1.417412120450700034e-03
3.874259795895000202e-03
1.173827222709999951e-02
3.162403930958070097e-02
6.568392759654034796e-02
9.967032044000000146e-02
1.084057788415000029e-01
8.209441014649999924e-02
4.720507328544999714e-02
2.256310108775000031e-02
1.022636596530000080e-02
5.134181680749999588e-03
3.076309268825000182e-03
1.973877619590000149e-03
1.469908865650000054e-03
9.554407626749999776e-04
6.929570366650000422e-04
4.514720087355000248e-04
3.044811221705000085e-04
2.414850279285000035e-04
1.889882827264999948e-04
1.259921884844999898e-04
5.249674520200000200e-05
0.000000000000000000e+00
0.000000000000000000e+00
0.000000000000000000e+00
0.000000000000000000e+00
0.000000000000000000e+00
0.000000000000000000e+00
5.249674520200000200e-05
1.259921884844999898e-04
1.889882827264999948e-04
2.414850279285000035e-04
3.044811221705000085e-04
4.514720087355000248e-04
6.929570366650000422e-04
9.554407626749999776e-04
1.469908865650000054e-03
1.973877619590000149e-03
3.076309268825000182e-03
5.134181680749999588e-03
1.022636596530000080e-02
2.256310108775000031e-02
4.720507328544999714e-02
8.209441014649999924e-02
1.084057788415000029e-01
9.967032044000000146e-02
6.568392759654034796e-02
3.162403930958070097e-02
1.173827222709999951e-02
3.874259795895000202e-03
1.417412120450700034e-03
4.409726596948499952e-04
1.574902356053499929e-04
1.364915375246999942e-04
9.449414136309999802e-05
