6.000000000000000000e+01
0.000000000000000000e+00
0.000000000000000000e+00
0.000000000000000000e+00
0.000000000000000000e+00
0.000000000000000000e+00
0.000000000000000000e+00
6.299609424200000498e-05
2.519843769684999998e-04
1.091932300195000037e-03
3.128806014024999946e-03
7.927008525450000495e-03
1.589601444709999936e-02
2.596489017679999914e-02
3.650623661335000020e-02
4.693209021039999873e-02
5.518457855600000100e-02
6.216664566800000208e-02
6.659737096300000214e-02
6.468648943749999436e-02
4.969341900799999906e-02
3.478434337070000076e-02
1.846835496199999982e-02
7.297047583049999855e-03
2.362353534080000039e-03
7.874511780250000080e-04
1.154928394440000002e-04
6.299609424200000498e-05
3.149804712109999981e-05
0.000000000000000000e+00
0.000000000000000000e+00
0.000000000000000000e+00
0.000000000000000000e+00
3.149804712109999981e-05
6.299609424200000498e-05
1.154928394440000002e-04
7.874511780250000080e-04
2.362353534080000039e-03
7.297047583049999855e-03
1.846835496199999982e-02
3.478434337070000076e-02
4.969341900799999906e-02
6.468648943749999436e-02
6.659737096300000214e-02
6.216664566800000208e-02
5.518457855600000100e-02
4.693209021039999873e-02
3.650623661335000020e-02
2.596489017679999914e-02
1.589601444709999936e-02
7.927008525450000495e-03
3.128806014024999946e-03
1.091932300195000037e-03
2.519843769684999998e-04
6.299609424200000498e-05
0.000000000000000000e+00
0.000000000000000000e+00
0.000000000000000000e+00
0.000000000000000000e+00
0.000000000000000000e+00
0.000000000000000000e+00
