6.000000000000000000e+01
0.000000000000000000e+00
0.000000000000000000e+00
0.000000000000000000e+00
0.000000000000000000e+00
1.049934904035000038e-05
7.349544328249999457e-05
5.774641972199999604e-04
3.013313174585000205e-03
1.233673512239999957e-02
3.294695728864999867e-02
6.648187812349999615e-02
9.711897862349999633e-02
1.028201251519999943e-01
8.174793162799999513e-02
5.314770484249999732e-02
2.857922808784999977e-02
1.314518499855000036e-02
5.071185586500000231e-03
1.952878921505000033e-03
5.564654991399999679e-04
2.624837260089999758e-04
6.299609424200000498e-05
8.399479232299999771e-05
1.049934904035000038e-05
0.000000000000000000e+00
0.000000000000000000e+00
0.000000000000000000e+00
0.000000000000000000e+00
0.000000000000000000e+00
0.000000000000000000e+00
0.000000000000000000e+00
0.000000000000000000e+00
0.000000000000000000e+00
0.000000000000000000e+00
0.000000000000000000e+00
0.000000000000000000e+00
1.049934904035000038e-05
8.399479232299999771e-05
6.299609424200000498e-05
2.624837260089999758e-04
5.564654991399999679e-04
1.952878921505000033e-03
5.071185586500000231e-03
1.314518499855000036e-02
2.857922808784999977e-02
5.314770484249999732e-02
8.174793162799999513e-02
1.028201251519999943e-01
9.711897862349999633e-02
6.648187812349999615e-02
3.294695728864999867e-02
1.233673512239999957e-02
3.013313174585000205e-03
5.774641972199999604e-04
7.349544328249999457e-05
1.049934904035000038e-05
0.000000000000000000e+00
0.000000000000000000e+00
0.000000000000000000e+00
0.000000000000000000e+00
