6.000000000000000000e+01
0.000000000000000000e+00
0.000000000000000000e+00
0.000000000000000000e+00
1.049934904035000038e-05
9.449414136299999392e-05
6.719583385850000498e-04
3.884759144934999981e-03
1.572802486245000048e-02
4.320482130110000346e-02
8.007853513099999487e-02
1.035340808870000018e-01
9.400067195849999557e-02
6.566292889850000591e-02
3.745117802694999942e-02
1.957078661124999827e-02
1.100331779429999934e-02
7.213052790750000380e-03
5.176179076899999759e-03
4.640712275840000109e-03
3.317794296755000125e-03
2.435848977365000136e-03
1.543404308934999934e-03
5.564654991399999679e-04
1.679895846459999954e-04
4.199739616144999681e-05
1.049934904035000038e-05
0.000000000000000000e+00
0.000000000000000000e+00
0.000000000000000000e+00
0.000000000000000000e+00
0.000000000000000000e+00
0.000000000000000000e+00
0.000000000000000000e+00
0.000000000000000000e+00
1.049934904035000038e-05
4.199739616144999681e-05
1.679895846459999954e-04
5.564654991399999679e-04
1.543404308934999934e-03
2.435848977365000136e-03
3.317794296755000125e-03
4.640712275840000109e-03
5.176179076899999759e-03
7.213052790750000380e-03
1.100331779429999934e-02
1.957078661124999827e-02
3.745117802694999942e-02
6.566292889850000591e-02
9.400067195849999557e-02
1.035340808870000018e-01
8.007853513099999487e-02
4.320482130110000346e-02
1.572802486245000048e-02
3.884759144934999981e-03
6.719583385850000498e-04
9.449414136299999392e-05
1.049934904035000038e-05
0.000000000000000000e+00
0.000000000000000000e+00
0.000000000000000000e+00
