6.000000000000000000e+01
0.000000000000000000e+00
0.000000000000000000e+00
0.000000000000000000e+00
0.000000000000000000e+00
0.000000000000000000e+00
0.000000000000000000e+00
0.000000000000000000e+00
0.000000000000000000e+00
0.000000000000000000e+00
0.000000000000000000e+00
0.000000000000000000e+00
3.149804712109999981e-05
1.049934904034999971e-04
1.889882827264999948e-04
5.249674520199999793e-04
1.322917979084999984e-03
3.338792994835000118e-03
7.297047583049999855e-03
1.478308344884999952e-02
2.966066103899999903e-02
5.328419638000000264e-02
8.105497459150000361e-02
1.021376674644999955e-01
9.589055478550000122e-02
6.622989374649999872e-02
3.110957120660000005e-02
1.033135945570000033e-02
2.383352232160000032e-03
2.834824240895000022e-04
4.199739616144999681e-05
4.199739616144999681e-05
2.834824240895000022e-04
2.383352232160000032e-03
1.033135945570000033e-02
3.110957120660000005e-02
6.622989374649999872e-02
9.589055478550000122e-02
1.021376674644999955e-01
8.105497459150000361e-02
5.328419638000000264e-02
2.966066103899999903e-02
1.478308344884999952e-02
7.297047583049999855e-03
3.338792994835000118e-03
1.322917979084999984e-03
5.249674520199999793e-04
1.889882827264999948e-04
1.049934904034999971e-04
3.149804712109999981e-05
0.000000000000000000e+00
0.000000000000000000e+00
0.000000000000000000e+00
0.000000000000000000e+00
0.000000000000000000e+00
0.000000000000000000e+00
0.000000000000000000e+00
0.000000000000000000e+00
0.000000000000000000e+00
0.000000000000000000e+00
0.000000000000000000e+00
