6.000000000000000000e+01
0.000000000000000000e+00
0.000000000000000000e+00
0.000000000000000000e+00
0.000000000000000000e+00
0.000000000000000000e+00
6.299609424200000498e-05
3.149804712109999846e-04
1.627399101254999904e-03
6.005627651099999798e-03
1.512956196715000041e-02
2.843223720130000007e-02
4.210238965185000154e-02
5.352568140800000041e-02
5.732644576049999996e-02
5.680147830849999885e-02
5.626601150749999808e-02
5.182478686300000248e-02
4.467473016674999853e-02
3.521481668135000020e-02
2.477846373525000034e-02
1.464659191129999948e-02
7.244550837850000091e-03
2.918819033220000116e-03
8.819453193899999890e-04
1.994876317669999979e-04
1.049934904035000038e-05
0.000000000000000000e+00
0.000000000000000000e+00
1.049934904035000038e-05
0.000000000000000000e+00
0.000000000000000000e+00
1.049934904035000038e-05
0.000000000000000000e+00
0.000000000000000000e+00
1.049934904035000038e-05
1.994876317669999979e-04
8.819453193899999890e-04
2.918819033220000116e-03
7.244550837850000091e-03
1.464659191129999948e-02
2.477846373525000034e-02
3.521481668135000020e-02
4.467473016674999853e-02
5.182478686300000248e-02
5.626601150749999808e-02
5.680147830849999885e-02
5.732644576049999996e-02
5.352568140800000041e-02
4.210238965185000154e-02
2.843223720130000007e-02
1.512956196715000041e-02
6.005627651099999798e-03
1.627399101254999904e-03
3.149804712109999846e-04
6.299609424200000498e-05
0.000000000000000000e+00
0.000000000000000000e+00
0.000000000000000000e+00
0.000000000000000000e+00
0.000000000000000000e+00
