6.000000000000000000e+01
0.000000000000000000e+00
0.000000000000000000e+00
0.000000000000000000e+00
0.000000000000000000e+00
3.149804712109999981e-05
4.724707068159999970e-04
4.399227247910000166e-03
2.007475536515000020e-02
5.688547310050000305e-02
9.925034647850000669e-02
1.120385536095000051e-01
8.883499223049999560e-02
5.545756163099999775e-02
2.815925412625000165e-02
1.511906261810000082e-02
8.325983788999999358e-03
4.934694048969999816e-03
2.866322288019999918e-03
1.742891940699999986e-03
8.819453193899999890e-04
3.779765654529999895e-04
1.049934904034999971e-04
3.149804712109999981e-05
1.049934904035000038e-05
0.000000000000000000e+00
0.000000000000000000e+00
0.000000000000000000e+00
0.000000000000000000e+00
0.000000000000000000e+00
0.000000000000000000e+00
0.000000000000000000e+00
0.000000000000000000e+00
0.000000000000000000e+00
0.000000000000000000e+00
0.000000000000000000e+00
0.000000000000000000e+00
1.049934904035000038e-05
3.149804712109999981e-05
1.049934904034999971e-04
3.779765654529999895e-04
8.819453193899999890e-04
1.742891940699999986e-03
2.866322288019999918e-03
4.934694048969999816e-03
8.325983788999999358e-03
1.511906261810000082e-02
2.815925412625000165e-02
5.545756163099999775e-02
8.883499223049999560e-02
1.120385536095000051e-01
9.925034647850000669e-02
5.688547310050000305e-02
2.007475536515000020e-02
4.399227247910000166e-03
4.724707068159999970e-04
3.149804712109999981e-05
0.000000000000000000e+00
0.000000000000000000e+00
0.000000000000000000e+00
0.000000000000000000e+00
