6.000000000000000000e+01
0.000000000000000000e+00
0.000000000000000000e+00
1.049934904035000038e-05
3.149804712109999846e-04
1.291419931964999995e-03
5.627651085650000121e-03
1.986476838435000114e-02
4.850699256644999680e-02
9.206879173500000235e-02
1.128155054384999967e-01
1.030406114819999996e-01
6.648187812349999615e-02
3.178152954514999740e-02
1.225274033009999923e-02
4.189240267104999901e-03
1.301919281004999991e-03
3.674772164125000135e-04
7.349544328249999457e-05
1.049934904035000038e-05
0.000000000000000000e+00
0.000000000000000000e+00
0.000000000000000000e+00
0.000000000000000000e+00
0.000000000000000000e+00
0.000000000000000000e+00
0.000000000000000000e+00
0.000000000000000000e+00
0.000000000000000000e+00
0.000000000000000000e+00
0.000000000000000000e+00
0.000000000000000000e+00
0.000000000000000000e+00
0.000000000000000000e+00
0.000000000000000000e+00
0.000000000000000000e+00
0.000000000000000000e+00
0.000000000000000000e+00
0.000000000000000000e+00
0.000000000000000000e+00
0.000000000000000000e+00
0.000000000000000000e+00
1.049934904035000038e-05
7.349544328249999457e-05
3.674772164125000135e-04
1.301919281004999991e-03
4.189240267104999901e-03
1.225274033009999923e-02
3.178152954514999740e-02
6.648187812349999615e-02
1.030406114819999996e-01
1.128155054384999967e-01
9.206879173500000235e-02
4.850699256644999680e-02
1.986476838435000114e-02
5.627651085650000121e-03
1.291419931964999995e-03
3.149804712109999846e-04
1.049934904035000038e-05
0.000000000000000000e+00
0.000000000000000000e+00
