6.000000000000000000e+01
2.099869808070000077e-05
1.049934904035000038e-05
5.249674520180000058e-05
2.099869808070000077e-05
1.469908865651000068e-04
4.094746125739999920e-04
1.154928394436999933e-03
2.645835958168500299e-03
4.630212926798999394e-03
8.032002015865000177e-03
9.743395909472998828e-03
1.165427743480199931e-02
1.206375204734999942e-02
1.195875855694999990e-02
1.481458149595000010e-02
1.809037839654999841e-02
2.430599302845000073e-02
3.162403930955000331e-02
3.849061358195000199e-02
4.736256352104999817e-02
5.525807399950000143e-02
5.859686699399999782e-02
5.417664104850000023e-02
4.191340136910000347e-02
2.883121246485000067e-02
1.466759060940000040e-02
6.530595103100000041e-03
2.131367855195000216e-03
5.669648481799999641e-04
9.449414136319998856e-05
9.449414136319998856e-05
5.669648481799999641e-04
2.131367855195000216e-03
6.530595103100000041e-03
1.466759060940000040e-02
2.883121246485000067e-02
4.191340136910000347e-02
5.417664104850000023e-02
5.859686699399999782e-02
5.525807399950000143e-02
4.736256352104999817e-02
3.849061358195000199e-02
3.162403930955000331e-02
2.430599302845000073e-02
1.809037839654999841e-02
1.481458149595000010e-02
1.195875855694999990e-02
1.206375204734999942e-02
1.165427743480199931e-02
9.743395909472998828e-03
8.032002015865000177e-03
4.630212926798999394e-03
2.645835958168500299e-03
1.154928394436999933e-03
4.094746125739999920e-04
1.469908865651000068e-04
2.099869808070000077e-05
5.249674520180000058e-05
1.049934904035000038e-05
2.099869808070000077e-05
