6.000000000000000000e+01
0.000000000000000000e+00
0.000000000000000000e+00
0.000000000000000000e+00
2.099869808070000077e-05
4.724707068159999970e-04
4.115744823820000238e-03
2.224812061650000006e-02
6.822477006450000658e-02
1.263491663515000085e-01
1.374049808910000059e-01
9.011591281349999594e-02
3.823862920499999929e-02
1.061484187980000007e-02
1.847885431105000071e-03
3.359791692915000110e-04
0.000000000000000000e+00
1.049934904035000038e-05
0.000000000000000000e+00
0.000000000000000000e+00
0.000000000000000000e+00
0.000000000000000000e+00
0.000000000000000000e+00
0.000000000000000000e+00
0.000000000000000000e+00
0.000000000000000000e+00
0.000000000000000000e+00
0.000000000000000000e+00
0.000000000000000000e+00
0.000000000000000000e+00
0.000000000000000000e+00
0.000000000000000000e+00
0.000000000000000000e+00
0.000000000000000000e+00
0.000000000000000000e+00
0.000000000000000000e+00
0.000000000000000000e+00
0.000000000000000000e+00
0.000000000000000000e+00
0.000000000000000000e+00
0.000000000000000000e+00
0.000000000000000000e+00
0.000000000000000000e+00
0.000000000000000000e+00
1.049934904035000038e-05
0.000000000000000000e+00
3.359791692915000110e-04
1.847885431105000071e-03
1.061484187980000007e-02
3.823862920499999929e-02
9.011591281349999594e-02
1.374049808910000059e-01
1.263491663515000085e-01
6.822477006450000658e-02
2.224812061650000006e-02
4.115744823820000238e-03
4.724707068159999970e-04
2.099869808070000077e-05
0.000000000000000000e+00
0.000000000000000000e+00
0.000000000000000000e+00
