6.000000000000000000e+01
0.000000000000000000e+00
0.000000000000000000e+00
0.000000000000000000e+00
2.729830750495000060e-04
1.238923186760000107e-03
5.900634160700000269e-03
2.336105161479999984e-02
6.495947251250000498e-02
1.199970601825000038e-01
1.355675948089999916e-01
9.576456259700000251e-02
4.065347948425000052e-02
1.036285750285000085e-02
1.732392591659999989e-03
1.679895846459999954e-04
2.099869808070000077e-05
0.000000000000000000e+00
0.000000000000000000e+00
0.000000000000000000e+00
0.000000000000000000e+00
0.000000000000000000e+00
0.000000000000000000e+00
0.000000000000000000e+00
0.000000000000000000e+00
0.000000000000000000e+00
0.000000000000000000e+00
0.000000000000000000e+00
0.000000000000000000e+00
0.000000000000000000e+00
0.000000000000000000e+00
0.000000000000000000e+00
0.000000000000000000e+00
0.000000000000000000e+00
0.000000000000000000e+00
0.000000000000000000e+00
0.000000000000000000e+00
0.000000000000000000e+00
0.000000000000000000e+00
0.000000000000000000e+00
0.000000000000000000e+00
0.000000000000000000e+00
0.000000000000000000e+00
0.000000000000000000e+00
0.000000000000000000e+00
2.099869808070000077e-05
1.679895846459999954e-04
1.732392591659999989e-03
1.036285750285000085e-02
4.065347948425000052e-02
9.576456259700000251e-02
1.355675948089999916e-01
1.199970601825000038e-01
6.495947251250000498e-02
2.336105161479999984e-02
5.900634160700000269e-03
1.238923186760000107e-03
2.729830750495000060e-04
0.000000000000000000e+00
0.000000000000000000e+00
0.000000000000000000e+00
