6.000000000000000000e+01
0.000000000000000000e+00
0.000000000000000000e+00
0.000000000000000000e+00
4.199739616144999681e-05
7.559531309050000194e-04
5.134181680749999588e-03
2.393851581199999898e-02
7.185754483200000597e-02
1.237558271385000019e-01
1.325962790305000027e-01
8.497123178349999528e-02
3.738818193270000007e-02
1.305069085715000049e-02
4.105245474779999591e-03
1.459409516610000058e-03
4.619713577760000008e-04
1.994876317669999979e-04
8.399479232299999771e-05
5.249674520200000200e-05
4.199739616144999681e-05
1.049934904035000038e-05
4.199739616144999681e-05
3.149804712109999981e-05
1.049934904035000038e-05
1.049934904035000038e-05
0.000000000000000000e+00
0.000000000000000000e+00
0.000000000000000000e+00
0.000000000000000000e+00
0.000000000000000000e+00
0.000000000000000000e+00
0.000000000000000000e+00
0.000000000000000000e+00
0.000000000000000000e+00
0.000000000000000000e+00
1.049934904035000038e-05
1.049934904035000038e-05
3.149804712109999981e-05
4.199739616144999681e-05
1.049934904035000038e-05
4.199739616144999681e-05
5.249674520200000200e-05
8.399479232299999771e-05
1.994876317669999979e-04
4.619713577760000008e-04
1.459409516610000058e-03
4.105245474779999591e-03
1.305069085715000049e-02
3.738818193270000007e-02
8.497123178349999528e-02
1.325962790305000027e-01
1.237558271385000019e-01
7.185754483200000597e-02
2.393851581199999898e-02
5.134181680749999588e-03
7.559531309050000194e-04
4.199739616144999681e-05
0.000000000000000000e+00
0.000000000000000000e+00
0.000000000000000000e+00
