6.000000000000000000e+01
1.049934904035000038e-05
0.000000000000000000e+00
0.000000000000000000e+00
5.249674520200000200e-05
7.349544328249999457e-05
3.674772164125000135e-04
2.498845071605000114e-03
1.012137247489999954e-02
3.201251522404999911e-02
6.828776615850000453e-02
9.948133215750000480e-02
1.003422787784999937e-01
7.861912561400000166e-02
4.900046197135000253e-02
2.846373524839999891e-02
1.468858930744999965e-02
7.696022846599999585e-03
4.147242870939999576e-03
1.805888034939999963e-03
1.102431649239999940e-03
7.034563857050000384e-04
3.044811221705000085e-04
1.259921884844999898e-04
6.299609424200000498e-05
3.149804712109999981e-05
0.000000000000000000e+00
0.000000000000000000e+00
0.000000000000000000e+00
0.000000000000000000e+00
0.000000000000000000e+00
0.000000000000000000e+00
0.000000000000000000e+00
0.000000000000000000e+00
0.000000000000000000e+00
0.000000000000000000e+00
3.149804712109999981e-05
6.299609424200000498e-05
1.259921884844999898e-04
3.044811221705000085e-04
7.034563857050000384e-04
1.102431649239999940e-03
1.805888034939999963e-03
4.147242870939999576e-03
7.696022846599999585e-03
1.468858930744999965e-02
2.846373524839999891e-02
4.900046197135000253e-02
7.861912561400000166e-02
1.003422787784999937e-01
9.948133215750000480e-02
6.828776615850000453e-02
3.201251522404999911e-02
1.012137247489999954e-02
2.498845071605000114e-03
3.674772164125000135e-04
7.349544328249999457e-05
5.249674520200000200e-05
0.000000000000000000e+00
0.000000000000000000e+00
1.049934904035000038e-05
