6.000000000000000000e+01
1.364915375244999860e-04
2.834824240898499827e-04
5.039687539371999264e-04
1.501406912770000043e-03
5.680147830840350485e-03
1.586451639999034852e-02
3.996052244759035199e-02
7.753769266299999352e-02
1.091512326235403452e-01
1.091617319724999952e-01
7.662424929649999661e-02
4.096845995549999730e-02
1.612700012600000107e-02
4.892696652809999831e-03
1.217924488679999898e-03
2.414850279285000035e-04
1.049934904034999971e-04
4.199739616144999681e-05
0.000000000000000000e+00
0.000000000000000000e+00
0.000000000000000000e+00
0.000000000000000000e+00
0.000000000000000000e+00
0.000000000000000000e+00
0.000000000000000000e+00
0.000000000000000000e+00
0.000000000000000000e+00
0.000000000000000000e+00
0.000000000000000000e+00
0.000000000000000000e+00
0.000000000000000000e+00
0.000000000000000000e+00
0.000000000000000000e+00
0.000000000000000000e+00
0.000000000000000000e+00
0.000000000000000000e+00
0.000000000000000000e+00
0.000000000000000000e+00
0.000000000000000000e+00
0.000000000000000000e+00
0.000000000000000000e+00
0.000000000000000000e+00
4.199739616144999681e-05
1.049934904034999971e-04
2.414850279285000035e-04
1.217924488679999898e-03
4.892696652809999831e-03
1.612700012600000107e-02
4.096845995549999730e-02
7.662424929649999661e-02
1.091617319724999952e-01
1.091512326235403452e-01
7.753769266299999352e-02
3.996052244759035199e-02
1.586451639999034852e-02
5.680147830840350485e-03
1.501406912770000043e-03
5.039687539371999264e-04
2.834824240898499827e-04
1.364915375244999860e-04
