6.000000000000000000e+01
1.049934904035000038e-05
0.000000000000000000e+00
5.249674520200000200e-05
1.994876317669999979e-04
1.469908865650000054e-03
6.751081432950000426e-03
2.723531141069999995e-02
7.189954222849999355e-02
1.214669690480000008e-01
1.272521103689999988e-01
8.406828776600000497e-02
3.852211162909999903e-02
1.091932300195000080e-02
2.635336609130000188e-03
6.614589895450000536e-04
7.349544328250000270e-04
8.294485741900000080e-04
1.228423837719999894e-03
1.375414724284999965e-03
1.343916677164999976e-03
7.139557347450000346e-04
3.989752635335000160e-04
1.679895846459999954e-04
4.199739616144999681e-05
2.099869808070000077e-05
0.000000000000000000e+00
0.000000000000000000e+00
0.000000000000000000e+00
0.000000000000000000e+00
0.000000000000000000e+00
0.000000000000000000e+00
0.000000000000000000e+00
0.000000000000000000e+00
0.000000000000000000e+00
0.000000000000000000e+00
2.099869808070000077e-05
4.199739616144999681e-05
1.679895846459999954e-04
3.989752635335000160e-04
7.139557347450000346e-04
1.343916677164999976e-03
1.375414724284999965e-03
1.228423837719999894e-03
8.294485741900000080e-04
7.349544328250000270e-04
6.614589895450000536e-04
2.635336609130000188e-03
1.091932300195000080e-02
3.852211162909999903e-02
8.406828776600000497e-02
1.272521103689999988e-01
1.214669690480000008e-01
7.189954222849999355e-02
2.723531141069999995e-02
6.751081432950000426e-03
1.469908865650000054e-03
1.994876317669999979e-04
5.249674520200000200e-05
0.000000000000000000e+00
1.049934904035000038e-05
