6.000000000000000000e+01
0.000000000000000000e+00
0.000000000000000000e+00
0.000000000000000000e+00
0.000000000000000000e+00
0.000000000000000000e+00
0.000000000000000000e+00
0.000000000000000000e+00
0.000000000000000000e+00
0.000000000000000000e+00
0.000000000000000000e+00
1.049934904035000038e-05
0.000000000000000000e+00
2.099869808070000077e-05
1.049934904034999971e-04
5.564654991399999679e-04
1.942379572465000037e-03
7.465037167699999608e-03
2.176515056064999912e-02
4.869598084920000181e-02
8.553819663200000478e-02
1.125950191089999941e-01
1.100856746879999987e-01
7.093360211650000247e-02
3.129855948929999993e-02
7.801016336999999981e-03
1.123430347319999932e-03
6.299609424200000498e-05
0.000000000000000000e+00
0.000000000000000000e+00
0.000000000000000000e+00
0.000000000000000000e+00
0.000000000000000000e+00
0.000000000000000000e+00
6.299609424200000498e-05
1.123430347319999932e-03
7.801016336999999981e-03
3.129855948929999993e-02
7.093360211650000247e-02
1.100856746879999987e-01
1.125950191089999941e-01
8.553819663200000478e-02
4.869598084920000181e-02
2.176515056064999912e-02
7.465037167699999608e-03
1.942379572465000037e-03
5.564654991399999679e-04
1.049934904034999971e-04
2.099869808070000077e-05
0.000000000000000000e+00
1.049934904035000038e-05
0.000000000000000000e+00
0.000000000000000000e+00
0.000000000000000000e+00
0.000000000000000000e+00
0.000000000000000000e+00
0.000000000000000000e+00
0.000000000000000000e+00
0.000000000000000000e+00
0.000000000000000000e+00
0.000000000000000000e+00
