6.000000000000000000e+01
5.144681029775000298e-04
1.249422535802499840e-03
3.937255890136450408e-03
1.079333081351144946e-02
2.743479904245199955e-02
5.488009743374199639e-02
8.298685481520200191e-02
9.456763680662109983e-02
8.430977279416144998e-02
5.825038847604034620e-02
3.521481668135000020e-02
2.107219352399999912e-02
1.233673512239999957e-02
6.509596404999999988e-03
3.097307966905000175e-03
1.606400403174999911e-03
7.139557347450000346e-04
3.674772164125000135e-04
1.154928394440000002e-04
3.149804712109999981e-05
0.000000000000000000e+00
1.049934904035000038e-05
0.000000000000000000e+00
0.000000000000000000e+00
0.000000000000000000e+00
0.000000000000000000e+00
0.000000000000000000e+00
0.000000000000000000e+00
0.000000000000000000e+00
0.000000000000000000e+00
0.000000000000000000e+00
0.000000000000000000e+00
0.000000000000000000e+00
0.000000000000000000e+00
0.000000000000000000e+00
0.000000000000000000e+00
0.000000000000000000e+00
0.000000000000000000e+00
1.049934904035000038e-05
0.000000000000000000e+00
3.149804712109999981e-05
1.154928394440000002e-04
3.674772164125000135e-04
7.139557347450000346e-04
1.606400403174999911e-03
3.097307966905000175e-03
6.509596404999999988e-03
1.233673512239999957e-02
2.107219352399999912e-02
3.521481668135000020e-02
5.825038847604034620e-02
8.430977279416144998e-02
9.456763680662109983e-02
8.298685481520200191e-02
5.488009743374199639e-02
2.743479904245199955e-02
1.079333081351144946e-02
3.937255890136450408e-03
1.249422535802499840e-03
5.144681029775000298e-04
