6.000000000000000000e+01
0.000000000000000000e+00
0.000000000000000000e+00
0.000000000000000000e+00
2.099869808070000077e-05
9.449414136299999392e-05
8.714459703499999928e-04
4.661710973919999668e-03
1.991726512954999917e-02
5.384066187900000272e-02
9.164881777349999370e-02
1.065263953635000038e-01
9.056738482199999662e-02
5.831338457000000142e-02
3.424887656964999832e-02
1.731342656754999987e-02
9.806392003699999221e-03
5.081684935549999824e-03
3.128806014024999946e-03
1.837386082065000075e-03
1.060434253075000048e-03
5.879635462599999566e-04
3.254798202509999808e-04
1.259921884844999898e-04
2.099869808070000077e-05
0.000000000000000000e+00
0.000000000000000000e+00
0.000000000000000000e+00
0.000000000000000000e+00
0.000000000000000000e+00
0.000000000000000000e+00
0.000000000000000000e+00
0.000000000000000000e+00
0.000000000000000000e+00
0.000000000000000000e+00
0.000000000000000000e+00
0.000000000000000000e+00
2.099869808070000077e-05
1.259921884844999898e-04
3.254798202509999808e-04
5.879635462599999566e-04
1.060434253075000048e-03
1.837386082065000075e-03
3.128806014024999946e-03
5.081684935549999824e-03
9.806392003699999221e-03
1.731342656754999987e-02
3.424887656964999832e-02
5.831338457000000142e-02
9.056738482199999662e-02
1.065263953635000038e-01
9.164881777349999370e-02
5.384066187900000272e-02
1.991726512954999917e-02
4.661710973919999668e-03
8.714459703499999928e-04
9.449414136299999392e-05
2.099869808070000077e-05
0.000000000000000000e+00
0.000000000000000000e+00
0.000000000000000000e+00
