6.000000000000000000e+01
0.000000000000000000e+00
0.000000000000000000e+00
0.000000000000000000e+00
0.000000000000000000e+00
0.000000000000000000e+00
0.000000000000000000e+00
0.000000000000000000e+00
0.000000000000000000e+00
0.000000000000000000e+00
0.000000000000000000e+00
0.000000000000000000e+00
6.299609424200000498e-05
2.309856788880000004e-04
6.299609424200000498e-04
2.435848977365000136e-03
6.562093150199999753e-03
1.592751249424999987e-02
3.460585443699999708e-02
6.459199529650000438e-02
9.577506194599999523e-02
1.112301037334999937e-01
9.095586073649999936e-02
5.364117424699999664e-02
1.896182436689999862e-02
3.853261097809999869e-03
4.829700558564999731e-04
5.249674520200000200e-05
0.000000000000000000e+00
0.000000000000000000e+00
0.000000000000000000e+00
0.000000000000000000e+00
0.000000000000000000e+00
0.000000000000000000e+00
5.249674520200000200e-05
4.829700558564999731e-04
3.853261097809999869e-03
1.896182436689999862e-02
5.364117424699999664e-02
9.095586073649999936e-02
1.112301037334999937e-01
9.577506194599999523e-02
6.459199529650000438e-02
3.460585443699999708e-02
1.592751249424999987e-02
6.562093150199999753e-03
2.435848977365000136e-03
6.299609424200000498e-04
2.309856788880000004e-04
6.299609424200000498e-05
0.000000000000000000e+00
0.000000000000000000e+00
0.000000000000000000e+00
0.000000000000000000e+00
0.000000000000000000e+00
0.000000000000000000e+00
0.000000000000000000e+00
0.000000000000000000e+00
0.000000000000000000e+00
0.000000000000000000e+00
0.000000000000000000e+00
