6.000000000000000000e+01
0.000000000000000000e+00
0.000000000000000000e+00
0.000000000000000000e+00
0.000000000000000000e+00
0.000000000000000000e+00
0.000000000000000000e+00
0.000000000000000000e+00
2.099869808070000077e-05
8.399479232299999771e-05
4.514720087355000248e-04
2.372852883119999819e-03
8.147494855299999145e-03
2.028474234594999925e-02
3.863760446850000169e-02
5.706396203450000287e-02
7.057662424949999458e-02
7.641426231549999781e-02
7.114358909750000126e-02
5.987778757699999815e-02
4.300533366929999712e-02
2.814875477720000033e-02
1.449960102474999978e-02
6.898072319500000125e-03
1.879383478225000060e-03
4.514720087355000248e-04
4.199739616144999681e-05
0.000000000000000000e+00
0.000000000000000000e+00
0.000000000000000000e+00
0.000000000000000000e+00
0.000000000000000000e+00
0.000000000000000000e+00
0.000000000000000000e+00
0.000000000000000000e+00
4.199739616144999681e-05
4.514720087355000248e-04
1.879383478225000060e-03
6.898072319500000125e-03
1.449960102474999978e-02
2.814875477720000033e-02
4.300533366929999712e-02
5.987778757699999815e-02
7.114358909750000126e-02
7.641426231549999781e-02
7.057662424949999458e-02
5.706396203450000287e-02
3.863760446850000169e-02
2.028474234594999925e-02
8.147494855299999145e-03
2.372852883119999819e-03
4.514720087355000248e-04
8.399479232299999771e-05
2.099869808070000077e-05
0.000000000000000000e+00
0.000000000000000000e+00
0.000000000000000000e+00
0.000000000000000000e+00
0.000000000000000000e+00
0.000000000000000000e+00
0.000000000000000000e+00
