6.000000000000000000e+01
0.000000000000000000e+00
0.000000000000000000e+00
0.000000000000000000e+00
1.049934904035000038e-05
0.000000000000000000e+00
2.099869808070000077e-05
3.044811221705000085e-04
2.687833354329999952e-03
1.053084708749999973e-02
3.017512914200000049e-02
6.075973289650000303e-02
8.849901306099999809e-02
9.507160556049999711e-02
8.330183528600000609e-02
5.972029734150000047e-02
3.589727436899999707e-02
1.928730418714999853e-02
8.420477930349999293e-03
3.664272815085000030e-03
1.123430347319999932e-03
3.989752635335000160e-04
9.449414136299999392e-05
3.149804712109999981e-05
0.000000000000000000e+00
0.000000000000000000e+00
0.000000000000000000e+00
0.000000000000000000e+00
0.000000000000000000e+00
0.000000000000000000e+00
0.000000000000000000e+00
0.000000000000000000e+00
0.000000000000000000e+00
0.000000000000000000e+00
0.000000000000000000e+00
0.000000000000000000e+00
0.000000000000000000e+00
0.000000000000000000e+00
3.149804712109999981e-05
9.449414136299999392e-05
3.989752635335000160e-04
1.123430347319999932e-03
3.664272815085000030e-03
8.420477930349999293e-03
1.928730418714999853e-02
3.589727436899999707e-02
5.972029734150000047e-02
8.330183528600000609e-02
9.507160556049999711e-02
8.849901306099999809e-02
6.075973289650000303e-02
3.017512914200000049e-02
1.053084708749999973e-02
2.687833354329999952e-03
3.044811221705000085e-04
2.099869808070000077e-05
0.000000000000000000e+00
1.049934904035000038e-05
0.000000000000000000e+00
0.000000000000000000e+00
0.000000000000000000e+00
