6.000000000000000000e+01
5.249674520180000058e-05
7.349544328270000277e-05
8.399479232299999771e-05
9.449414136335000148e-05
3.149804712108499852e-04
5.039687539349999718e-04
9.134433665099999777e-04
1.207425139639999902e-03
1.385914073324999961e-03
8.609466213099999966e-04
7.874511780250000080e-04
5.564654991399999679e-04
3.044811221705000085e-04
2.309856788880000004e-04
3.254798202509999808e-04
6.404602914600000460e-04
1.417412120450000073e-03
3.307294947714999912e-03
6.425601612699999646e-03
1.215824618874999929e-02
2.276258871950000151e-02
4.089496451219999662e-02
6.661836966100000146e-02
8.574818361250000076e-02
9.039939523749999928e-02
7.617277728799999592e-02
4.840199907604034874e-02
2.443198521693069891e-02
9.470412834396001178e-03
3.454285834274999859e-03
3.454285834274999859e-03
9.470412834396001178e-03
2.443198521693069891e-02
4.840199907604034874e-02
7.617277728799999592e-02
9.039939523749999928e-02
8.574818361250000076e-02
6.661836966100000146e-02
4.089496451219999662e-02
2.276258871950000151e-02
1.215824618874999929e-02
6.425601612699999646e-03
3.307294947714999912e-03
1.417412120450000073e-03
6.404602914600000460e-04
3.254798202509999808e-04
2.309856788880000004e-04
3.044811221705000085e-04
5.564654991399999679e-04
7.874511780250000080e-04
8.609466213099999966e-04
1.385914073324999961e-03
1.207425139639999902e-03
9.134433665099999777e-04
5.039687539349999718e-04
3.149804712108499852e-04
9.449414136335000148e-05
8.399479232299999771e-05
7.349544328270000277e-05
5.249674520180000058e-05
