6.000000000000000000e+01
0.000000000000000000e+00
0.000000000000000000e+00
0.000000000000000000e+00
0.000000000000000000e+00
0.000000000000000000e+00
0.000000000000000000e+00
0.000000000000000000e+00
0.000000000000000000e+00
0.000000000000000000e+00
0.000000000000000000e+00
0.000000000000000000e+00
0.000000000000000000e+00
0.000000000000000000e+00
0.000000000000000000e+00
0.000000000000000000e+00
0.000000000000000000e+00
3.149804712109999981e-05
1.154928394440000002e-04
3.359791692915000110e-04
8.399479232300000042e-04
2.078871109990000111e-03
4.399227247910000166e-03
9.354919994950000595e-03
1.779639662340000081e-02
3.191802108270200278e-02
4.824450884045999866e-02
6.681785729284001052e-02
8.606316408390000949e-02
1.070198647683500009e-01
1.249842509764999970e-01
1.249842509764999970e-01
1.070198647683500009e-01
8.606316408390000949e-02
6.681785729284001052e-02
4.824450884045999866e-02
3.191802108270200278e-02
1.779639662340000081e-02
9.354919994950000595e-03
4.399227247910000166e-03
2.078871109990000111e-03
8.399479232300000042e-04
3.359791692915000110e-04
1.154928394440000002e-04
3.149804712109999981e-05
0.000000000000000000e+00
0.000000000000000000e+00
0.000000000000000000e+00
0.000000000000000000e+00
0.000000000000000000e+00
0.000000000000000000e+00
0.000000000000000000e+00
0.000000000000000000e+00
0.000000000000000000e+00
0.000000000000000000e+00
0.000000000000000000e+00
0.000000000000000000e+00
0.000000000000000000e+00
0.000000000000000000e+00
0.000000000000000000e+00
0.000000000000000000e+00
