6.000000000000000000e+01
0.000000000000000000e+00
2.099869808070000077e-05
2.309856788880000004e-04
1.742891940699999986e-03
9.071437570850000853e-03
3.617025744405000243e-02
9.001091932299999654e-02
1.442610558144999944e-01
1.306329007600000036e-01
6.638738398200000335e-02
1.848935366005000080e-02
2.687833354329999952e-03
2.729830750495000060e-04
2.099869808070000077e-05
0.000000000000000000e+00
0.000000000000000000e+00
0.000000000000000000e+00
0.000000000000000000e+00
0.000000000000000000e+00
0.000000000000000000e+00
0.000000000000000000e+00
0.000000000000000000e+00
0.000000000000000000e+00
0.000000000000000000e+00
0.000000000000000000e+00
0.000000000000000000e+00
0.000000000000000000e+00
0.000000000000000000e+00
0.000000000000000000e+00
0.000000000000000000e+00
0.000000000000000000e+00
0.000000000000000000e+00
0.000000000000000000e+00
0.000000000000000000e+00
0.000000000000000000e+00
0.000000000000000000e+00
0.000000000000000000e+00
0.000000000000000000e+00
0.000000000000000000e+00
0.000000000000000000e+00
0.000000000000000000e+00
0.000000000000000000e+00
0.000000000000000000e+00
0.000000000000000000e+00
0.000000000000000000e+00
0.000000000000000000e+00
2.099869808070000077e-05
2.729830750495000060e-04
2.687833354329999952e-03
1.848935366005000080e-02
6.638738398200000335e-02
1.306329007600000036e-01
1.442610558144999944e-01
9.001091932299999654e-02
3.617025744405000243e-02
9.071437570850000853e-03
1.742891940699999986e-03
2.309856788880000004e-04
2.099869808070000077e-05
0.000000000000000000e+00
