6.000000000000000000e+01
0.000000000000000000e+00
1.154928394440000002e-04
1.333417328124999980e-03
1.004787703160000059e-02
3.995002309855000266e-02
1.003947755240000017e-01
1.457729620765000067e-01
1.237663264879999975e-01
6.047625047249999969e-02
1.558103397590000078e-02
2.351854185039999826e-03
2.099869808069999941e-04
0.000000000000000000e+00
0.000000000000000000e+00
0.000000000000000000e+00
0.000000000000000000e+00
0.000000000000000000e+00
0.000000000000000000e+00
0.000000000000000000e+00
0.000000000000000000e+00
0.000000000000000000e+00
0.000000000000000000e+00
0.000000000000000000e+00
0.000000000000000000e+00
0.000000000000000000e+00
0.000000000000000000e+00
0.000000000000000000e+00
0.000000000000000000e+00
0.000000000000000000e+00
0.000000000000000000e+00
0.000000000000000000e+00
0.000000000000000000e+00
0.000000000000000000e+00
0.000000000000000000e+00
0.000000000000000000e+00
0.000000000000000000e+00
0.000000000000000000e+00
0.000000000000000000e+00
0.000000000000000000e+00
0.000000000000000000e+00
0.000000000000000000e+00
0.000000000000000000e+00
0.000000000000000000e+00
0.000000000000000000e+00
0.000000000000000000e+00
0.000000000000000000e+00
0.000000000000000000e+00
0.000000000000000000e+00
2.099869808069999941e-04
2.351854185039999826e-03
1.558103397590000078e-02
6.047625047249999969e-02
1.237663264879999975e-01
1.457729620765000067e-01
1.003947755240000017e-01
3.995002309855000266e-02
1.004787703160000059e-02
1.333417328124999980e-03
1.154928394440000002e-04
0.000000000000000000e+00
