6.000000000000000000e+01
0.000000000000000000e+00
0.000000000000000000e+00
0.000000000000000000e+00
0.000000000000000000e+00
0.000000000000000000e+00
0.000000000000000000e+00
0.000000000000000000e+00
0.000000000000000000e+00
0.000000000000000000e+00
0.000000000000000000e+00
0.000000000000000000e+00
0.000000000000000000e+00
0.000000000000000000e+00
0.000000000000000000e+00
0.000000000000000000e+00
2.099869808070000077e-05
2.099869808070000077e-05
3.464785183319999871e-04
1.910881525345000049e-03
7.549031959999999951e-03
2.456847675445000129e-02
5.915333249350000072e-02
9.264625593200000175e-02
1.112091050354999944e-01
9.879887447000000600e-02
6.376254672200000473e-02
2.876821637060000131e-02
9.228927806500000081e-03
1.784889336859999971e-03
2.309856788880999909e-04
2.309856788880999909e-04
1.784889336859999971e-03
9.228927806500000081e-03
2.876821637060000131e-02
6.376254672200000473e-02
9.879887447000000600e-02
1.112091050354999944e-01
9.264625593200000175e-02
5.915333249350000072e-02
2.456847675445000129e-02
7.549031959999999951e-03
1.910881525345000049e-03
3.464785183319999871e-04
2.099869808070000077e-05
2.099869808070000077e-05
0.000000000000000000e+00
0.000000000000000000e+00
0.000000000000000000e+00
0.000000000000000000e+00
0.000000000000000000e+00
0.000000000000000000e+00
0.000000000000000000e+00
0.000000000000000000e+00
0.000000000000000000e+00
0.000000000000000000e+00
0.000000000000000000e+00
0.000000000000000000e+00
0.000000000000000000e+00
0.000000000000000000e+00
0.000000000000000000e+00
