6.000000000000000000e+01
0.000000000000000000e+00
0.000000000000000000e+00
0.000000000000000000e+00
0.000000000000000000e+00
0.000000000000000000e+00
0.000000000000000000e+00
0.000000000000000000e+00
0.000000000000000000e+00
0.000000000000000000e+00
0.000000000000000000e+00
0.000000000000000000e+00
0.000000000000000000e+00
1.049934904035000038e-05
1.049934904035000038e-05
8.399479232299999771e-05
6.299609424200000498e-05
0.000000000000000000e+00
7.349544328249999457e-05
4.199739616144999681e-05
7.349544328249999457e-05
6.299609424200000498e-05
8.399479232299999771e-05
2.309856788877000017e-04
3.569778673719999833e-04
1.333417328126000048e-03
4.735206417199999858e-03
2.033723909115000075e-02
6.458149594725000331e-02
1.560203267396000071e-01
2.519003821760000261e-01
2.519003821760000261e-01
1.560203267396000071e-01
6.458149594725000331e-02
2.033723909115000075e-02
4.735206417199999858e-03
1.333417328126000048e-03
3.569778673719999833e-04
2.309856788877000017e-04
8.399479232299999771e-05
6.299609424200000498e-05
7.349544328249999457e-05
4.199739616144999681e-05
7.349544328249999457e-05
0.000000000000000000e+00
6.299609424200000498e-05
8.399479232299999771e-05
1.049934904035000038e-05
1.049934904035000038e-05
0.000000000000000000e+00
0.000000000000000000e+00
0.000000000000000000e+00
0.000000000000000000e+00
0.000000000000000000e+00
0.000000000000000000e+00
0.000000000000000000e+00
0.000000000000000000e+00
0.000000000000000000e+00
0.000000000000000000e+00
0.000000000000000000e+00
0.000000000000000000e+00
