6.000000000000000000e+01
1.488807693925000078e-02
1.873083868800499985e-02
2.753979253285000067e-02
4.193440006720100532e-02
6.143169123516144942e-02
8.227289908004034591e-02
9.079837050099999474e-02
7.964806182004034729e-02
4.967242030994999807e-02
2.316156398304999864e-02
7.801016336999999981e-03
1.742891940699999986e-03
3.464785183319999871e-04
2.099869808070000077e-05
1.049934904035000038e-05
0.000000000000000000e+00
0.000000000000000000e+00
0.000000000000000000e+00
0.000000000000000000e+00
0.000000000000000000e+00
0.000000000000000000e+00
0.000000000000000000e+00
0.000000000000000000e+00
0.000000000000000000e+00
0.000000000000000000e+00
0.000000000000000000e+00
0.000000000000000000e+00
0.000000000000000000e+00
0.000000000000000000e+00
0.000000000000000000e+00
0.000000000000000000e+00
0.000000000000000000e+00
0.000000000000000000e+00
0.000000000000000000e+00
0.000000000000000000e+00
0.000000000000000000e+00
0.000000000000000000e+00
0.000000000000000000e+00
0.000000000000000000e+00
0.000000000000000000e+00
0.000000000000000000e+00
0.000000000000000000e+00
0.000000000000000000e+00
0.000000000000000000e+00
0.000000000000000000e+00
1.049934904035000038e-05
2.099869808070000077e-05
3.464785183319999871e-04
1.742891940699999986e-03
7.801016336999999981e-03
2.316156398304999864e-02
4.967242030994999807e-02
7.964806182004034729e-02
9.079837050099999474e-02
8.227289908004034591e-02
6.143169123516144942e-02
4.193440006720100532e-02
2.753979253285000067e-02
1.873083868800499985e-02
1.488807693925000078e-02
