6.000000000000000000e+01
0.000000000000000000e+00
0.000000000000000000e+00
0.000000000000000000e+00
0.000000000000000000e+00
0.000000000000000000e+00
0.000000000000000000e+00
0.000000000000000000e+00
0.000000000000000000e+00
0.000000000000000000e+00
0.000000000000000000e+00
0.000000000000000000e+00
0.000000000000000000e+00
0.000000000000000000e+00
0.000000000000000000e+00
2.099869808070000077e-05
1.469908865649999891e-04
1.795388685899999967e-03
1.187476376464999955e-02
4.686909411614999937e-02
1.074923354750000060e-01
1.422346814500000112e-01
1.098546890095000034e-01
5.523707530150000211e-02
1.860484649950000166e-02
4.903196001849999611e-03
8.714459703499999928e-04
6.299609424200000498e-05
3.149804712109999981e-05
0.000000000000000000e+00
0.000000000000000000e+00
0.000000000000000000e+00
0.000000000000000000e+00
3.149804712109999981e-05
6.299609424200000498e-05
8.714459703499999928e-04
4.903196001849999611e-03
1.860484649950000166e-02
5.523707530150000211e-02
1.098546890095000034e-01
1.422346814500000112e-01
1.074923354750000060e-01
4.686909411614999937e-02
1.187476376464999955e-02
1.795388685899999967e-03
1.469908865649999891e-04
2.099869808070000077e-05
0.000000000000000000e+00
0.000000000000000000e+00
0.000000000000000000e+00
0.000000000000000000e+00
0.000000000000000000e+00
0.000000000000000000e+00
0.000000000000000000e+00
0.000000000000000000e+00
0.000000000000000000e+00
0.000000000000000000e+00
0.000000000000000000e+00
0.000000000000000000e+00
0.000000000000000000e+00
0.000000000000000000e+00
