6.000000000000000000e+01
6.148418798035000521e-02
5.851287220189999722e-02
5.104783503424999841e-02
4.210238965185000154e-02
3.266347486454999893e-02
2.427449498130999916e-02
1.705094284155499879e-02
1.176977027426500018e-02
8.651463609244999797e-03
5.543656293304999316e-03
4.178740918065000122e-03
3.118306664986500269e-03
2.750829448575500304e-03
2.729830750494000209e-03
2.876821637060350111e-03
3.496283230440350165e-03
4.472722691194999829e-03
5.900634160700000269e-03
8.157994204350000472e-03
1.016336987104999971e-02
1.339716937549999959e-02
1.669396497414999889e-02
2.152366553275000122e-02
2.222712191844999907e-02
2.234261475789999993e-02
1.896182436689999862e-02
1.211624879254999919e-02
6.992566460882500105e-03
3.254798202510500275e-03
1.543404308934999934e-03
1.543404308934999934e-03
3.254798202510500275e-03
6.992566460882500105e-03
1.211624879254999919e-02
1.896182436689999862e-02
2.234261475789999993e-02
2.222712191844999907e-02
2.152366553275000122e-02
1.669396497414999889e-02
1.339716937549999959e-02
1.016336987104999971e-02
8.157994204350000472e-03
5.900634160700000269e-03
4.472722691194999829e-03
3.496283230440350165e-03
2.876821637060350111e-03
2.729830750494000209e-03
2.750829448575500304e-03
3.118306664986500269e-03
4.178740918065000122e-03
5.543656293304999316e-03
8.651463609244999797e-03
1.176977027426500018e-02
1.705094284155499879e-02
2.427449498130999916e-02
3.266347486454999893e-02
4.210238965185000154e-02
5.104783503424999841e-02
5.851287220189999722e-02
6.148418798035000521e-02
