6.000000000000000000e+01
5.795640670280000246e-03
7.349544328240000673e-03
9.354919994939999914e-03
1.140229305782499911e-02
1.596950989039500057e-02
1.972827684681999899e-02
2.237411280502499961e-02
1.985426903530499929e-02
1.424761664776500077e-02
8.714459703509999308e-03
5.018688841289999786e-03
3.212800806349999823e-03
2.194363949434999760e-03
2.215362647516499854e-03
3.002813825542999856e-03
5.071185586491999686e-03
7.412540422480700178e-03
1.257822015033070034e-02
2.022174625174034956e-02
2.882071311579035081e-02
3.924656671284999787e-02
4.884297173575000151e-02
5.303221200299999827e-02
4.819201209525000168e-02
3.570828608624034700e-02
2.293057830415000040e-02
1.460459451514999930e-02
7.591029356180700391e-03
3.538280626601099984e-03
1.774389987818500089e-03
1.774389987818500089e-03
3.538280626601099984e-03
7.591029356180700391e-03
1.460459451514999930e-02
2.293057830415000040e-02
3.570828608624034700e-02
4.819201209525000168e-02
5.303221200299999827e-02
4.884297173575000151e-02
3.924656671284999787e-02
2.882071311579035081e-02
2.022174625174034956e-02
1.257822015033070034e-02
7.412540422480700178e-03
5.071185586491999686e-03
3.002813825542999856e-03
2.215362647516499854e-03
2.194363949434999760e-03
3.212800806349999823e-03
5.018688841289999786e-03
8.714459703509999308e-03
1.424761664776500077e-02
1.985426903530499929e-02
2.237411280502499961e-02
1.972827684681999899e-02
1.596950989039500057e-02
1.140229305782499911e-02
9.354919994939999914e-03
7.349544328240000673e-03
5.795640670280000246e-03
