6.000000000000000000e+01
1.049934904035000038e-05
0.000000000000000000e+00
2.099869808070000077e-05
8.399479232299999771e-05
8.399479232299999771e-05
1.154928394440000002e-04
1.154928394440000002e-04
8.399479232299999771e-05
1.679895846459999954e-04
1.364915375245000131e-04
1.049934904034999971e-04
2.414850279285000035e-04
3.254798202509999808e-04
4.514720087355000248e-04
6.719583385850000498e-04
1.459409516611999977e-03
2.477846373525999756e-03
4.714207719125000640e-03
1.034185880475499940e-02
1.945529377174999922e-02
3.698920666919999767e-02
5.439712737809999921e-02
6.760530847085000072e-02
7.159506110624999642e-02
6.547394061564999757e-02
5.188778295745000158e-02
4.158792154885000009e-02
2.981815127460000006e-02
2.182814665490000194e-02
1.775439922725000064e-02
1.775439922725000064e-02
2.182814665490000194e-02
2.981815127460000006e-02
4.158792154885000009e-02
5.188778295745000158e-02
6.547394061564999757e-02
7.159506110624999642e-02
6.760530847085000072e-02
5.439712737809999921e-02
3.698920666919999767e-02
1.945529377174999922e-02
1.034185880475499940e-02
4.714207719125000640e-03
2.477846373525999756e-03
1.459409516611999977e-03
6.719583385850000498e-04
4.514720087355000248e-04
3.254798202509999808e-04
2.414850279285000035e-04
1.049934904034999971e-04
1.364915375245000131e-04
1.679895846459999954e-04
8.399479232299999771e-05
1.154928394440000002e-04
1.154928394440000002e-04
8.399479232299999771e-05
8.399479232299999771e-05
2.099869808070000077e-05
0.000000000000000000e+00
1.049934904035000038e-05
