6.000000000000000000e+01
7.675024148504999699e-02
7.072361513585000148e-02
6.411952458944999989e-02
5.462811305694999925e-02
4.192390071814999786e-02
3.373440846669999854e-02
2.636386544032999837e-02
1.962328335643499788e-02
1.499307042960999932e-02
1.237873251858000005e-02
9.974381588324499406e-03
9.669900466155499988e-03
8.504472722672998600e-03
8.399479232280701244e-03
8.451975977499999806e-03
8.231489647640349155e-03
7.528033261940350433e-03
6.478098357900000277e-03
5.386166057690350284e-03
4.241737012304999666e-03
2.530343118725350299e-03
1.490907563730350027e-03
1.259921884845000006e-03
7.559531309050000194e-04
6.194615933800000536e-04
5.144681029799999831e-04
3.989752635335000160e-04
1.889882827264999948e-04
1.259921884844999898e-04
1.049934904035000038e-05
1.049934904035000038e-05
1.259921884844999898e-04
1.889882827264999948e-04
3.989752635335000160e-04
5.144681029799999831e-04
6.194615933800000536e-04
7.559531309050000194e-04
1.259921884845000006e-03
1.490907563730350027e-03
2.530343118725350299e-03
4.241737012304999666e-03
5.386166057690350284e-03
6.478098357900000277e-03
7.528033261940350433e-03
8.231489647640349155e-03
8.451975977499999806e-03
8.399479232280701244e-03
8.504472722672998600e-03
9.669900466155499988e-03
9.974381588324499406e-03
1.237873251858000005e-02
1.499307042960999932e-02
1.962328335643499788e-02
2.636386544032999837e-02
3.373440846669999854e-02
4.192390071814999786e-02
5.462811305694999925e-02
6.411952458944999989e-02
7.072361513585000148e-02
7.675024148504999699e-02
