6.000000000000000000e+01
0.000000000000000000e+00
0.000000000000000000e+00
0.000000000000000000e+00
0.000000000000000000e+00
0.000000000000000000e+00
0.000000000000000000e+00
0.000000000000000000e+00
0.000000000000000000e+00
0.000000000000000000e+00
1.049934904035000038e-05
1.049934904035000038e-05
5.249674520200000200e-05
1.889882827264999948e-04
3.674772164125000135e-04
9.344420645899999701e-04
2.981815127460000093e-03
6.698584687749999794e-03
1.586451640000000052e-02
3.331443450504999876e-02
5.930032337999999875e-02
8.567468816949999622e-02
9.569106715399999796e-02
8.601066733850000479e-02
5.872285918249999653e-02
3.173953214900000069e-02
1.442610558145000083e-02
5.365167359599999630e-03
1.963378270545000030e-03
4.304733106548499989e-04
2.519843769684499638e-04
2.519843769684499638e-04
4.304733106548499989e-04
1.963378270545000030e-03
5.365167359599999630e-03
1.442610558145000083e-02
3.173953214900000069e-02
5.872285918249999653e-02
8.601066733850000479e-02
9.569106715399999796e-02
8.567468816949999622e-02
5.930032337999999875e-02
3.331443450504999876e-02
1.586451640000000052e-02
6.698584687749999794e-03
2.981815127460000093e-03
9.344420645899999701e-04
3.674772164125000135e-04
1.889882827264999948e-04
5.249674520200000200e-05
1.049934904035000038e-05
1.049934904035000038e-05
0.000000000000000000e+00
0.000000000000000000e+00
0.000000000000000000e+00
0.000000000000000000e+00
0.000000000000000000e+00
0.000000000000000000e+00
0.000000000000000000e+00
0.000000000000000000e+00
0.000000000000000000e+00
