6.000000000000000000e+01
2.047373062870000079e-02
2.303557179457000129e-02
3.025912393434000008e-02
4.051698794677000004e-02
5.302171265395499988e-02
6.312208643079149362e-02
7.134307672925099819e-02
6.680735794388800719e-02
5.511108311262109816e-02
3.753517281928069743e-02
2.133467724999999968e-02
1.049934904034999922e-02
4.451723993109999930e-03
1.826886733025000079e-03
4.724707068159999970e-04
1.364915375245000131e-04
2.099869808070000077e-05
3.149804712109999981e-05
0.000000000000000000e+00
0.000000000000000000e+00
0.000000000000000000e+00
0.000000000000000000e+00
0.000000000000000000e+00
0.000000000000000000e+00
0.000000000000000000e+00
0.000000000000000000e+00
0.000000000000000000e+00
0.000000000000000000e+00
0.000000000000000000e+00
0.000000000000000000e+00
0.000000000000000000e+00
0.000000000000000000e+00
0.000000000000000000e+00
0.000000000000000000e+00
0.000000000000000000e+00
0.000000000000000000e+00
0.000000000000000000e+00
0.000000000000000000e+00
0.000000000000000000e+00
0.000000000000000000e+00
0.000000000000000000e+00
0.000000000000000000e+00
3.149804712109999981e-05
2.099869808070000077e-05
1.364915375245000131e-04
4.724707068159999970e-04
1.826886733025000079e-03
4.451723993109999930e-03
1.049934904034999922e-02
2.133467724999999968e-02
3.753517281928069743e-02
5.511108311262109816e-02
6.680735794388800719e-02
7.134307672925099819e-02
6.312208643079149362e-02
5.302171265395499988e-02
4.051698794677000004e-02
3.025912393434000008e-02
2.303557179457000129e-02
2.047373062870000079e-02
