6.000000000000000000e+01
0.000000000000000000e+00
0.000000000000000000e+00
0.000000000000000000e+00
0.000000000000000000e+00
0.000000000000000000e+00
0.000000000000000000e+00
0.000000000000000000e+00
0.000000000000000000e+00
0.000000000000000000e+00
0.000000000000000000e+00
0.000000000000000000e+00
0.000000000000000000e+00
0.000000000000000000e+00
0.000000000000000000e+00
0.000000000000000000e+00
9.449414136299999392e-05
2.204863298474999973e-04
1.112930998279999936e-03
5.060686237449999771e-03
1.635798580489999932e-02
4.235437402879999730e-02
8.266137499499999486e-02
1.188316324389999956e-01
1.174352190165000032e-01
7.681323757949999609e-02
3.170803410189999838e-02
6.352106169399999828e-03
9.449414136299999663e-04
4.199739616144999681e-05
1.049934904035000038e-05
1.049934904035000038e-05
4.199739616144999681e-05
9.449414136299999663e-04
6.352106169399999828e-03
3.170803410189999838e-02
7.681323757949999609e-02
1.174352190165000032e-01
1.188316324389999956e-01
8.266137499499999486e-02
4.235437402879999730e-02
1.635798580489999932e-02
5.060686237449999771e-03
1.112930998279999936e-03
2.204863298474999973e-04
9.449414136299999392e-05
0.000000000000000000e+00
0.000000000000000000e+00
0.000000000000000000e+00
0.000000000000000000e+00
0.000000000000000000e+00
0.000000000000000000e+00
0.000000000000000000e+00
0.000000000000000000e+00
0.000000000000000000e+00
0.000000000000000000e+00
0.000000000000000000e+00
0.000000000000000000e+00
0.000000000000000000e+00
0.000000000000000000e+00
0.000000000000000000e+00
