6.000000000000000000e+01
1.049934904035000038e-05
5.249674520200000200e-05
2.414850279285000035e-04
1.249422535805000010e-03
7.192054092650000327e-03
3.005963630254999963e-02
8.499223048149999460e-02
1.397253370290000019e-01
1.362920498930000057e-01
7.308596867000000108e-02
2.261559783294999834e-02
3.958254588214999738e-03
4.829700558564999731e-04
4.199739616144999681e-05
0.000000000000000000e+00
0.000000000000000000e+00
0.000000000000000000e+00
0.000000000000000000e+00
0.000000000000000000e+00
0.000000000000000000e+00
0.000000000000000000e+00
0.000000000000000000e+00
0.000000000000000000e+00
0.000000000000000000e+00
0.000000000000000000e+00
0.000000000000000000e+00
0.000000000000000000e+00
0.000000000000000000e+00
0.000000000000000000e+00
0.000000000000000000e+00
0.000000000000000000e+00
0.000000000000000000e+00
0.000000000000000000e+00
0.000000000000000000e+00
0.000000000000000000e+00
0.000000000000000000e+00
0.000000000000000000e+00
0.000000000000000000e+00
0.000000000000000000e+00
0.000000000000000000e+00
0.000000000000000000e+00
0.000000000000000000e+00
0.000000000000000000e+00
0.000000000000000000e+00
0.000000000000000000e+00
0.000000000000000000e+00
4.199739616144999681e-05
4.829700558564999731e-04
3.958254588214999738e-03
2.261559783294999834e-02
7.308596867000000108e-02
1.362920498930000057e-01
1.397253370290000019e-01
8.499223048149999460e-02
3.005963630254999963e-02
7.192054092650000327e-03
1.249422535805000010e-03
2.414850279285000035e-04
5.249674520200000200e-05
1.049934904035000038e-05
