6.000000000000000000e+01
4.640712275840000109e-03
5.018688841289999786e-03
6.289110075175999640e-03
9.848389399872000891e-03
1.701944479444399833e-02
3.071059594307110063e-02
5.069085716704035266e-02
7.528033261954035493e-02
8.848851371200000537e-02
8.524421485850000590e-02
6.438200831550000558e-02
3.639074377390000281e-02
1.742891940700000072e-02
6.005627651099999798e-03
1.900382176305000052e-03
3.989752635335000160e-04
1.889882827264999948e-04
5.249674520200000200e-05
1.049934904035000038e-05
1.049934904035000038e-05
0.000000000000000000e+00
0.000000000000000000e+00
0.000000000000000000e+00
0.000000000000000000e+00
0.000000000000000000e+00
0.000000000000000000e+00
0.000000000000000000e+00
0.000000000000000000e+00
0.000000000000000000e+00
0.000000000000000000e+00
0.000000000000000000e+00
0.000000000000000000e+00
0.000000000000000000e+00
0.000000000000000000e+00
0.000000000000000000e+00
0.000000000000000000e+00
0.000000000000000000e+00
0.000000000000000000e+00
0.000000000000000000e+00
0.000000000000000000e+00
1.049934904035000038e-05
1.049934904035000038e-05
5.249674520200000200e-05
1.889882827264999948e-04
3.989752635335000160e-04
1.900382176305000052e-03
6.005627651099999798e-03
1.742891940700000072e-02
3.639074377390000281e-02
6.438200831550000558e-02
8.524421485850000590e-02
8.848851371200000537e-02
7.528033261954035493e-02
5.069085716704035266e-02
3.071059594307110063e-02
1.701944479444399833e-02
9.848389399872000891e-03
6.289110075175999640e-03
5.018688841289999786e-03
4.640712275840000109e-03
