6.000000000000000000e+01
3.149804712104999776e-05
1.049934904034999971e-04
4.304733106545000185e-04
2.215362647515000186e-03
7.958506572599999274e-03
2.762378732519999922e-02
6.226113980950000182e-02
1.067783797405000012e-01
1.268741338034999888e-01
1.002267859395000044e-01
4.846499517030000009e-02
1.421611860065000003e-02
2.561841165849999997e-03
2.519843769684999998e-04
0.000000000000000000e+00
0.000000000000000000e+00
0.000000000000000000e+00
0.000000000000000000e+00
0.000000000000000000e+00
0.000000000000000000e+00
0.000000000000000000e+00
0.000000000000000000e+00
0.000000000000000000e+00
0.000000000000000000e+00
0.000000000000000000e+00
0.000000000000000000e+00
0.000000000000000000e+00
0.000000000000000000e+00
0.000000000000000000e+00
0.000000000000000000e+00
0.000000000000000000e+00
0.000000000000000000e+00
0.000000000000000000e+00
0.000000000000000000e+00
0.000000000000000000e+00
0.000000000000000000e+00
0.000000000000000000e+00
0.000000000000000000e+00
0.000000000000000000e+00
0.000000000000000000e+00
0.000000000000000000e+00
0.000000000000000000e+00
0.000000000000000000e+00
0.000000000000000000e+00
0.000000000000000000e+00
0.000000000000000000e+00
2.519843769684999998e-04
2.561841165849999997e-03
1.421611860065000003e-02
4.846499517030000009e-02
1.002267859395000044e-01
1.268741338034999888e-01
1.067783797405000012e-01
6.226113980950000182e-02
2.762378732519999922e-02
7.958506572599999274e-03
2.215362647515000186e-03
4.304733106545000185e-04
1.049934904034999971e-04
3.149804712104999776e-05
