6.000000000000000000e+01
2.099869808070999847e-04
5.354668010599999755e-04
1.564403007014999927e-03
5.764142623150000228e-03
1.931880223425000084e-02
5.310570744600000281e-02
1.030091134349999937e-01
1.362500524964999904e-01
1.104321532065000028e-01
5.364117424699999664e-02
1.374364789385000042e-02
2.194363949435000193e-03
2.309856788880000004e-04
0.000000000000000000e+00
0.000000000000000000e+00
0.000000000000000000e+00
0.000000000000000000e+00
0.000000000000000000e+00
0.000000000000000000e+00
0.000000000000000000e+00
0.000000000000000000e+00
0.000000000000000000e+00
0.000000000000000000e+00
0.000000000000000000e+00
0.000000000000000000e+00
0.000000000000000000e+00
0.000000000000000000e+00
0.000000000000000000e+00
0.000000000000000000e+00
0.000000000000000000e+00
0.000000000000000000e+00
0.000000000000000000e+00
0.000000000000000000e+00
0.000000000000000000e+00
0.000000000000000000e+00
0.000000000000000000e+00
0.000000000000000000e+00
0.000000000000000000e+00
0.000000000000000000e+00
0.000000000000000000e+00
0.000000000000000000e+00
0.000000000000000000e+00
0.000000000000000000e+00
0.000000000000000000e+00
0.000000000000000000e+00
0.000000000000000000e+00
0.000000000000000000e+00
2.309856788880000004e-04
2.194363949435000193e-03
1.374364789385000042e-02
5.364117424699999664e-02
1.104321532065000028e-01
1.362500524964999904e-01
1.030091134349999937e-01
5.310570744600000281e-02
1.931880223425000084e-02
5.764142623150000228e-03
1.564403007014999927e-03
5.354668010599999755e-04
2.099869808070999847e-04
