6.000000000000000000e+01
1.889882827265999853e-04
6.404602914607000069e-04
2.036873713830700088e-03
7.538532611000000293e-03
2.298307504934999843e-02
5.680147830849999885e-02
1.004682709670000063e-01
1.313363571460000045e-01
1.038175633110000051e-01
5.375666708650000264e-02
1.700894544539999914e-02
3.086808617864999962e-03
3.149804712109999846e-04
2.099869808070000077e-05
0.000000000000000000e+00
0.000000000000000000e+00
0.000000000000000000e+00
0.000000000000000000e+00
0.000000000000000000e+00
0.000000000000000000e+00
0.000000000000000000e+00
0.000000000000000000e+00
0.000000000000000000e+00
0.000000000000000000e+00
0.000000000000000000e+00
0.000000000000000000e+00
0.000000000000000000e+00
0.000000000000000000e+00
0.000000000000000000e+00
0.000000000000000000e+00
0.000000000000000000e+00
0.000000000000000000e+00
0.000000000000000000e+00
0.000000000000000000e+00
0.000000000000000000e+00
0.000000000000000000e+00
0.000000000000000000e+00
0.000000000000000000e+00
0.000000000000000000e+00
0.000000000000000000e+00
0.000000000000000000e+00
0.000000000000000000e+00
0.000000000000000000e+00
0.000000000000000000e+00
0.000000000000000000e+00
0.000000000000000000e+00
2.099869808070000077e-05
3.149804712109999846e-04
3.086808617864999962e-03
1.700894544539999914e-02
5.375666708650000264e-02
1.038175633110000051e-01
1.313363571460000045e-01
1.004682709670000063e-01
5.680147830849999885e-02
2.298307504934999843e-02
7.538532611000000293e-03
2.036873713830700088e-03
6.404602914607000069e-04
1.889882827265999853e-04
