6.000000000000000000e+01
5.039687539374999251e-04
5.564654991390000083e-04
5.459661500990000121e-04
3.569778673721000009e-04
2.624837260088499764e-04
1.469908865650000162e-04
8.399479232270001252e-05
4.199739616144999681e-05
6.299609424234999899e-05
3.149804712104999776e-05
1.049934904035000038e-05
0.000000000000000000e+00
0.000000000000000000e+00
0.000000000000000000e+00
0.000000000000000000e+00
0.000000000000000000e+00
1.049934904035000038e-05
5.249674520200000200e-05
3.254798202509999808e-04
1.480408214690000050e-03
4.399227247910000166e-03
1.148628785015000028e-02
2.548192012094034967e-02
4.917895090504999928e-02
7.517533912899999893e-02
9.922934778054035010e-02
9.972281718520199789e-02
7.307546932072649104e-02
3.927806476000499786e-02
1.849985300912000002e-02
1.849985300912000002e-02
3.927806476000499786e-02
7.307546932072649104e-02
9.972281718520199789e-02
9.922934778054035010e-02
7.517533912899999893e-02
4.917895090504999928e-02
2.548192012094034967e-02
1.148628785015000028e-02
4.399227247910000166e-03
1.480408214690000050e-03
3.254798202509999808e-04
5.249674520200000200e-05
1.049934904035000038e-05
0.000000000000000000e+00
0.000000000000000000e+00
0.000000000000000000e+00
0.000000000000000000e+00
0.000000000000000000e+00
1.049934904035000038e-05
3.149804712104999776e-05
6.299609424234999899e-05
4.199739616144999681e-05
8.399479232270001252e-05
1.469908865650000162e-04
2.624837260088499764e-04
3.569778673721000009e-04
5.459661500990000121e-04
5.564654991390000083e-04
5.039687539374999251e-04
