6.000000000000000000e+01
6.971567762799998902e-02
6.319558187390000858e-02
4.795052706735000031e-02
3.707320146150000495e-02
3.046911091509999642e-02
2.908319684179999989e-02
3.691571122589500098e-02
4.312082650877999829e-02
4.536768720340700334e-02
3.957204653312300369e-02
2.866322288019999831e-02
1.611650077694999975e-02
7.349544328249999620e-03
3.107807315944999954e-03
9.554407626749999776e-04
5.879635462599999566e-04
3.884759144935000198e-04
1.889882827264999948e-04
9.449414136299999392e-05
5.249674520200000200e-05
2.099869808070000077e-05
1.049934904035000038e-05
0.000000000000000000e+00
0.000000000000000000e+00
0.000000000000000000e+00
0.000000000000000000e+00
0.000000000000000000e+00
0.000000000000000000e+00
0.000000000000000000e+00
0.000000000000000000e+00
0.000000000000000000e+00
0.000000000000000000e+00
0.000000000000000000e+00
0.000000000000000000e+00
0.000000000000000000e+00
0.000000000000000000e+00
0.000000000000000000e+00
0.000000000000000000e+00
1.049934904035000038e-05
2.099869808070000077e-05
5.249674520200000200e-05
9.449414136299999392e-05
1.889882827264999948e-04
3.884759144935000198e-04
5.879635462599999566e-04
9.554407626749999776e-04
3.107807315944999954e-03
7.349544328249999620e-03
1.611650077694999975e-02
2.866322288019999831e-02
3.957204653312300369e-02
4.536768720340700334e-02
4.312082650877999829e-02
3.691571122589500098e-02
2.908319684179999989e-02
3.046911091509999642e-02
3.707320146150000495e-02
4.795052706735000031e-02
6.319558187390000858e-02
6.971567762799998902e-02
