6.000000000000000000e+01
2.110369157109999883e-03
2.215362647517499922e-03
2.278358741758499968e-03
2.467347024486500010e-03
2.446348326405999984e-03
2.477846373524500087e-03
3.412288438115000308e-03
4.462223342155000050e-03
5.228675822095000050e-03
4.493721389275000255e-03
4.147242870944999917e-03
3.359791692914500076e-03
3.244298853473499833e-03
3.086808617866449757e-03
4.609214228715700391e-03
7.139557347440350296e-03
1.153878459535000005e-02
1.772290118014999832e-02
2.657385242114999879e-02
3.945655369364999693e-02
5.035487799749999854e-02
5.879635462599999696e-02
6.229263785650000079e-02
5.982529083199999986e-02
4.749905505859999821e-02
3.375540716474999953e-02
2.047373062870000079e-02
9.816891352740348548e-03
3.454285834278000063e-03
1.259921884843500121e-03
1.259921884843500121e-03
3.454285834278000063e-03
9.816891352740348548e-03
2.047373062870000079e-02
3.375540716474999953e-02
4.749905505859999821e-02
5.982529083199999986e-02
6.229263785650000079e-02
5.879635462599999696e-02
5.035487799749999854e-02
3.945655369364999693e-02
2.657385242114999879e-02
1.772290118014999832e-02
1.153878459535000005e-02
7.139557347440350296e-03
4.609214228715700391e-03
3.086808617866449757e-03
3.244298853473499833e-03
3.359791692914500076e-03
4.147242870944999917e-03
4.493721389275000255e-03
5.228675822095000050e-03
4.462223342155000050e-03
3.412288438115000308e-03
2.477846373524500087e-03
2.446348326405999984e-03
2.467347024486500010e-03
2.278358741758499968e-03
2.215362647517499922e-03
2.110369157109999883e-03
