6.000000000000000000e+01
1.224224098104999964e-02
1.862584519758000295e-02
3.152954516818499975e-02
4.896896392424750222e-02
7.101759690898450106e-02
8.470874805758070447e-02
8.792154886404035530e-02
7.265549535949999971e-02
4.512620217544999895e-02
1.970727814875000011e-02
5.911133509699999927e-03
1.343916677164999976e-03
2.099869808069999941e-04
2.099869808070000077e-05
1.049934904035000038e-05
0.000000000000000000e+00
0.000000000000000000e+00
0.000000000000000000e+00
0.000000000000000000e+00
0.000000000000000000e+00
0.000000000000000000e+00
0.000000000000000000e+00
0.000000000000000000e+00
0.000000000000000000e+00
0.000000000000000000e+00
0.000000000000000000e+00
0.000000000000000000e+00
0.000000000000000000e+00
0.000000000000000000e+00
0.000000000000000000e+00
0.000000000000000000e+00
0.000000000000000000e+00
0.000000000000000000e+00
0.000000000000000000e+00
0.000000000000000000e+00
0.000000000000000000e+00
0.000000000000000000e+00
0.000000000000000000e+00
0.000000000000000000e+00
0.000000000000000000e+00
0.000000000000000000e+00
0.000000000000000000e+00
0.000000000000000000e+00
0.000000000000000000e+00
0.000000000000000000e+00
1.049934904035000038e-05
2.099869808070000077e-05
2.099869808069999941e-04
1.343916677164999976e-03
5.911133509699999927e-03
1.970727814875000011e-02
4.512620217544999895e-02
7.265549535949999971e-02
8.792154886404035530e-02
8.470874805758070447e-02
7.101759690898450106e-02
4.896896392424750222e-02
3.152954516818499975e-02
1.862584519758000295e-02
1.224224098104999964e-02
