6.000000000000000000e+01
1.784889336859999916e-04
2.729830750496000237e-04
3.044811221703499549e-04
1.028936205955000060e-03
4.882197303764999712e-03
2.155516357985000006e-02
6.257612028049999719e-02
1.160178068959999975e-01
1.362500524964999904e-01
9.652051572799999479e-02
4.414976271470000269e-02
1.307168955524999968e-02
2.771828146654999828e-03
3.464785183319999871e-04
6.299609424200000498e-05
1.049934904035000038e-05
0.000000000000000000e+00
0.000000000000000000e+00
0.000000000000000000e+00
0.000000000000000000e+00
0.000000000000000000e+00
0.000000000000000000e+00
0.000000000000000000e+00
0.000000000000000000e+00
0.000000000000000000e+00
0.000000000000000000e+00
0.000000000000000000e+00
0.000000000000000000e+00
0.000000000000000000e+00
0.000000000000000000e+00
0.000000000000000000e+00
0.000000000000000000e+00
0.000000000000000000e+00
0.000000000000000000e+00
0.000000000000000000e+00
0.000000000000000000e+00
0.000000000000000000e+00
0.000000000000000000e+00
0.000000000000000000e+00
0.000000000000000000e+00
0.000000000000000000e+00
0.000000000000000000e+00
0.000000000000000000e+00
0.000000000000000000e+00
1.049934904035000038e-05
6.299609424200000498e-05
3.464785183319999871e-04
2.771828146654999828e-03
1.307168955524999968e-02
4.414976271470000269e-02
9.652051572799999479e-02
1.362500524964999904e-01
1.160178068959999975e-01
6.257612028049999719e-02
2.155516357985000006e-02
4.882197303764999712e-03
1.028936205955000060e-03
3.044811221703499549e-04
2.729830750496000237e-04
1.784889336859999916e-04
