6.000000000000000000e+01
0.000000000000000000e+00
0.000000000000000000e+00
0.000000000000000000e+00
0.000000000000000000e+00
0.000000000000000000e+00
0.000000000000000000e+00
0.000000000000000000e+00
0.000000000000000000e+00
0.000000000000000000e+00
0.000000000000000000e+00
0.000000000000000000e+00
1.259921884844999898e-04
4.514720087355000248e-04
1.312418630044999987e-03
3.559279324680000162e-03
9.564906975749999651e-03
2.182814665489999847e-02
3.960354458024999830e-02
6.033975893500000132e-02
7.400991138550000459e-02
7.269749275549999834e-02
6.333207341150000336e-02
4.807651925579999735e-02
3.274746965690000094e-02
2.202763428664999967e-02
1.773340052915000145e-02
1.353366091304034936e-02
9.869388097930699780e-03
5.984628953014999898e-03
3.202301457310000043e-03
3.202301457310000043e-03
5.984628953014999898e-03
9.869388097930699780e-03
1.353366091304034936e-02
1.773340052915000145e-02
2.202763428664999967e-02
3.274746965690000094e-02
4.807651925579999735e-02
6.333207341150000336e-02
7.269749275549999834e-02
7.400991138550000459e-02
6.033975893500000132e-02
3.960354458024999830e-02
2.182814665489999847e-02
9.564906975749999651e-03
3.559279324680000162e-03
1.312418630044999987e-03
4.514720087355000248e-04
1.259921884844999898e-04
0.000000000000000000e+00
0.000000000000000000e+00
0.000000000000000000e+00
0.000000000000000000e+00
0.000000000000000000e+00
0.000000000000000000e+00
0.000000000000000000e+00
0.000000000000000000e+00
0.000000000000000000e+00
0.000000000000000000e+00
0.000000000000000000e+00
