6.000000000000000000e+01
1.753391289740000199e-03
2.099869808070000104e-03
3.317794296755000125e-03
6.824576876235000089e-03
1.452059972279499955e-02
3.365041367437500430e-02
5.593003233783999661e-02
7.089160472073550989e-02
5.762042753357399932e-02
3.488933686111850285e-02
1.395363487461850037e-02
4.504220738312499431e-03
1.501406912773000030e-03
6.824576876235000523e-04
5.354668010584999818e-04
9.344420645905000041e-04
1.123430347317499979e-03
1.910881525348000036e-03
3.517281928520700138e-03
6.877073621450000007e-03
1.089832430389034955e-02
1.668346562514999923e-02
2.261559783294034981e-02
2.853723069169999960e-02
2.933518121874999912e-02
2.681533744909999836e-02
2.199613623955199923e-02
1.454159842092299891e-02
7.318046281128500613e-03
4.220738314225000107e-03
4.220738314225000107e-03
7.318046281128500613e-03
1.454159842092299891e-02
2.199613623955199923e-02
2.681533744909999836e-02
2.933518121874999912e-02
2.853723069169999960e-02
2.261559783294034981e-02
1.668346562514999923e-02
1.089832430389034955e-02
6.877073621450000007e-03
3.517281928520700138e-03
1.910881525348000036e-03
1.123430347317499979e-03
9.344420645905000041e-04
5.354668010584999818e-04
6.824576876235000523e-04
1.501406912773000030e-03
4.504220738312499431e-03
1.395363487461850037e-02
3.488933686111850285e-02
5.762042753357399932e-02
7.089160472073550989e-02
5.593003233783999661e-02
3.365041367437500430e-02
1.452059972279499955e-02
6.824576876235000089e-03
3.317794296755000125e-03
2.099869808070000104e-03
1.753391289740000199e-03
