6.000000000000000000e+01
4.514720087355000248e-04
7.139557347425000812e-04
1.952878921506450045e-03
6.992566460890350596e-03
2.080970979799999857e-02
5.363067489799999699e-02
9.938683801599999812e-02
1.271156188314999935e-01
1.077548192009999961e-01
5.589853429100000159e-02
1.788039141574999935e-02
4.073747427660000253e-03
1.511906261810000039e-03
8.399479232300000042e-04
5.984628952999999528e-04
2.309856788880000004e-04
1.154928394440000002e-04
1.049934904035000038e-05
3.149804712109999981e-05
0.000000000000000000e+00
0.000000000000000000e+00
0.000000000000000000e+00
0.000000000000000000e+00
0.000000000000000000e+00
0.000000000000000000e+00
0.000000000000000000e+00
0.000000000000000000e+00
0.000000000000000000e+00
0.000000000000000000e+00
0.000000000000000000e+00
0.000000000000000000e+00
0.000000000000000000e+00
0.000000000000000000e+00
0.000000000000000000e+00
0.000000000000000000e+00
0.000000000000000000e+00
0.000000000000000000e+00
0.000000000000000000e+00
0.000000000000000000e+00
0.000000000000000000e+00
0.000000000000000000e+00
3.149804712109999981e-05
1.049934904035000038e-05
1.154928394440000002e-04
2.309856788880000004e-04
5.984628952999999528e-04
8.399479232300000042e-04
1.511906261810000039e-03
4.073747427660000253e-03
1.788039141574999935e-02
5.589853429100000159e-02
1.077548192009999961e-01
1.271156188314999935e-01
9.938683801599999812e-02
5.363067489799999699e-02
2.080970979799999857e-02
6.992566460890350596e-03
1.952878921506450045e-03
7.139557347425000812e-04
4.514720087355000248e-04
