6.000000000000000000e+01
3.107807315948500192e-03
1.006887572968250162e-02
3.092058292384999851e-02
6.643988072749999751e-02
9.967032044000000146e-02
1.063164083825000050e-01
8.026752341350000541e-02
5.095334089300000008e-02
2.744529839149999900e-02
1.382764268615000076e-02
6.383604216550000342e-03
2.414850279285000144e-03
1.280920582924999999e-03
5.774641972199999604e-04
1.889882827264999948e-04
1.049934904034999971e-04
0.000000000000000000e+00
3.149804712109999981e-05
0.000000000000000000e+00
0.000000000000000000e+00
0.000000000000000000e+00
0.000000000000000000e+00
0.000000000000000000e+00
0.000000000000000000e+00
0.000000000000000000e+00
0.000000000000000000e+00
0.000000000000000000e+00
0.000000000000000000e+00
0.000000000000000000e+00
0.000000000000000000e+00
0.000000000000000000e+00
0.000000000000000000e+00
0.000000000000000000e+00
0.000000000000000000e+00
0.000000000000000000e+00
0.000000000000000000e+00
0.000000000000000000e+00
0.000000000000000000e+00
0.000000000000000000e+00
0.000000000000000000e+00
0.000000000000000000e+00
0.000000000000000000e+00
3.149804712109999981e-05
0.000000000000000000e+00
1.049934904034999971e-04
1.889882827264999948e-04
5.774641972199999604e-04
1.280920582924999999e-03
2.414850279285000144e-03
6.383604216550000342e-03
1.382764268615000076e-02
2.744529839149999900e-02
5.095334089300000008e-02
8.026752341350000541e-02
1.063164083825000050e-01
9.967032044000000146e-02
6.643988072749999751e-02
3.092058292384999851e-02
1.006887572968250162e-02
3.107807315948500192e-03
