6.000000000000000000e+01
0.000000000000000000e+00
0.000000000000000000e+00
0.000000000000000000e+00
0.000000000000000000e+00
0.000000000000000000e+00
0.000000000000000000e+00
0.000000000000000000e+00
0.000000000000000000e+00
0.000000000000000000e+00
0.000000000000000000e+00
0.000000000000000000e+00
0.000000000000000000e+00
0.000000000000000000e+00
0.000000000000000000e+00
0.000000000000000000e+00
0.000000000000000000e+00
0.000000000000000000e+00
1.049934904035000038e-05
1.049934904035000038e-05
1.364915375245000131e-04
3.149804712109999846e-04
6.719583385850000498e-04
1.721893242619999993e-03
4.189240267104999901e-03
9.323421947850000016e-03
2.322456007729034946e-02
5.471210784930700260e-02
1.030301121332849873e-01
1.468438956786499994e-01
1.558103397588500028e-01
1.558103397588500028e-01
1.468438956786499994e-01
1.030301121332849873e-01
5.471210784930700260e-02
2.322456007729034946e-02
9.323421947850000016e-03
4.189240267104999901e-03
1.721893242619999993e-03
6.719583385850000498e-04
3.149804712109999846e-04
1.364915375245000131e-04
1.049934904035000038e-05
1.049934904035000038e-05
0.000000000000000000e+00
0.000000000000000000e+00
0.000000000000000000e+00
0.000000000000000000e+00
0.000000000000000000e+00
0.000000000000000000e+00
0.000000000000000000e+00
0.000000000000000000e+00
0.000000000000000000e+00
0.000000000000000000e+00
0.000000000000000000e+00
0.000000000000000000e+00
0.000000000000000000e+00
0.000000000000000000e+00
0.000000000000000000e+00
0.000000000000000000e+00
0.000000000000000000e+00
