6.000000000000000000e+01
1.994876317670999885e-04
6.929570366650000422e-04
3.034311872665350178e-03
1.062534122884999967e-02
2.872621897439999947e-02
6.335307210950000267e-02
1.047205073284999954e-01
1.232413590355000005e-01
9.733946495299999890e-02
4.936793918775000262e-02
1.488807693925000078e-02
3.391289740034999882e-03
3.884759144935000198e-04
2.099869808070000077e-05
1.049934904035000038e-05
0.000000000000000000e+00
0.000000000000000000e+00
0.000000000000000000e+00
0.000000000000000000e+00
0.000000000000000000e+00
0.000000000000000000e+00
0.000000000000000000e+00
0.000000000000000000e+00
0.000000000000000000e+00
0.000000000000000000e+00
0.000000000000000000e+00
0.000000000000000000e+00
0.000000000000000000e+00
0.000000000000000000e+00
0.000000000000000000e+00
0.000000000000000000e+00
0.000000000000000000e+00
0.000000000000000000e+00
0.000000000000000000e+00
0.000000000000000000e+00
0.000000000000000000e+00
0.000000000000000000e+00
0.000000000000000000e+00
0.000000000000000000e+00
0.000000000000000000e+00
0.000000000000000000e+00
0.000000000000000000e+00
0.000000000000000000e+00
0.000000000000000000e+00
0.000000000000000000e+00
1.049934904035000038e-05
2.099869808070000077e-05
3.884759144935000198e-04
3.391289740034999882e-03
1.488807693925000078e-02
4.936793918775000262e-02
9.733946495299999890e-02
1.232413590355000005e-01
1.047205073284999954e-01
6.335307210950000267e-02
2.872621897439999947e-02
1.062534122884999967e-02
3.034311872665350178e-03
6.929570366650000422e-04
1.994876317670999885e-04
