6.000000000000000000e+01
1.510646339930000193e-01
1.226638948383000083e-01
8.251438410814999902e-02
4.924194699929999863e-02
2.409600604764999821e-02
1.104531519047999982e-02
6.236613329974999807e-03
3.475284532360000192e-03
2.089370459029999891e-03
1.280920582923499897e-03
8.819453193910000571e-04
7.769518289870000396e-04
7.139557347456999955e-04
8.294485741900000080e-04
1.123430347319999932e-03
1.721893242619999993e-03
2.530343118724999885e-03
3.380790390995000103e-03
3.895258493975000194e-03
4.819201209525000168e-03
4.241737012304999666e-03
4.504220738315000035e-03
4.745705766239999637e-03
3.821763050690000097e-03
3.464785183319999979e-03
2.435848977365000136e-03
1.438410818530000065e-03
5.879635462599999566e-04
2.519843769688499802e-04
1.259921884844999898e-04
1.259921884844999898e-04
2.519843769688499802e-04
5.879635462599999566e-04
1.438410818530000065e-03
2.435848977365000136e-03
3.464785183319999979e-03
3.821763050690000097e-03
4.745705766239999637e-03
4.504220738315000035e-03
4.241737012304999666e-03
4.819201209525000168e-03
3.895258493975000194e-03
3.380790390995000103e-03
2.530343118724999885e-03
1.721893242619999993e-03
1.123430347319999932e-03
8.294485741900000080e-04
7.139557347456999955e-04
7.769518289870000396e-04
8.819453193910000571e-04
1.280920582923499897e-03
2.089370459029999891e-03
3.475284532360000192e-03
6.236613329974999807e-03
1.104531519047999982e-02
2.409600604764999821e-02
4.924194699929999863e-02
8.251438410814999902e-02
1.226638948383000083e-01
1.510646339930000193e-01
