6.000000000000000000e+01
1.469908865650000162e-04
1.679895846456999967e-04
4.514720087355000248e-04
1.154928394440699882e-03
2.677334005290000173e-03
6.404602914630700729e-03
1.046785099322109988e-02
1.663096887991144870e-02
2.181764730585199902e-02
2.412750409472299781e-02
2.256310108774749884e-02
1.908781655539350253e-02
1.484607954306499909e-02
1.092982235100499987e-02
9.974381588355001049e-03
1.023686531435499987e-02
1.418462055350500073e-02
2.308806853973499953e-02
3.527781277560100570e-02
4.821301079331699602e-02
5.695896854386299502e-02
5.569904665904035213e-02
4.279534668850200341e-02
2.742429969339999982e-02
1.475158540169034874e-02
6.163117886690350558e-03
2.299357439840350043e-03
8.819453193914500010e-04
3.149804712105000047e-04
2.624837260089999758e-04
2.624837260089999758e-04
3.149804712105000047e-04
8.819453193914500010e-04
2.299357439840350043e-03
6.163117886690350558e-03
1.475158540169034874e-02
2.742429969339999982e-02
4.279534668850200341e-02
5.569904665904035213e-02
5.695896854386299502e-02
4.821301079331699602e-02
3.527781277560100570e-02
2.308806853973499953e-02
1.418462055350500073e-02
1.023686531435499987e-02
9.974381588355001049e-03
1.092982235100499987e-02
1.484607954306499909e-02
1.908781655539350253e-02
2.256310108774749884e-02
2.412750409472299781e-02
2.181764730585199902e-02
1.663096887991144870e-02
1.046785099322109988e-02
6.404602914630700729e-03
2.677334005290000173e-03
1.154928394440699882e-03
4.514720087355000248e-04
1.679895846456999967e-04
1.469908865650000162e-04
