6.000000000000000000e+01
9.438914787274998996e-02
9.008441476614999222e-02
8.292385872054999774e-02
6.999916005185000123e-02
5.685397505348500219e-02
4.382428289447500014e-02
3.043761286799599730e-02
1.722943177521145050e-02
8.420477930390348961e-03
3.496283230440000184e-03
1.364915375244999968e-03
5.774641972199999604e-04
2.519843769684999998e-04
8.399479232284999834e-05
3.149804712109999981e-05
2.099869808070000077e-05
1.049934904035000038e-05
0.000000000000000000e+00
0.000000000000000000e+00
0.000000000000000000e+00
0.000000000000000000e+00
0.000000000000000000e+00
0.000000000000000000e+00
0.000000000000000000e+00
0.000000000000000000e+00
0.000000000000000000e+00
0.000000000000000000e+00
0.000000000000000000e+00
0.000000000000000000e+00
0.000000000000000000e+00
0.000000000000000000e+00
0.000000000000000000e+00
0.000000000000000000e+00
0.000000000000000000e+00
0.000000000000000000e+00
0.000000000000000000e+00
0.000000000000000000e+00
0.000000000000000000e+00
0.000000000000000000e+00
0.000000000000000000e+00
0.000000000000000000e+00
0.000000000000000000e+00
0.000000000000000000e+00
1.049934904035000038e-05
2.099869808070000077e-05
3.149804712109999981e-05
8.399479232284999834e-05
2.519843769684999998e-04
5.774641972199999604e-04
1.364915375244999968e-03
3.496283230440000184e-03
8.420477930390348961e-03
1.722943177521145050e-02
3.043761286799599730e-02
4.382428289447500014e-02
5.685397505348500219e-02
6.999916005185000123e-02
8.292385872054999774e-02
9.008441476614999222e-02
9.438914787274998996e-02
