6.000000000000000000e+01
0.000000000000000000e+00
0.000000000000000000e+00
0.000000000000000000e+00
0.000000000000000000e+00
0.000000000000000000e+00
0.000000000000000000e+00
0.000000000000000000e+00
0.000000000000000000e+00
0.000000000000000000e+00
0.000000000000000000e+00
0.000000000000000000e+00
0.000000000000000000e+00
0.000000000000000000e+00
0.000000000000000000e+00
0.000000000000000000e+00
0.000000000000000000e+00
1.049934904035000038e-05
7.349544328249999457e-05
2.834824240895000022e-04
1.070933602115000044e-03
3.590777371804999840e-03
1.108731258659999969e-02
2.981815127460000006e-02
6.394103565599999761e-02
1.046155138379999960e-01
1.231153668475000046e-01
9.669900466149999874e-02
4.778253748269999795e-02
1.470958800556144974e-02
3.202301457308999975e-03
3.202301457308999975e-03
1.470958800556144974e-02
4.778253748269999795e-02
9.669900466149999874e-02
1.231153668475000046e-01
1.046155138379999960e-01
6.394103565599999761e-02
2.981815127460000006e-02
1.108731258659999969e-02
3.590777371804999840e-03
1.070933602115000044e-03
2.834824240895000022e-04
7.349544328249999457e-05
1.049934904035000038e-05
0.000000000000000000e+00
0.000000000000000000e+00
0.000000000000000000e+00
0.000000000000000000e+00
0.000000000000000000e+00
0.000000000000000000e+00
0.000000000000000000e+00
0.000000000000000000e+00
0.000000000000000000e+00
0.000000000000000000e+00
0.000000000000000000e+00
0.000000000000000000e+00
0.000000000000000000e+00
0.000000000000000000e+00
0.000000000000000000e+00
0.000000000000000000e+00
