6.000000000000000000e+01
5.774641972199999820e-03
1.253622275418199948e-02
2.641636218552450080e-02
5.053336693104035215e-02
7.635126622149999986e-02
9.234177480999999910e-02
9.187980345200000287e-02
6.902272059149999750e-02
4.365629330979999695e-02
2.042123388349999930e-02
7.633026752350000228e-03
2.624837260089999975e-03
6.824576876250000460e-04
9.449414136299999392e-05
2.099869808070000077e-05
1.049934904035000038e-05
0.000000000000000000e+00
0.000000000000000000e+00
0.000000000000000000e+00
0.000000000000000000e+00
0.000000000000000000e+00
0.000000000000000000e+00
0.000000000000000000e+00
0.000000000000000000e+00
0.000000000000000000e+00
0.000000000000000000e+00
0.000000000000000000e+00
0.000000000000000000e+00
0.000000000000000000e+00
0.000000000000000000e+00
0.000000000000000000e+00
0.000000000000000000e+00
0.000000000000000000e+00
0.000000000000000000e+00
0.000000000000000000e+00
0.000000000000000000e+00
0.000000000000000000e+00
0.000000000000000000e+00
0.000000000000000000e+00
0.000000000000000000e+00
0.000000000000000000e+00
0.000000000000000000e+00
0.000000000000000000e+00
0.000000000000000000e+00
1.049934904035000038e-05
2.099869808070000077e-05
9.449414136299999392e-05
6.824576876250000460e-04
2.624837260089999975e-03
7.633026752350000228e-03
2.042123388349999930e-02
4.365629330979999695e-02
6.902272059149999750e-02
9.187980345200000287e-02
9.234177480999999910e-02
7.635126622149999986e-02
5.053336693104035215e-02
2.641636218552450080e-02
1.253622275418199948e-02
5.774641972199999820e-03
