6.000000000000000000e+01
1.843685691484999931e-02
2.546092142287000037e-02
3.739868128175999340e-02
5.848137415493499802e-02
7.938557809434999835e-02
9.030490109598500459e-02
8.172693293005998949e-02
5.821889042883199999e-02
3.194951912979599601e-02
1.281970517827450001e-02
4.210238965181999256e-03
1.301919281006100023e-03
2.309856788880000004e-04
5.249674520200000200e-05
1.049934904035000038e-05
1.049934904035000038e-05
0.000000000000000000e+00
0.000000000000000000e+00
0.000000000000000000e+00
0.000000000000000000e+00
0.000000000000000000e+00
0.000000000000000000e+00
0.000000000000000000e+00
0.000000000000000000e+00
0.000000000000000000e+00
0.000000000000000000e+00
0.000000000000000000e+00
0.000000000000000000e+00
0.000000000000000000e+00
0.000000000000000000e+00
0.000000000000000000e+00
0.000000000000000000e+00
0.000000000000000000e+00
0.000000000000000000e+00
0.000000000000000000e+00
0.000000000000000000e+00
0.000000000000000000e+00
0.000000000000000000e+00
0.000000000000000000e+00
0.000000000000000000e+00
0.000000000000000000e+00
0.000000000000000000e+00
0.000000000000000000e+00
0.000000000000000000e+00
1.049934904035000038e-05
1.049934904035000038e-05
5.249674520200000200e-05
2.309856788880000004e-04
1.301919281006100023e-03
4.210238965181999256e-03
1.281970517827450001e-02
3.194951912979599601e-02
5.821889042883199999e-02
8.172693293005998949e-02
9.030490109598500459e-02
7.938557809434999835e-02
5.848137415493499802e-02
3.739868128175999340e-02
2.546092142287000037e-02
1.843685691484999931e-02
