6.000000000000000000e+01
5.144681029775000298e-04
6.929570366639999741e-04
5.774641972199999604e-04
6.719583385809999943e-04
7.874511780250000080e-04
8.714459703479999651e-04
1.070933602118999883e-03
1.091932300196999956e-03
8.399479232270000168e-04
5.354668010584999818e-04
3.149804712109999846e-04
1.889882827265999853e-04
5.774641972203499408e-04
9.554407626703499429e-04
2.026374364789999914e-03
3.989752635334999943e-03
7.349544328249999620e-03
1.192726050984999932e-02
1.798538490614999888e-02
2.648985762884999845e-02
3.644324051910000084e-02
4.700558565369999942e-02
5.337869052099999956e-02
6.008777455804034662e-02
6.024526479350000158e-02
5.594053168704034990e-02
4.556717483516299627e-02
3.152954516818350095e-02
1.870983998992500202e-02
1.163327873671500014e-02
1.163327873671500014e-02
1.870983998992500202e-02
3.152954516818350095e-02
4.556717483516299627e-02
5.594053168704034990e-02
6.024526479350000158e-02
6.008777455804034662e-02
5.337869052099999956e-02
4.700558565369999942e-02
3.644324051910000084e-02
2.648985762884999845e-02
1.798538490614999888e-02
1.192726050984999932e-02
7.349544328249999620e-03
3.989752635334999943e-03
2.026374364789999914e-03
9.554407626703499429e-04
5.774641972203499408e-04
1.889882827265999853e-04
3.149804712109999846e-04
5.354668010584999818e-04
8.399479232270000168e-04
1.091932300196999956e-03
1.070933602118999883e-03
8.714459703479999651e-04
7.874511780250000080e-04
6.719583385809999943e-04
5.774641972199999604e-04
6.929570366639999741e-04
5.144681029775000298e-04
