6.000000000000000000e+01
4.150392675654999974e-02
5.931082272894000473e-02
8.493973373667999816e-02
9.785393305622649973e-02
9.061988156758070401e-02
6.506446600300000438e-02
3.734618453655000336e-02
1.626349166349999945e-02
5.260173869200000102e-03
1.291419931964999995e-03
4.199739616145000223e-04
6.299609424200000498e-05
3.149804712109999981e-05
1.049934904035000038e-05
0.000000000000000000e+00
2.099869808070000077e-05
0.000000000000000000e+00
0.000000000000000000e+00
0.000000000000000000e+00
0.000000000000000000e+00
0.000000000000000000e+00
0.000000000000000000e+00
0.000000000000000000e+00
0.000000000000000000e+00
0.000000000000000000e+00
0.000000000000000000e+00
0.000000000000000000e+00
0.000000000000000000e+00
0.000000000000000000e+00
0.000000000000000000e+00
0.000000000000000000e+00
0.000000000000000000e+00
0.000000000000000000e+00
0.000000000000000000e+00
0.000000000000000000e+00
0.000000000000000000e+00
0.000000000000000000e+00
0.000000000000000000e+00
0.000000000000000000e+00
0.000000000000000000e+00
0.000000000000000000e+00
0.000000000000000000e+00
0.000000000000000000e+00
0.000000000000000000e+00
2.099869808070000077e-05
0.000000000000000000e+00
1.049934904035000038e-05
3.149804712109999981e-05
6.299609424200000498e-05
4.199739616145000223e-04
1.291419931964999995e-03
5.260173869200000102e-03
1.626349166349999945e-02
3.734618453655000336e-02
6.506446600300000438e-02
9.061988156758070401e-02
9.785393305622649973e-02
8.493973373667999816e-02
5.931082272894000473e-02
4.150392675654999974e-02
