6.000000000000000000e+01
5.669648481795000385e-04
1.784889336860349951e-03
7.958506572599999274e-03
2.736130359919999866e-02
7.136407542750000665e-02
1.246902692035000010e-01
1.379194489939999935e-01
8.931796228650000502e-02
3.184452563939999675e-02
6.341606820400000170e-03
8.189492251500000118e-04
3.149804712109999981e-05
0.000000000000000000e+00
0.000000000000000000e+00
0.000000000000000000e+00
0.000000000000000000e+00
0.000000000000000000e+00
0.000000000000000000e+00
0.000000000000000000e+00
0.000000000000000000e+00
0.000000000000000000e+00
0.000000000000000000e+00
0.000000000000000000e+00
0.000000000000000000e+00
0.000000000000000000e+00
0.000000000000000000e+00
0.000000000000000000e+00
0.000000000000000000e+00
0.000000000000000000e+00
0.000000000000000000e+00
0.000000000000000000e+00
0.000000000000000000e+00
0.000000000000000000e+00
0.000000000000000000e+00
0.000000000000000000e+00
0.000000000000000000e+00
0.000000000000000000e+00
0.000000000000000000e+00
0.000000000000000000e+00
0.000000000000000000e+00
0.000000000000000000e+00
0.000000000000000000e+00
0.000000000000000000e+00
0.000000000000000000e+00
0.000000000000000000e+00
0.000000000000000000e+00
0.000000000000000000e+00
0.000000000000000000e+00
3.149804712109999981e-05
8.189492251500000118e-04
6.341606820400000170e-03
3.184452563939999675e-02
8.931796228650000502e-02
1.379194489939999935e-01
1.246902692035000010e-01
7.136407542750000665e-02
2.736130359919999866e-02
7.958506572599999274e-03
1.784889336860349951e-03
5.669648481795000385e-04
