6.000000000000000000e+01
0.000000000000000000e+00
4.199739616144999681e-05
1.889882827264999948e-04
1.312418630044999987e-03
7.013565158950000114e-03
2.881021376675000148e-02
7.950107093350000653e-02
1.368275166940000065e-01
1.380454411825000061e-01
7.969005921650000601e-02
2.436898912264999842e-02
3.800764352610000105e-03
3.884759144935000198e-04
1.049934904035000038e-05
0.000000000000000000e+00
0.000000000000000000e+00
0.000000000000000000e+00
0.000000000000000000e+00
0.000000000000000000e+00
0.000000000000000000e+00
0.000000000000000000e+00
0.000000000000000000e+00
0.000000000000000000e+00
0.000000000000000000e+00
0.000000000000000000e+00
0.000000000000000000e+00
0.000000000000000000e+00
0.000000000000000000e+00
0.000000000000000000e+00
0.000000000000000000e+00
0.000000000000000000e+00
0.000000000000000000e+00
0.000000000000000000e+00
0.000000000000000000e+00
0.000000000000000000e+00
0.000000000000000000e+00
0.000000000000000000e+00
0.000000000000000000e+00
0.000000000000000000e+00
0.000000000000000000e+00
0.000000000000000000e+00
0.000000000000000000e+00
0.000000000000000000e+00
0.000000000000000000e+00
0.000000000000000000e+00
0.000000000000000000e+00
1.049934904035000038e-05
3.884759144935000198e-04
3.800764352610000105e-03
2.436898912264999842e-02
7.969005921650000601e-02
1.380454411825000061e-01
1.368275166940000065e-01
7.950107093350000653e-02
2.881021376675000148e-02
7.013565158950000114e-03
1.312418630044999987e-03
1.889882827264999948e-04
4.199739616144999681e-05
0.000000000000000000e+00
