6.000000000000000000e+01
0.000000000000000000e+00
0.000000000000000000e+00
0.000000000000000000e+00
0.000000000000000000e+00
0.000000000000000000e+00
0.000000000000000000e+00
0.000000000000000000e+00
0.000000000000000000e+00
0.000000000000000000e+00
0.000000000000000000e+00
0.000000000000000000e+00
0.000000000000000000e+00
0.000000000000000000e+00
1.049934904035000038e-05
2.099869808070000077e-05
1.049934904034999971e-04
6.719583385850000498e-04
2.015875015750000134e-03
7.192054092650000327e-03
2.498845071604999940e-02
6.394103565599999761e-02
1.184326571755000002e-01
1.379509470414999883e-01
9.687749359550000550e-02
3.811263701650000058e-02
8.546470118849999742e-03
1.060434253075000048e-03
7.349544328249999457e-05
0.000000000000000000e+00
0.000000000000000000e+00
0.000000000000000000e+00
0.000000000000000000e+00
7.349544328249999457e-05
1.060434253075000048e-03
8.546470118849999742e-03
3.811263701650000058e-02
9.687749359550000550e-02
1.379509470414999883e-01
1.184326571755000002e-01
6.394103565599999761e-02
2.498845071604999940e-02
7.192054092650000327e-03
2.015875015750000134e-03
6.719583385850000498e-04
1.049934904034999971e-04
2.099869808070000077e-05
1.049934904035000038e-05
0.000000000000000000e+00
0.000000000000000000e+00
0.000000000000000000e+00
0.000000000000000000e+00
0.000000000000000000e+00
0.000000000000000000e+00
0.000000000000000000e+00
0.000000000000000000e+00
0.000000000000000000e+00
0.000000000000000000e+00
0.000000000000000000e+00
0.000000000000000000e+00
0.000000000000000000e+00
