6.000000000000000000e+01
1.322917979083999915e-03
5.039687539371999481e-03
1.599050858845000103e-02
4.280584603754999939e-02
8.274536978700000600e-02
1.079753055310000015e-01
1.001532904959999970e-01
7.624627273100000047e-02
4.458023602535000213e-02
1.830036537735000093e-02
4.189240267104999901e-03
6.299609424200000498e-04
2.099869808070000077e-05
0.000000000000000000e+00
0.000000000000000000e+00
0.000000000000000000e+00
0.000000000000000000e+00
0.000000000000000000e+00
0.000000000000000000e+00
0.000000000000000000e+00
0.000000000000000000e+00
0.000000000000000000e+00
0.000000000000000000e+00
0.000000000000000000e+00
0.000000000000000000e+00
0.000000000000000000e+00
0.000000000000000000e+00
0.000000000000000000e+00
0.000000000000000000e+00
0.000000000000000000e+00
0.000000000000000000e+00
0.000000000000000000e+00
0.000000000000000000e+00
0.000000000000000000e+00
0.000000000000000000e+00
0.000000000000000000e+00
0.000000000000000000e+00
0.000000000000000000e+00
0.000000000000000000e+00
0.000000000000000000e+00
0.000000000000000000e+00
0.000000000000000000e+00
0.000000000000000000e+00
0.000000000000000000e+00
0.000000000000000000e+00
0.000000000000000000e+00
0.000000000000000000e+00
2.099869808070000077e-05
6.299609424200000498e-04
4.189240267104999901e-03
1.830036537735000093e-02
4.458023602535000213e-02
7.624627273100000047e-02
1.001532904959999970e-01
1.079753055310000015e-01
8.274536978700000600e-02
4.280584603754999939e-02
1.599050858845000103e-02
5.039687539371999481e-03
1.322917979083999915e-03
