6.000000000000000000e+01
0.000000000000000000e+00
0.000000000000000000e+00
0.000000000000000000e+00
0.000000000000000000e+00
0.000000000000000000e+00
0.000000000000000000e+00
0.000000000000000000e+00
0.000000000000000000e+00
0.000000000000000000e+00
0.000000000000000000e+00
0.000000000000000000e+00
0.000000000000000000e+00
0.000000000000000000e+00
1.049934904035000038e-05
0.000000000000000000e+00
1.049934904034999971e-04
8.399479232300000042e-04
3.023812523624999984e-03
1.302969215909999950e-02
3.987652765529999671e-02
9.203729368799999644e-02
1.397043383309999887e-01
1.286065263954999927e-01
6.444500440950000353e-02
1.621099491830000142e-02
2.015875015750000134e-03
9.449414136299999392e-05
0.000000000000000000e+00
0.000000000000000000e+00
0.000000000000000000e+00
0.000000000000000000e+00
0.000000000000000000e+00
0.000000000000000000e+00
9.449414136299999392e-05
2.015875015750000134e-03
1.621099491830000142e-02
6.444500440950000353e-02
1.286065263954999927e-01
1.397043383309999887e-01
9.203729368799999644e-02
3.987652765529999671e-02
1.302969215909999950e-02
3.023812523624999984e-03
8.399479232300000042e-04
1.049934904034999971e-04
0.000000000000000000e+00
1.049934904035000038e-05
0.000000000000000000e+00
0.000000000000000000e+00
0.000000000000000000e+00
0.000000000000000000e+00
0.000000000000000000e+00
0.000000000000000000e+00
0.000000000000000000e+00
0.000000000000000000e+00
0.000000000000000000e+00
0.000000000000000000e+00
0.000000000000000000e+00
0.000000000000000000e+00
0.000000000000000000e+00
