6.000000000000000000e+01
0.000000000000000000e+00
0.000000000000000000e+00
0.000000000000000000e+00
0.000000000000000000e+00
0.000000000000000000e+00
0.000000000000000000e+00
0.000000000000000000e+00
0.000000000000000000e+00
0.000000000000000000e+00
0.000000000000000000e+00
0.000000000000000000e+00
0.000000000000000000e+00
0.000000000000000000e+00
0.000000000000000000e+00
0.000000000000000000e+00
0.000000000000000000e+00
0.000000000000000000e+00
0.000000000000000000e+00
1.364915375245000131e-04
5.984628952999999528e-04
2.960816429380000100e-03
1.118180672799999956e-02
2.919868968125000075e-02
5.888034941849999704e-02
9.483012053250000628e-02
1.145268993319999984e-01
1.012767208435000066e-01
5.874385788099999867e-02
2.175465121160199966e-02
5.911133509699999927e-03
5.911133509699999927e-03
2.175465121160199966e-02
5.874385788099999867e-02
1.012767208435000066e-01
1.145268993319999984e-01
9.483012053250000628e-02
5.888034941849999704e-02
2.919868968125000075e-02
1.118180672799999956e-02
2.960816429380000100e-03
5.984628952999999528e-04
1.364915375245000131e-04
0.000000000000000000e+00
0.000000000000000000e+00
0.000000000000000000e+00
0.000000000000000000e+00
0.000000000000000000e+00
0.000000000000000000e+00
0.000000000000000000e+00
0.000000000000000000e+00
0.000000000000000000e+00
0.000000000000000000e+00
0.000000000000000000e+00
0.000000000000000000e+00
0.000000000000000000e+00
0.000000000000000000e+00
0.000000000000000000e+00
0.000000000000000000e+00
0.000000000000000000e+00
0.000000000000000000e+00
