#ALA170-3  Hist_01796
     -180 0.062922000
     -174 0.051566000
     -168 0.031260000
     -162 0.015248000
     -156 0.006550000
     -150 0.002438000
     -144 0.000880000
     -138 0.000448000
     -132 0.000216000
     -126 0.000222000
     -120 0.000158000
     -114 0.000232000
     -108 0.000414000
     -102 0.000966000
      -96 0.002368000
      -90 0.006002000
      -84 0.013876000
      -78 0.028810000
      -72 0.048776000
      -66 0.064902000
      -60 0.066866000
      -54 0.052316000
      -48 0.031732000
      -42 0.015850000
      -36 0.006766000
      -30 0.002666000
      -24 0.001004000
      -18 0.000384000
      -12 0.000248000
       -6 0.000186000
        0 0.000188000
        6 0.000252000
       12 0.000456000
       18 0.000992000
       24 0.002514000
       30 0.006058000
       36 0.013912000
       42 0.027942000
       48 0.046400000
       54 0.061408000
       60 0.063510000
       66 0.050410000
       72 0.031526000
       78 0.015800000
       84 0.006464000
       90 0.002668000
       96 0.001064000
      102 0.000484000
      108 0.000184000
      114 0.000212000
      120 0.000164000
      126 0.000276000
      132 0.000410000
      138 0.000924000
      144 0.002196000
      150 0.005158000
      156 0.012128000
      162 0.025466000
      168 0.043970000
      174 0.060592000
