#ASP159-3  Hist_01678
     -180 0.047568000
     -174 0.077706000
     -168 0.088796000
     -162 0.069838000
     -156 0.038164000
     -150 0.016128000
     -144 0.005542000
     -138 0.001668000
     -132 0.000528000
     -126 0.000280000
     -120 0.000272000
     -114 0.000386000
     -108 0.000980000
     -102 0.002820000
      -96 0.008504000
      -90 0.023452000
      -84 0.049740000
      -78 0.085348000
      -72 0.118914000
      -66 0.124680000
      -60 0.094724000
      -54 0.053242000
      -48 0.024046000
      -42 0.009388000
      -36 0.003580000
      -30 0.001210000
      -24 0.000414000
      -18 0.000188000
      -12 0.000096000
       -6 0.000056000
        0 0.000034000
        6 0.000086000
       12 0.000082000
       18 0.000182000
       24 0.000358000
       30 0.000678000
       36 0.001272000
       42 0.002094000
       48 0.003164000
       54 0.004178000
       60 0.004264000
       66 0.003072000
       72 0.001740000
       78 0.000724000
       84 0.000210000
       90 0.000068000
       96 0.000008000
      102 0.000006000
      108 0.000004000
      114 0.000002000
      120 0.000002000
      126 0.000000000
      132 0.000002000
      138 0.000004000
      144 0.000014000
      150 0.000100000
      156 0.000462000
      162 0.001796000
      168 0.006732000
      174 0.020404000
