#ILE3-3   Hist_00032
    -180 0.001162000
    -174 0.001486000
    -168 0.001128000
    -162 0.000608000
    -156 0.000218000
    -150 0.000068000
    -144 0.000020000
    -138 0.000008000
    -132 0.000010000
    -126 0.000002000
    -120 0.000018000
    -114 0.000044000
    -108 0.000210000
    -102 0.001048000
     -96 0.005082000
     -90 0.018878000
     -84 0.054424000
     -78 0.112844000
     -72 0.176162000
     -66 0.202912000
     -60 0.178246000
     -54 0.122044000
     -48 0.066252000
     -42 0.028036000
     -36 0.010246000
     -30 0.003618000
     -24 0.001050000
     -18 0.000312000
     -12 0.000084000
      -6 0.000026000
       0 0.000012000
       6 0.000004000
      12 0.000002000
      18 0.000006000
      24 0.000020000
      30 0.000048000
      36 0.000178000
      42 0.000468000
      48 0.001088000
      54 0.002068000
      60 0.002974000
      66 0.002802000
      72 0.001850000
      78 0.000922000
      84 0.000264000
      90 0.000082000
      96 0.000016000
     102 0.000002000
     108 0.000000000
     114 0.000000000
     120 0.000000000
     126 0.000000000
     132 0.000002000
     138 0.000000000
     144 0.000000000
     150 0.000012000
     156 0.000028000
     162 0.000084000
     168 0.000222000
     174 0.000600000
