#ALA22-3  Hist_00242
    -180 0.074572000
    -174 0.061272000
    -168 0.036286000
    -162 0.015774000
    -156 0.005326000
    -150 0.001568000
    -144 0.000416000
    -138 0.000114000
    -132 0.000060000
    -126 0.000026000
    -120 0.000018000
    -114 0.000032000
    -108 0.000054000
    -102 0.000216000
     -96 0.000644000
     -90 0.002048000
     -84 0.006922000
     -78 0.019018000
     -72 0.042032000
     -66 0.067360000
     -60 0.077860000
     -54 0.064114000
     -48 0.038338000
     -42 0.016878000
     -36 0.005846000
     -30 0.001806000
     -24 0.000506000
     -18 0.000164000
     -12 0.000064000
      -6 0.000024000
       0 0.000022000
       6 0.000032000
      12 0.000070000
      18 0.000148000
      24 0.000628000
      30 0.002302000
      36 0.007222000
      42 0.019844000
      48 0.042258000
      54 0.065736000
      60 0.074136000
      66 0.059152000
      72 0.034724000
      78 0.015224000
      84 0.005146000
      90 0.001492000
      96 0.000458000
     102 0.000162000
     108 0.000040000
     114 0.000032000
     120 0.000026000
     126 0.000026000
     132 0.000062000
     138 0.000168000
     144 0.000454000
     150 0.001938000
     156 0.006546000
     162 0.017718000
     168 0.040212000
     174 0.064664000
