#MET36-3  Hist_00376
    -180 0.028988000
    -174 0.024176000
    -168 0.015474000
    -162 0.007738000
    -156 0.003280000
    -150 0.001194000
    -144 0.000480000
    -138 0.000158000
    -132 0.000090000
    -126 0.000036000
    -120 0.000056000
    -114 0.000098000
    -108 0.000188000
    -102 0.000504000
     -96 0.001306000
     -90 0.003488000
     -84 0.007396000
     -78 0.012732000
     -72 0.016268000
     -66 0.014638000
     -60 0.010192000
     -54 0.005252000
     -48 0.001904000
     -42 0.000580000
     -36 0.000188000
     -30 0.000056000
     -24 0.000016000
     -18 0.000022000
     -12 0.000006000
      -6 0.000002000
       0 0.000000000
       6 0.000012000
      12 0.000022000
      18 0.000056000
      24 0.000234000
      30 0.000990000
      36 0.004384000
      42 0.017886000
      48 0.053906000
      54 0.119576000
      60 0.180416000
      66 0.181910000
      72 0.125644000
      78 0.062438000
      84 0.024380000
      90 0.008388000
      96 0.002430000
     102 0.000822000
     108 0.000284000
     114 0.000148000
     120 0.000052000
     126 0.000072000
     132 0.000136000
     138 0.000212000
     144 0.000548000
     150 0.001506000
     156 0.004054000
     162 0.009106000
     168 0.017780000
     174 0.026102000
