#ILE50-3  Hist_00532
    -180 0.009496000
    -174 0.009676000
    -168 0.006964000
    -162 0.003416000
    -156 0.001344000
    -150 0.000458000
    -144 0.000138000
    -138 0.000052000
    -132 0.000014000
    -126 0.000010000
    -120 0.000008000
    -114 0.000054000
    -108 0.000124000
    -102 0.000640000
     -96 0.002698000
     -90 0.010834000
     -84 0.037720000
     -78 0.102684000
     -72 0.192004000
     -66 0.235802000
     -60 0.193176000
     -54 0.109952000
     -48 0.044218000
     -42 0.013394000
     -36 0.003478000
     -30 0.000812000
     -24 0.000158000
     -18 0.000060000
     -12 0.000012000
      -6 0.000010000
       0 0.000004000
       6 0.000000000
      12 0.000012000
      18 0.000028000
      24 0.000078000
      30 0.000216000
      36 0.000580000
      42 0.001258000
      48 0.001962000
      54 0.002142000
      60 0.001948000
      66 0.001398000
      72 0.000794000
      78 0.000426000
      84 0.000180000
      90 0.000058000
      96 0.000014000
     102 0.000000000
     108 0.000000000
     114 0.000000000
     120 0.000000000
     126 0.000000000
     132 0.000000000
     138 0.000000000
     144 0.000004000
     150 0.000038000
     156 0.000204000
     162 0.000726000
     168 0.002518000
     174 0.006006000
