#ILE13-4  Hist_00144
    -180 0.062610000
    -174 0.026554000
    -168 0.009234000
    -162 0.002836000
    -156 0.000670000
    -150 0.000184000
    -144 0.000052000
    -138 0.000012000
    -132 0.000002000
    -126 0.000018000
    -120 0.000032000
    -114 0.000118000
    -108 0.000330000
    -102 0.000880000
     -96 0.001720000
     -90 0.002050000
     -84 0.001386000
     -78 0.000776000
     -72 0.000444000
     -66 0.000306000
     -60 0.000162000
     -54 0.000042000
     -48 0.000014000
     -42 0.000000000
     -36 0.000000000
     -30 0.000002000
     -24 0.000000000
     -18 0.000000000
     -12 0.000000000
      -6 0.000000000
       0 0.000000000
       6 0.000000000
      12 0.000000000
      18 0.000000000
      24 0.000000000
      30 0.000006000
      36 0.000026000
      42 0.000084000
      48 0.000186000
      54 0.000644000
      60 0.001330000
      66 0.002400000
      72 0.004068000
      78 0.006080000
      84 0.008860000
      90 0.010788000
      96 0.010486000
     102 0.008744000
     108 0.006882000
     114 0.005622000
     120 0.006042000
     126 0.007876000
     132 0.012770000
     138 0.024208000
     144 0.048186000
     150 0.092664000
     156 0.150708000
     162 0.187774000
     168 0.174078000
     174 0.119054000
