#PRO162-4  Hist_01714
     -180 0.000000000
     -174 0.000000000
     -168 0.000000000
     -162 0.000000000
     -156 0.000000000
     -150 0.000000000
     -144 0.000000000
     -138 0.000000000
     -132 0.000000000
     -126 0.000000000
     -120 0.000000000
     -114 0.000000000
     -108 0.000000000
     -102 0.000000000
      -96 0.000000000
      -90 0.000000000
      -84 0.000000000
      -78 0.000000000
      -72 0.000000000
      -66 0.000000000
      -60 0.000010000
      -54 0.000900000
      -48 0.026508000
      -42 0.152070000
      -36 0.256580000
      -30 0.189658000
      -24 0.087622000
      -18 0.034638000
      -12 0.015914000
       -6 0.009910000
        0 0.009314000
        6 0.012044000
       12 0.019594000
       18 0.034346000
       24 0.052482000
       30 0.056820000
       36 0.033400000
       42 0.007696000
       48 0.000488000
       54 0.000006000
       60 0.000000000
       66 0.000000000
       72 0.000000000
       78 0.000000000
       84 0.000000000
       90 0.000000000
       96 0.000000000
      102 0.000000000
      108 0.000000000
      114 0.000000000
      120 0.000000000
      126 0.000000000
      132 0.000000000
      138 0.000000000
      144 0.000000000
      150 0.000000000
      156 0.000000000
      162 0.000000000
      168 0.000000000
      174 0.000000000
