#ILE183-4  Hist_01918
     -180 0.104678000
     -174 0.078724000
     -168 0.045252000
     -162 0.019690000
     -156 0.006680000
     -150 0.001814000
     -144 0.000488000
     -138 0.000116000
     -132 0.000050000
     -126 0.000028000
     -120 0.000022000
     -114 0.000030000
     -108 0.000070000
     -102 0.000168000
      -96 0.000462000
      -90 0.001696000
      -84 0.004694000
      -78 0.012036000
      -72 0.022688000
      -66 0.027570000
      -60 0.021738000
      -54 0.010494000
      -48 0.003128000
      -42 0.000570000
      -36 0.000082000
      -30 0.000008000
      -24 0.000002000
      -18 0.000000000
      -12 0.000000000
       -6 0.000000000
        0 0.000000000
        6 0.000000000
       12 0.000000000
       18 0.000002000
       24 0.000000000
       30 0.000000000
       36 0.000010000
       42 0.000070000
       48 0.000128000
       54 0.000334000
       60 0.000708000
       66 0.001000000
       72 0.001680000
       78 0.003866000
       84 0.009444000
       90 0.016470000
       96 0.018936000
      102 0.016400000
      108 0.012350000
      114 0.009710000
      120 0.009210000
      126 0.010720000
      132 0.015994000
      138 0.025636000
      144 0.041278000
      150 0.058672000
      156 0.076544000
      162 0.091028000
      168 0.104806000
      174 0.112026000
