#ASP25-4  Hist_00272
    -180 0.080794000
    -174 0.095064000
    -168 0.088966000
    -162 0.066966000
    -156 0.041050000
    -150 0.020168000
    -144 0.008574000
    -138 0.003000000
    -132 0.001030000
    -126 0.000326000
    -120 0.000120000
    -114 0.000044000
    -108 0.000004000
    -102 0.000006000
     -96 0.000002000
     -90 0.000002000
     -84 0.000000000
     -78 0.000000000
     -72 0.000008000
     -66 0.000006000
     -60 0.000026000
     -54 0.000040000
     -48 0.000088000
     -42 0.000166000
     -36 0.000414000
     -30 0.000994000
     -24 0.003060000
     -18 0.008388000
     -12 0.020684000
      -6 0.042344000
       0 0.069304000
       6 0.091506000
      12 0.093432000
      18 0.075526000
      24 0.048290000
      30 0.024684000
      36 0.010240000
      42 0.003528000
      48 0.001136000
      54 0.000308000
      60 0.000082000
      66 0.000034000
      72 0.000018000
      78 0.000000000
      84 0.000004000
      90 0.000000000
      96 0.000002000
     102 0.000002000
     108 0.000006000
     114 0.000010000
     120 0.000028000
     126 0.000040000
     132 0.000090000
     138 0.000184000
     144 0.000452000
     150 0.001214000
     156 0.003920000
     162 0.011754000
     168 0.027920000
     174 0.053952000
