#ASP30-4  Hist_00316
    -180 0.003340000
    -174 0.002404000
    -168 0.002286000
    -162 0.002120000
    -156 0.002042000
    -150 0.001758000
    -144 0.001350000
    -138 0.001006000
    -132 0.000948000
    -126 0.000954000
    -120 0.001310000
    -114 0.002166000
    -108 0.003646000
    -102 0.006250000
     -96 0.009954000
     -90 0.015104000
     -84 0.021678000
     -78 0.029832000
     -72 0.038842000
     -66 0.046416000
     -60 0.052654000
     -54 0.056692000
     -48 0.056444000
     -42 0.051802000
     -36 0.042794000
     -30 0.032260000
     -24 0.022098000
     -18 0.013950000
     -12 0.008556000
      -6 0.005138000
       0 0.003664000
       6 0.003014000
      12 0.002850000
      18 0.003030000
      24 0.002630000
      30 0.002200000
      36 0.001800000
      42 0.001352000
      48 0.001124000
      54 0.000960000
      60 0.001024000
      66 0.001648000
      72 0.002480000
      78 0.004460000
      84 0.007298000
      90 0.011414000
      96 0.016296000
     102 0.022066000
     108 0.028740000
     114 0.034924000
     120 0.040350000
     126 0.045052000
     132 0.048124000
     138 0.047164000
     144 0.041634000
     150 0.033436000
     156 0.024180000
     162 0.016396000
     168 0.009448000
     174 0.005448000
