#LEU76-2  Hist_00798
    -180 0.279594000
    -174 0.238794000
    -168 0.126438000
    -162 0.042304000
    -156 0.008994000
    -150 0.001220000
    -144 0.000090000
    -138 0.000002000
    -132 0.000000000
    -126 0.000000000
    -120 0.000000000
    -114 0.000000000
    -108 0.000000000
    -102 0.000000000
     -96 0.000000000
     -90 0.000000000
     -84 0.000000000
     -78 0.000000000
     -72 0.000000000
     -66 0.000000000
     -60 0.000000000
     -54 0.000000000
     -48 0.000000000
     -42 0.000000000
     -36 0.000000000
     -30 0.000000000
     -24 0.000000000
     -18 0.000000000
     -12 0.000000000
      -6 0.000000000
       0 0.000000000
       6 0.000000000
      12 0.000000000
      18 0.000000000
      24 0.000000000
      30 0.000000000
      36 0.000000000
      42 0.000000000
      48 0.000000000
      54 0.000000000
      60 0.000000000
      66 0.000000000
      72 0.000000000
      78 0.000000000
      84 0.000000000
      90 0.000000000
      96 0.000000000
     102 0.000000000
     108 0.000000000
     114 0.000000000
     120 0.000000000
     126 0.000000000
     132 0.000000000
     138 0.000000000
     144 0.000010000
     150 0.000228000
     156 0.002568000
     162 0.019176000
     168 0.081462000
     174 0.199120000
