#ILE3-2   Hist_00030
    -180 0.219914000
    -174 0.096952000
    -168 0.027524000
    -162 0.005510000
    -156 0.000812000
    -150 0.000080000
    -144 0.000014000
    -138 0.000000000
    -132 0.000000000
    -126 0.000000000
    -120 0.000000000
    -114 0.000000000
    -108 0.000000000
    -102 0.000000000
     -96 0.000000000
     -90 0.000000000
     -84 0.000000000
     -78 0.000000000
     -72 0.000000000
     -66 0.000000000
     -60 0.000000000
     -54 0.000000000
     -48 0.000000000
     -42 0.000000000
     -36 0.000000000
     -30 0.000000000
     -24 0.000000000
     -18 0.000000000
     -12 0.000000000
      -6 0.000000000
       0 0.000000000
       6 0.000000000
      12 0.000000000
      18 0.000000000
      24 0.000000000
      30 0.000000000
      36 0.000000000
      42 0.000000000
      48 0.000000000
      54 0.000000000
      60 0.000000000
      66 0.000000000
      72 0.000000000
      78 0.000000000
      84 0.000000000
      90 0.000000000
      96 0.000000000
     102 0.000000000
     108 0.000000000
     114 0.000000000
     120 0.000000000
     126 0.000000000
     132 0.000000000
     138 0.000014000
     144 0.000200000
     150 0.003058000
     156 0.022536000
     162 0.096684000
     168 0.229280000
     174 0.297422000
