#ILE114-2  Hist_01204
     -180 0.207606000
     -174 0.208206000
     -168 0.158460000
     -162 0.083064000
     -156 0.027366000
     -150 0.005618000
     -144 0.000878000
     -138 0.000094000
     -132 0.000006000
     -126 0.000000000
     -120 0.000000000
     -114 0.000000000
     -108 0.000000000
     -102 0.000000000
      -96 0.000000000
      -90 0.000000000
      -84 0.000000000
      -78 0.000000000
      -72 0.000000000
      -66 0.000000000
      -60 0.000000000
      -54 0.000000000
      -48 0.000000000
      -42 0.000000000
      -36 0.000000000
      -30 0.000000000
      -24 0.000000000
      -18 0.000000000
      -12 0.000000000
       -6 0.000000000
        0 0.000000000
        6 0.000000000
       12 0.000000000
       18 0.000000000
       24 0.000000000
       30 0.000000000
       36 0.000000000
       42 0.000000000
       48 0.000000000
       54 0.000000000
       60 0.000000000
       66 0.000000000
       72 0.000000000
       78 0.000000000
       84 0.000000000
       90 0.000000000
       96 0.000000000
      102 0.000000000
      108 0.000000000
      114 0.000000000
      120 0.000000000
      126 0.000000000
      132 0.000004000
      138 0.000022000
      144 0.000256000
      150 0.002038000
      156 0.010584000
      162 0.038620000
      168 0.094364000
      174 0.162814000
