#GLN101-2  Hist_01054
     -180 0.217324000
     -174 0.146226000
     -168 0.071472000
     -162 0.025558000
     -156 0.007010000
     -150 0.001344000
     -144 0.000152000
     -138 0.000028000
     -132 0.000002000
     -126 0.000000000
     -120 0.000000000
     -114 0.000000000
     -108 0.000000000
     -102 0.000000000
      -96 0.000000000
      -90 0.000000000
      -84 0.000000000
      -78 0.000000000
      -72 0.000000000
      -66 0.000000000
      -60 0.000000000
      -54 0.000000000
      -48 0.000000000
      -42 0.000000000
      -36 0.000000000
      -30 0.000000000
      -24 0.000000000
      -18 0.000000000
      -12 0.000000000
       -6 0.000000000
        0 0.000000000
        6 0.000000000
       12 0.000000000
       18 0.000000000
       24 0.000000000
       30 0.000000000
       36 0.000000000
       42 0.000000000
       48 0.000000000
       54 0.000000000
       60 0.000000000
       66 0.000000000
       72 0.000000000
       78 0.000000000
       84 0.000000000
       90 0.000000000
       96 0.000000000
      102 0.000000000
      108 0.000000000
      114 0.000000000
      120 0.000002000
      126 0.000000000
      132 0.000022000
      138 0.000264000
      144 0.001592000
      150 0.008690000
      156 0.032644000
      162 0.088502000
      168 0.171174000
      174 0.227994000
