#GLU34-2  Hist_00350
    -180 0.244646489
    -174 0.210436421
    -168 0.117346235
    -162 0.043276087
    -156 0.011382023
    -150 0.002312005
    -144 0.000332001
    -138 0.000056000
    -132 0.000004000
    -126 0.000000000
    -120 0.000000000
    -114 0.000000000
    -108 0.000000000
    -102 0.000000000
     -96 0.000000000
     -90 0.000000000
     -84 0.000000000
     -78 0.000000000
     -72 0.000000000
     -66 0.000000000
     -60 0.000000000
     -54 0.000000000
     -48 0.000000000
     -42 0.000000000
     -36 0.000000000
     -30 0.000000000
     -24 0.000000000
     -18 0.000000000
     -12 0.000000000
      -6 0.000000000
       0 0.000000000
       6 0.000000000
      12 0.000000000
      18 0.000000000
      24 0.000000000
      30 0.000000000
      36 0.000000000
      42 0.000000000
      48 0.000000000
      54 0.000000000
      60 0.000000000
      66 0.000000000
      72 0.000000000
      78 0.000000000
      84 0.000000000
      90 0.000000000
      96 0.000000000
     102 0.000000000
     108 0.000000000
     114 0.000000000
     120 0.000002000
     126 0.000006000
     132 0.000044000
     138 0.000502001
     144 0.002868006
     150 0.010440021
     156 0.024158048
     162 0.046574093
     168 0.099948200
     174 0.185666371
