#ILE149-2  Hist_01568
     -180 0.300618000
     -174 0.160354000
     -168 0.043672000
     -162 0.006188000
     -156 0.000550000
     -150 0.000048000
     -144 0.000000000
     -138 0.000002000
     -132 0.000000000
     -126 0.000000000
     -120 0.000000000
     -114 0.000000000
     -108 0.000000000
     -102 0.000000000
      -96 0.000000000
      -90 0.000000000
      -84 0.000000000
      -78 0.000000000
      -72 0.000000000
      -66 0.000000000
      -60 0.000000000
      -54 0.000000000
      -48 0.000000000
      -42 0.000000000
      -36 0.000000000
      -30 0.000000000
      -24 0.000000000
      -18 0.000000000
      -12 0.000000000
       -6 0.000000000
        0 0.000000000
        6 0.000000000
       12 0.000000000
       18 0.000000000
       24 0.000000000
       30 0.000000000
       36 0.000000000
       42 0.000000000
       48 0.000000000
       54 0.000000000
       60 0.000000000
       66 0.000000000
       72 0.000000000
       78 0.000000000
       84 0.000000000
       90 0.000000000
       96 0.000000000
      102 0.000000000
      108 0.000000000
      114 0.000000000
      120 0.000000000
      126 0.000000000
      132 0.000000000
      138 0.000004000
      144 0.000070000
      150 0.000654000
      156 0.006546000
      162 0.040828000
      168 0.149216000
      174 0.291250000
