#ASN197-1  Hist_02056
     -180 0.000378000
     -174 0.000088000
     -168 0.000008000
     -162 0.000002000
     -156 0.000000000
     -150 0.000000000
     -144 0.000000000
     -138 0.000000000
     -132 0.000000000
     -126 0.000000000
     -120 0.000000000
     -114 0.000000000
     -108 0.000000000
     -102 0.000000000
      -96 0.000000000
      -90 0.000000000
      -84 0.000000000
      -78 0.000000000
      -72 0.000000000
      -66 0.000000000
      -60 0.000000000
      -54 0.000000000
      -48 0.000000000
      -42 0.000000000
      -36 0.000000000
      -30 0.000000000
      -24 0.000000000
      -18 0.000000000
      -12 0.000000000
       -6 0.000000000
        0 0.000000000
        6 0.000000000
       12 0.000000000
       18 0.000000000
       24 0.000000000
       30 0.000002000
       36 0.000002000
       42 0.000012000
       48 0.000024000
       54 0.000128000
       60 0.000224000
       66 0.000486000
       72 0.000920000
       78 0.001734000
       84 0.003218000
       90 0.005908000
       96 0.010472000
      102 0.016844000
      108 0.027158000
      114 0.044528000
      120 0.070264000
      126 0.104746000
      132 0.141904000
      138 0.166292000
      144 0.163992000
      150 0.126418000
      156 0.072308000
      162 0.030070000
      168 0.009620000
      174 0.002250000
