#ASP25-1  Hist_00266
    -180 0.000012000
    -174 0.000002000
    -168 0.000000000
    -162 0.000000000
    -156 0.000000000
    -150 0.000000000
    -144 0.000000000
    -138 0.000000000
    -132 0.000000000
    -126 0.000000000
    -120 0.000000000
    -114 0.000000000
    -108 0.000000000
    -102 0.000000000
     -96 0.000000000
     -90 0.000000000
     -84 0.000000000
     -78 0.000000000
     -72 0.000000000
     -66 0.000000000
     -60 0.000000000
     -54 0.000000000
     -48 0.000000000
     -42 0.000000000
     -36 0.000000000
     -30 0.000000000
     -24 0.000000000
     -18 0.000000000
     -12 0.000000000
      -6 0.000000000
       0 0.000000000
       6 0.000000000
      12 0.000000000
      18 0.000000000
      24 0.000000000
      30 0.000000000
      36 0.000000000
      42 0.000000000
      48 0.000000000
      54 0.000000000
      60 0.000000000
      66 0.000008000
      72 0.000102000
      78 0.000710000
      84 0.006072000
      90 0.037340000
      96 0.138602000
     102 0.277848000
     108 0.294560000
     114 0.169578000
     120 0.057402000
     126 0.013612000
     132 0.002972000
     138 0.000726000
     144 0.000204000
     150 0.000060000
     156 0.000076000
     162 0.000054000
     168 0.000040000
     174 0.000020000
