#CYS166-1  Hist_01750
     -180 0.000000000
     -174 0.000000000
     -168 0.000000000
     -162 0.000000000
     -156 0.000000000
     -150 0.000000000
     -144 0.000002000
     -138 0.000002000
     -132 0.000002000
     -126 0.000006000
     -120 0.000006000
     -114 0.000008000
     -108 0.000012000
     -102 0.000002000
      -96 0.000006000
      -90 0.000020000
      -84 0.000014000
      -78 0.000060000
      -72 0.000046000
      -66 0.000068000
      -60 0.000076000
      -54 0.000110000
      -48 0.000108000
      -42 0.000120000
      -36 0.000154000
      -30 0.000210000
      -24 0.000342000
      -18 0.000414000
      -12 0.000786000
       -6 0.001580000
        0 0.003904000
        6 0.011470000
       12 0.032076000
       18 0.075322000
       24 0.140174000
       30 0.198524000
       36 0.209262000
       42 0.163440000
       48 0.095732000
       54 0.043392000
       60 0.015488000
       66 0.004330000
       72 0.001124000
       78 0.000252000
       84 0.000074000
       90 0.000098000
       96 0.000162000
      102 0.000304000
      108 0.000312000
      114 0.000250000
      120 0.000102000
      126 0.000042000
      132 0.000010000
      138 0.000002000
      144 0.000000000
      150 0.000000000
      156 0.000000000
      162 0.000000000
      168 0.000000000
      174 0.000000000
