#GLY94-1  Hist_00982
    -180 0.000000000
    -174 0.000000000
    -168 0.000000000
    -162 0.000000000
    -156 0.000000000
    -150 0.000000000
    -144 0.000000000
    -138 0.000000000
    -132 0.000000000
    -126 0.000000000
    -120 0.000000000
    -114 0.000000000
    -108 0.000000000
    -102 0.000000000
     -96 0.000000000
     -90 0.000000000
     -84 0.000000000
     -78 0.000000000
     -72 0.000000000
     -66 0.000000000
     -60 0.000000000
     -54 0.000000000
     -48 0.000002000
     -42 0.000002000
     -36 0.000008000
     -30 0.000084000
     -24 0.000382000
     -18 0.001586000
     -12 0.006092000
      -6 0.020134000
       0 0.050938000
       6 0.104252000
      12 0.163036000
      18 0.195846000
      24 0.181730000
      30 0.131160000
      36 0.075990000
      42 0.035886000
      48 0.014612000
      54 0.005494000
      60 0.001926000
      66 0.000826000
      72 0.000558000
      78 0.000452000
      84 0.000614000
      90 0.000818000
      96 0.001070000
     102 0.001220000
     108 0.001372000
     114 0.001236000
     120 0.001040000
     126 0.000818000
     132 0.000470000
     138 0.000218000
     144 0.000096000
     150 0.000026000
     156 0.000002000
     162 0.000004000
     168 0.000000000
     174 0.000000000
