#GLN2-1   Hist_00014
    -180 0.000814000
    -174 0.000128000
    -168 0.000022000
    -162 0.000004000
    -156 0.000000000
    -150 0.000000000
    -144 0.000000000
    -138 0.000000000
    -132 0.000000000
    -126 0.000000000
    -120 0.000000000
    -114 0.000000000
    -108 0.000000000
    -102 0.000000000
     -96 0.000000000
     -90 0.000000000
     -84 0.000000000
     -78 0.000000000
     -72 0.000000000
     -66 0.000000000
     -60 0.000000000
     -54 0.000000000
     -48 0.000000000
     -42 0.000000000
     -36 0.000000000
     -30 0.000000000
     -24 0.000000000
     -18 0.000000000
     -12 0.000000000
      -6 0.000000000
       0 0.000002000
       6 0.000000000
      12 0.000000000
      18 0.000002000
      24 0.000000000
      30 0.000002000
      36 0.000016000
      42 0.000058000
      48 0.000226000
      54 0.000664000
      60 0.001532000
      66 0.003162000
      72 0.006094000
      78 0.009518000
      84 0.014446000
      90 0.019184000
      96 0.024210000
     102 0.029794000
     108 0.036742000
     114 0.048322000
     120 0.067132000
     126 0.096396000
     132 0.126366000
     138 0.143822000
     144 0.137146000
     150 0.108034000
     156 0.070748000
     162 0.037108000
     168 0.014228000
     174 0.004078000
