#HID168-1  Hist_01766
     -180 0.000594000
     -174 0.000196000
     -168 0.000036000
     -162 0.000004000
     -156 0.000000000
     -150 0.000000000
     -144 0.000000000
     -138 0.000000000
     -132 0.000000000
     -126 0.000000000
     -120 0.000000000
     -114 0.000000000
     -108 0.000000000
     -102 0.000000000
      -96 0.000000000
      -90 0.000000000
      -84 0.000000000
      -78 0.000000000
      -72 0.000000000
      -66 0.000000000
      -60 0.000000000
      -54 0.000000000
      -48 0.000000000
      -42 0.000000000
      -36 0.000000000
      -30 0.000000000
      -24 0.000000000
      -18 0.000000000
      -12 0.000000000
       -6 0.000000000
        0 0.000000000
        6 0.000000000
       12 0.000000000
       18 0.000000000
       24 0.000000000
       30 0.000000000
       36 0.000000000
       42 0.000000000
       48 0.000000000
       54 0.000000000
       60 0.000004000
       66 0.000010000
       72 0.000024000
       78 0.000106000
       84 0.000384000
       90 0.001728000
       96 0.006242000
      102 0.018520000
      108 0.047624000
      114 0.095306000
      120 0.152066000
      126 0.188406000
      132 0.180748000
      138 0.137570000
      144 0.085936000
      150 0.045578000
      156 0.022400000
      162 0.010332000
      168 0.004378000
      174 0.001808000
