#ILE146-1  Hist_01544
     -180 0.004062000
     -174 0.000936000
     -168 0.000200000
     -162 0.000026000
     -156 0.000010000
     -150 0.000004000
     -144 0.000000000
     -138 0.000000000
     -132 0.000000000
     -126 0.000000000
     -120 0.000000000
     -114 0.000000000
     -108 0.000000000
     -102 0.000000000
      -96 0.000000000
      -90 0.000000000
      -84 0.000000000
      -78 0.000000000
      -72 0.000000000
      -66 0.000000000
      -60 0.000000000
      -54 0.000000000
      -48 0.000000000
      -42 0.000000000
      -36 0.000000000
      -30 0.000000000
      -24 0.000000000
      -18 0.000000000
      -12 0.000000000
       -6 0.000000000
        0 0.000000000
        6 0.000000000
       12 0.000000000
       18 0.000000000
       24 0.000000000
       30 0.000000000
       36 0.000000000
       42 0.000000000
       48 0.000000000
       54 0.000000000
       60 0.000000000
       66 0.000000000
       72 0.000000000
       78 0.000006000
       84 0.000006000
       90 0.000042000
       96 0.000166000
      102 0.000518000
      108 0.001664000
      114 0.005926000
      120 0.016652000
      126 0.041186000
      132 0.085056000
      138 0.141148000
      144 0.192640000
      150 0.202894000
      156 0.158966000
      162 0.092174000
      168 0.041346000
      174 0.014372000
