#ILE171-1  Hist_01800
     -180 0.000002000
     -174 0.000000000
     -168 0.000000000
     -162 0.000000000
     -156 0.000000000
     -150 0.000000000
     -144 0.000000000
     -138 0.000000000
     -132 0.000000000
     -126 0.000000000
     -120 0.000000000
     -114 0.000000000
     -108 0.000000000
     -102 0.000000000
      -96 0.000000000
      -90 0.000000000
      -84 0.000000000
      -78 0.000000000
      -72 0.000000000
      -66 0.000000000
      -60 0.000000000
      -54 0.000000000
      -48 0.000000000
      -42 0.000000000
      -36 0.000000000
      -30 0.000000000
      -24 0.000000000
      -18 0.000000000
      -12 0.000000000
       -6 0.000000000
        0 0.000000000
        6 0.000000000
       12 0.000000000
       18 0.000000000
       24 0.000002000
       30 0.000002000
       36 0.000002000
       42 0.000000000
       48 0.000014000
       54 0.000018000
       60 0.000036000
       66 0.000072000
       72 0.000174000
       78 0.000570000
       84 0.001398000
       90 0.004330000
       96 0.010866000
      102 0.025634000
      108 0.056054000
      114 0.107608000
      120 0.170746000
      126 0.210246000
      132 0.192448000
      138 0.128234000
      144 0.062342000
      150 0.021994000
      156 0.005826000
      162 0.001182000
      168 0.000182000
      174 0.000018000
