#ILE112-1  Hist_01176
     -180 0.002772000
     -174 0.000330000
     -168 0.000034000
     -162 0.000002000
     -156 0.000000000
     -150 0.000000000
     -144 0.000000000
     -138 0.000000000
     -132 0.000000000
     -126 0.000000000
     -120 0.000000000
     -114 0.000000000
     -108 0.000000000
     -102 0.000000000
      -96 0.000000000
      -90 0.000000000
      -84 0.000000000
      -78 0.000000000
      -72 0.000000000
      -66 0.000000000
      -60 0.000000000
      -54 0.000000000
      -48 0.000000000
      -42 0.000000000
      -36 0.000000000
      -30 0.000000000
      -24 0.000000000
      -18 0.000000000
      -12 0.000000000
       -6 0.000000000
        0 0.000000000
        6 0.000000000
       12 0.000000000
       18 0.000000000
       24 0.000000000
       30 0.000000000
       36 0.000000000
       42 0.000000000
       48 0.000000000
       54 0.000000000
       60 0.000000000
       66 0.000000000
       72 0.000004000
       78 0.000010000
       84 0.000036000
       90 0.000248000
       96 0.001006000
      102 0.004892000
      108 0.016602000
      114 0.045136000
      120 0.091088000
      126 0.135640000
      132 0.150622000
      138 0.133438000
      144 0.108194000
      150 0.095264000
      156 0.089736000
      162 0.071698000
      168 0.039388000
      174 0.013860000
