#ILE3-1   Hist_00028
    -180 0.000002000
    -174 0.000000000
    -168 0.000000000
    -162 0.000000000
    -156 0.000000000
    -150 0.000000000
    -144 0.000000000
    -138 0.000000000
    -132 0.000000000
    -126 0.000000000
    -120 0.000000000
    -114 0.000000000
    -108 0.000000000
    -102 0.000000000
     -96 0.000000000
     -90 0.000000000
     -84 0.000000000
     -78 0.000000000
     -72 0.000000000
     -66 0.000000000
     -60 0.000000000
     -54 0.000000000
     -48 0.000000000
     -42 0.000000000
     -36 0.000000000
     -30 0.000000000
     -24 0.000000000
     -18 0.000000000
     -12 0.000000000
      -6 0.000000000
       0 0.000000000
       6 0.000000000
      12 0.000000000
      18 0.000000000
      24 0.000000000
      30 0.000000000
      36 0.000000000
      42 0.000000000
      48 0.000000000
      54 0.000002000
      60 0.000004000
      66 0.000028000
      72 0.000076000
      78 0.000396000
      84 0.001588000
      90 0.005534000
      96 0.017744000
     102 0.047170000
     108 0.100478000
     114 0.167536000
     120 0.210682000
     126 0.195810000
     132 0.136154000
     138 0.071270000
     144 0.030452000
     150 0.011004000
     156 0.003068000
     162 0.000796000
     168 0.000180000
     174 0.000026000
