#ILE184-1  Hist_01922
     -180 0.000000000
     -174 0.000000000
     -168 0.000000000
     -162 0.000000000
     -156 0.000000000
     -150 0.000000000
     -144 0.000000000
     -138 0.000000000
     -132 0.000000000
     -126 0.000000000
     -120 0.000000000
     -114 0.000000000
     -108 0.000000000
     -102 0.000000000
      -96 0.000000000
      -90 0.000000000
      -84 0.000000000
      -78 0.000000000
      -72 0.000000000
      -66 0.000000000
      -60 0.000000000
      -54 0.000000000
      -48 0.000000000
      -42 0.000000000
      -36 0.000000000
      -30 0.000000000
      -24 0.000000000
      -18 0.000000000
      -12 0.000000000
       -6 0.000000000
        0 0.000000000
        6 0.000000000
       12 0.000000000
       18 0.000000000
       24 0.000000000
       30 0.000000000
       36 0.000000000
       42 0.000000000
       48 0.000000000
       54 0.000002000
       60 0.000004000
       66 0.000024000
       72 0.000094000
       78 0.000296000
       84 0.001154000
       90 0.004158000
       96 0.013010000
      102 0.038214000
      108 0.088918000
      114 0.163382000
      120 0.224300000
      126 0.219306000
      132 0.149278000
      138 0.069064000
      144 0.022280000
      150 0.005234000
      156 0.001040000
      162 0.000208000
      168 0.000032000
      174 0.000002000
