#ILE66-1  Hist_00702
    -180 0.000000000
    -174 0.000000000
    -168 0.000000000
    -162 0.000000000
    -156 0.000000000
    -150 0.000000000
    -144 0.000000000
    -138 0.000000000
    -132 0.000000000
    -126 0.000000000
    -120 0.000000000
    -114 0.000000000
    -108 0.000000000
    -102 0.000000000
     -96 0.000000000
     -90 0.000000000
     -84 0.000000000
     -78 0.000000000
     -72 0.000000000
     -66 0.000000000
     -60 0.000000000
     -54 0.000000000
     -48 0.000000000
     -42 0.000000000
     -36 0.000000000
     -30 0.000000000
     -24 0.000000000
     -18 0.000000000
     -12 0.000000000
      -6 0.000000000
       0 0.000000000
       6 0.000000000
      12 0.000000000
      18 0.000000000
      24 0.000000000
      30 0.000000000
      36 0.000000000
      42 0.000000000
      48 0.000004000
      54 0.000010000
      60 0.000034000
      66 0.000112000
      72 0.000434000
      78 0.001712000
      84 0.006358000
      90 0.020234000
      96 0.055070000
     102 0.114756000
     108 0.180364000
     114 0.210798000
     120 0.188102000
     126 0.130962000
     132 0.064448000
     138 0.021156000
     144 0.004640000
     150 0.000658000
     156 0.000122000
     162 0.000022000
     168 0.000004000
     174 0.000000000
