#ILE50-1  Hist_00528
    -180 0.000000000
    -174 0.000000000
    -168 0.000000000
    -162 0.000000000
    -156 0.000000000
    -150 0.000000000
    -144 0.000000000
    -138 0.000000000
    -132 0.000000000
    -126 0.000000000
    -120 0.000000000
    -114 0.000000000
    -108 0.000000000
    -102 0.000000000
     -96 0.000000000
     -90 0.000000000
     -84 0.000000000
     -78 0.000000000
     -72 0.000000000
     -66 0.000000000
     -60 0.000004000
     -54 0.000010000
     -48 0.000046000
     -42 0.000090000
     -36 0.000172000
     -30 0.000236000
     -24 0.000212000
     -18 0.000218000
     -12 0.000154000
      -6 0.000108000
       0 0.000084000
       6 0.000058000
      12 0.000036000
      18 0.000008000
      24 0.000024000
      30 0.000016000
      36 0.000020000
      42 0.000028000
      48 0.000082000
      54 0.000132000
      60 0.000232000
      66 0.000502000
      72 0.000988000
      78 0.002572000
      84 0.007262000
      90 0.020258000
      96 0.050544000
     102 0.108934000
     108 0.175900000
     114 0.215162000
     120 0.197270000
     126 0.130196000
     132 0.062268000
     138 0.020772000
     144 0.004564000
     150 0.000752000
     156 0.000084000
     162 0.000002000
     168 0.000000000
     174 0.000000000
