#ILE72-1  Hist_00762
    -180 0.000004000
    -174 0.000000000
    -168 0.000000000
    -162 0.000000000
    -156 0.000000000
    -150 0.000000000
    -144 0.000000000
    -138 0.000000000
    -132 0.000000000
    -126 0.000000000
    -120 0.000000000
    -114 0.000000000
    -108 0.000000000
    -102 0.000000000
     -96 0.000000000
     -90 0.000000000
     -84 0.000000000
     -78 0.000000000
     -72 0.000000000
     -66 0.000000000
     -60 0.000000000
     -54 0.000000000
     -48 0.000000000
     -42 0.000000000
     -36 0.000000000
     -30 0.000000000
     -24 0.000000000
     -18 0.000000000
     -12 0.000000000
      -6 0.000000000
       0 0.000004000
       6 0.000000000
      12 0.000004000
      18 0.000002000
      24 0.000000000
      30 0.000000000
      36 0.000004000
      42 0.000002000
      48 0.000002000
      54 0.000010000
      60 0.000018000
      66 0.000014000
      72 0.000068000
      78 0.000200000
      84 0.000762000
      90 0.002284000
      96 0.006516000
     102 0.017556000
     108 0.043192000
     114 0.093172000
     120 0.163830000
     126 0.222382000
     132 0.216534000
     138 0.143198000
     144 0.065160000
     150 0.019836000
     156 0.004430000
     162 0.000706000
     168 0.000088000
     174 0.000022000
