#LEU123-1  Hist_01294
     -180 0.000004000
     -174 0.000000000
     -168 0.000000000
     -162 0.000000000
     -156 0.000000000
     -150 0.000000000
     -144 0.000000000
     -138 0.000000000
     -132 0.000000000
     -126 0.000000000
     -120 0.000000000
     -114 0.000000000
     -108 0.000000000
     -102 0.000000000
      -96 0.000000000
      -90 0.000000000
      -84 0.000000000
      -78 0.000000000
      -72 0.000000000
      -66 0.000000000
      -60 0.000002000
      -54 0.000002000
      -48 0.000000000
      -42 0.000000000
      -36 0.000002000
      -30 0.000002000
      -24 0.000002000
      -18 0.000006000
      -12 0.000018000
       -6 0.000036000
        0 0.000060000
        6 0.000124000
       12 0.000180000
       18 0.000218000
       24 0.000296000
       30 0.000576000
       36 0.000736000
       42 0.001310000
       48 0.001994000
       54 0.002812000
       60 0.004338000
       66 0.007434000
       72 0.015554000
       78 0.033876000
       84 0.071924000
       90 0.135474000
       96 0.203744000
      102 0.224970000
      108 0.169684000
      114 0.084148000
      120 0.026520000
      126 0.006268000
      132 0.002140000
      138 0.001740000
      144 0.001514000
      150 0.001222000
      156 0.000744000
      162 0.000246000
      168 0.000068000
      174 0.000012000
