#LYS119-1  Hist_01248
     -180 0.090876000
     -174 0.049956000
     -168 0.021532000
     -162 0.007958000
     -156 0.002584000
     -150 0.000698000
     -144 0.000202000
     -138 0.000024000
     -132 0.000002000
     -126 0.000000000
     -120 0.000000000
     -114 0.000000000
     -108 0.000000000
     -102 0.000000000
      -96 0.000000000
      -90 0.000000000
      -84 0.000000000
      -78 0.000000000
      -72 0.000000000
      -66 0.000000000
      -60 0.000000000
      -54 0.000000000
      -48 0.000000000
      -42 0.000000000
      -36 0.000000000
      -30 0.000000000
      -24 0.000000000
      -18 0.000000000
      -12 0.000000000
       -6 0.000000000
        0 0.000000000
        6 0.000000000
       12 0.000000000
       18 0.000000000
       24 0.000000000
       30 0.000000000
       36 0.000000000
       42 0.000000000
       48 0.000000000
       54 0.000000000
       60 0.000000000
       66 0.000000000
       72 0.000000000
       78 0.000000000
       84 0.000000000
       90 0.000008000
       96 0.000040000
      102 0.000124000
      108 0.000572000
      114 0.001572000
      120 0.004364000
      126 0.010412000
      132 0.023016000
      138 0.043530000
      144 0.073424000
      150 0.106786000
      156 0.135666000
      162 0.149592000
      168 0.148528000
      174 0.128534000
