#TYR158-1  Hist_01662
     -180 0.004644000
     -174 0.000932000
     -168 0.000138000
     -162 0.000014000
     -156 0.000000000
     -150 0.000000000
     -144 0.000000000
     -138 0.000000000
     -132 0.000000000
     -126 0.000000000
     -120 0.000000000
     -114 0.000000000
     -108 0.000000000
     -102 0.000000000
      -96 0.000000000
      -90 0.000000000
      -84 0.000000000
      -78 0.000000000
      -72 0.000000000
      -66 0.000000000
      -60 0.000000000
      -54 0.000000000
      -48 0.000000000
      -42 0.000000000
      -36 0.000000000
      -30 0.000000000
      -24 0.000000000
      -18 0.000000000
      -12 0.000000000
       -6 0.000000000
        0 0.000000000
        6 0.000000000
       12 0.000000000
       18 0.000000000
       24 0.000000000
       30 0.000000000
       36 0.000000000
       42 0.000000000
       48 0.000000000
       54 0.000000000
       60 0.000002000
       66 0.000006000
       72 0.000046000
       78 0.000190000
       84 0.000706000
       90 0.002096000
       96 0.005278000
      102 0.011078000
      108 0.019004000
      114 0.029104000
      120 0.041128000
      126 0.057366000
      132 0.081206000
      138 0.114714000
      144 0.151262000
      150 0.168182000
      156 0.148140000
      162 0.098768000
      168 0.048374000
      174 0.017622000
